200.0000000000	0.3613453320
201.0006253909	0.3658222379
202.0012507817	0.3671130410
203.0018761726	0.3748727559
204.0025015635	0.3804702673
205.0031269543	0.3641759165
206.0037523452	0.3699434411
207.0043777361	0.3630745748
208.0050031270	0.3558013247
209.0056285178	0.3580340416
210.0062539087	0.3694504047
211.0068792996	0.3670762533
212.0075046904	0.3611771155
213.0081300813	0.3590203943
214.0087554722	0.3492746238
215.0093808630	0.3453007816
216.0100062539	0.3694757717
217.0106316448	0.3544890981
218.0112570356	0.3536639736
219.0118824265	0.3474850415
220.0125078174	0.3514388400
221.0131332083	0.3594249146
222.0137585991	0.3508927183
223.0143839900	0.3583398795
224.0150093809	0.3397135269
225.0156347717	0.3326706471
226.0162601626	0.3311242784
227.0168855535	0.3387925537
228.0175109443	0.3490335047
229.0181363352	0.3381504207
230.0187617261	0.3309801617
231.0193871169	0.3272984956
232.0200125078	0.3407873526
233.0206378987	0.3583571804
234.0212632896	0.3558828292
235.0218886804	0.3505578983
236.0225140713	0.3310309189
237.0231394622	0.3237773658
238.0237648530	0.3292775125
239.0243902439	0.3264696443
240.0250156348	0.3410641449
241.0256410256	0.3322906708
242.0262664165	0.3318058383
243.0268918074	0.3320195008
244.0275171982	0.3288916387
245.0281425891	0.3283635928
246.0287679800	0.3291658793
247.0293933709	0.3114087572
248.0300187617	0.3083306425
249.0306441526	0.3080934345
250.0312695435	0.3135684391
251.0318949343	0.3032560121
252.0325203252	0.3029131597
253.0331457161	0.3186615481
254.0337711069	0.3333641043
255.0343964978	0.3172536927
256.0350218887	0.3268359531
257.0356472795	0.3281884795
258.0362726704	0.3249950728
259.0368980613	0.3258221446
260.0375234522	0.3223891808
261.0381488430	0.3090983129
262.0387742339	0.3207648670
263.0393996248	0.3120135651
264.0400250156	0.3173588225
265.0406504065	0.3149058771
266.0412757974	0.3139648643
267.0419011882	0.3221908282
268.0425265791	0.3174855953
269.0431519700	0.3065913677
270.0437773609	0.3086054522
271.0444027517	0.2926284649
272.0450281426	0.2936787690
273.0456535335	0.2938949217
274.0462789243	0.3080845511
275.0469043152	0.3114873756
276.0475297061	0.3221844595
277.0481550969	0.3212914806
278.0487804878	0.3137628992
279.0494058787	0.3051149023
280.0500312695	0.3185678102
281.0506566604	0.3146251276
282.0512820513	0.3045932758
283.0519074422	0.2919685725
284.0525328330	0.2967754619
285.0531582239	0.2919637700
286.0537836148	0.3001695727
287.0544090056	0.2991195668
288.0550343965	0.2948830591
289.0556597874	0.2890860194
290.0562851782	0.2919365541
291.0569105691	0.2823074602
292.0575359600	0.2959595020
293.0581613508	0.2927592946
294.0587867417	0.2744981974
295.0594121326	0.2752028990
296.0600375235	0.2824580337
297.0606629143	0.2929708255
298.0612883052	0.3075831117
299.0619136961	0.2926885161
300.0625390869	0.3024607146
301.0631644778	0.2987754471
302.0637898687	0.2893287383
303.0644152595	0.2937784115
304.0650406504	0.2788807821
305.0656660413	0.2814788288
306.0662914321	0.2871879096
307.0669168230	0.2846554974
308.0675422139	0.2985510925
309.0681676048	0.2996399433
310.0687929956	0.3028932419
311.0694183865	0.3007541357
312.0700437774	0.2854315076
313.0706691682	0.2905954692
314.0712945591	0.3021582247
315.0719199500	0.2954461973
316.0725453408	0.2911739098
317.0731707317	0.2928201393
318.0737961226	0.2718995881
319.0744215134	0.2788500964
320.0750469043	0.2785336698
321.0756722952	0.2698774946
322.0762976861	0.2671244216
323.0769230769	0.2630185274
324.0775484678	0.2757146027
325.0781738587	0.2860735433
326.0787992495	0.2866922426
327.0794246404	0.2790516746
328.0800500313	0.2873176640
329.0806754221	0.2908160393
330.0813008130	0.2728529681
331.0819262039	0.2799894945
332.0825515947	0.2803446915
333.0831769856	0.2798723459
334.0838023765	0.2811955532
335.0844277674	0.2824235557
336.0850531582	0.2735911100
337.0856785491	0.2837007743
338.0863039400	0.2643412565
339.0869293308	0.2874032514
340.0875547217	0.2839431607
341.0881801126	0.2720865225
342.0888055034	0.2787587500
343.0894308943	0.2841816236
344.0900562852	0.2709845165
345.0906816760	0.2769335077
346.0913070669	0.2763281567
347.0919324578	0.2628106125
348.0925578487	0.2609152396
349.0931832395	0.2776859019
350.0938086304	0.2842518822
351.0944340213	0.2842270024
352.0950594121	0.2822832645
353.0956848030	0.2852832049
354.0963101939	0.2864830574
355.0969355847	0.2866581430
356.0975609756	0.2658410349
357.0981863665	0.2678308405
358.0988117573	0.2747044845
359.0994371482	0.2594279765
360.1000625391	0.2595724154
361.1006879300	0.2632845618
362.1013133208	0.2647115247
363.1019387117	0.2674079214
364.1025641026	0.2635521667
365.1031894934	0.2628128667
366.1038148843	0.2752945972
367.1044402752	0.2744960587
368.1050656660	0.2600669315
369.1056910569	0.2695612826
370.1063164478	0.2696511270
371.1069418386	0.2662985973
372.1075672295	0.2677128954
373.1081926204	0.2506870172
374.1088180113	0.2515267575
375.1094434021	0.2697233592
376.1100687930	0.2632682819
377.1106941839	0.2562302282
378.1113195747	0.2525322910
379.1119449656	0.2632324855
380.1125703565	0.2600538528
381.1131957473	0.2476735304
382.1138211382	0.2392796783
383.1144465291	0.2443611180
384.1150719199	0.2353575146
385.1156973108	0.2499601037
386.1163227017	0.2567098492
387.1169480926	0.2617666989
388.1175734834	0.2612273972
389.1181988743	0.2492578708
390.1188242652	0.2573981738
391.1194496560	0.2638565891
392.1200750469	0.2630163682
393.1207004378	0.2455533410
394.1213258286	0.2492897534
395.1219512195	0.2449885693
396.1225766104	0.2418408168
397.1232020013	0.2457412663
398.1238273921	0.2454159334
399.1244527830	0.2379039481
400.1250781739	0.2334684060
401.1257035647	0.2238672143
402.1263289556	0.2334280360
403.1269543465	0.2361730674
404.1275797373	0.2410581182
405.1282051282	0.2552321998
406.1288305191	0.2472356367
407.1294559099	0.2453701411
408.1300813008	0.2467170673
409.1307066917	0.2510106517
410.1313320826	0.2474921710
411.1319574734	0.2386633873
412.1325828643	0.2448188126
413.1332082552	0.2375758095
414.1338336460	0.2324357856
415.1344590369	0.2406407154
416.1350844278	0.2425154396
417.1357098186	0.2332712999
418.1363352095	0.2276559401
419.1369606004	0.2194999745
420.1375859912	0.2210258065
421.1382113821	0.2384925105
422.1388367730	0.2448480201
423.1394621639	0.2408522714
424.1400875547	0.2245437130
425.1407129456	0.2085438200
426.1413383365	0.2020529049
427.1419637273	0.2225442981
428.1425891182	0.2221509370
429.1432145091	0.2206199319
430.1438398999	0.2314873802
431.1444652908	0.2401633872
432.1450906817	0.2325943005
433.1457160725	0.2210170766
434.1463414634	0.2186202874
435.1469668543	0.2285263115
436.1475922452	0.2168085344
437.1482176360	0.2091528222
438.1488430269	0.2084894629
439.1494684178	0.2132436667
440.1500938086	0.2136947517
441.1507191995	0.2174111664
442.1513445904	0.2090721940
443.1519699812	0.2138233226
444.1525953721	0.2132927347
445.1532207630	0.2194300048
446.1538461538	0.2159735514
447.1544715447	0.2266581984
448.1550969356	0.2197662645
449.1557223265	0.2077439952
450.1563477173	0.1793930988
451.1569731082	0.1338268807
452.1575984991	0.1517224570
453.1582238899	0.1587076067
454.1588492808	0.1525121228
455.1594746717	0.1283900192
456.1601000625	0.1139541920
457.1607254534	0.1208513517
458.1613508443	0.1349501658
459.1619762351	0.1530620893
460.1626016260	0.1728747941
461.1632270169	0.1999690036
462.1638524078	0.2084592722
463.1644777986	0.2074210420
464.1651031895	0.2033349375
465.1657285804	0.2012290135
466.1663539712	0.1749981667
467.1669793621	0.1585369458
468.1676047530	0.1616000635
469.1682301438	0.1621972325
470.1688555347	0.1912936312
471.1694809256	0.1914927511
472.1701063164	0.1605032552
473.1707317073	0.1938902600
474.1713570982	0.1906776055
475.1719824891	0.1665437826
476.1726078799	0.1581467747
477.1732332708	0.1448776374
478.1738586617	0.1382077535
479.1744840525	0.1255387240
480.1751094434	0.1427958953
481.1757348343	0.1515719412
482.1763602251	0.1794860962
483.1769856160	0.1877356997
484.1776110069	0.1743904468
485.1782363977	0.1588429256
486.1788617886	0.1585636155
487.1794871795	0.1523154573
488.1801125704	0.1450572917
489.1807379612	0.1685666927
490.1813633521	0.1883976969
491.1819887430	0.1855716119
492.1826141338	0.1883167191
493.1832395247	0.1826557916
494.1838649156	0.1810434699
495.1844903064	0.1892428593
496.1851156973	0.1900034763
497.1857410882	0.1528556682
498.1863664790	0.1162687592
499.1869918699	0.1169057154
500.1876172608	0.1303420753
501.1882426517	0.1335330639
502.1888680425	0.1281345210
503.1894934334	0.1149651860
504.1901188243	0.1432138679
505.1907442151	0.1752442903
506.1913696060	0.1954198663
507.1919949969	0.1774887164
508.1926203877	0.1715734231
509.1932457786	0.1235356411
510.1938711695	0.0996155565
511.1944965604	0.1096582442
512.1951219512	0.1310426520
513.1957473421	0.1661186778
514.1963727330	0.1994070043
515.1969981238	0.2058808712
516.1976235147	0.1894965389
517.1982489056	0.2088997506
518.1988742964	0.2045152666
519.1994996873	0.1807060365
520.2001250782	0.1467308912
521.2007504690	0.1124371598
522.2013758599	0.0960680006
523.2020012508	0.1006787215
524.2026266417	0.1033622887
525.2032520325	0.1387440487
526.2038774234	0.1688092299
527.2045028143	0.1716882963
528.2051282051	0.1501961208
529.2057535960	0.1339117875
530.2063789869	0.1519245094
531.2070043777	0.1712689200
532.2076297686	0.1679952595
533.2082551595	0.1843274458
534.2088805503	0.1690122978
535.2095059412	0.1675991445
536.2101313321	0.1635150955
537.2107567230	0.1607212394
538.2113821138	0.1529986115
539.2120075047	0.1366799151
540.2126328956	0.1472853394
541.2132582864	0.1511398355
542.2138836773	0.1726984931
543.2145090682	0.1882450948
544.2151344590	0.1616837014
545.2157598499	0.1443502005
546.2163852408	0.1411482676
547.2170106316	0.1566045371
548.2176360225	0.1656271858
549.2182614134	0.1756657792
550.2188868043	0.1737299580
551.2195121951	0.1588256789
552.2201375860	0.1262372043
553.2207629769	0.1210092642
554.2213883677	0.1292375100
555.2220137586	0.1311307018
556.2226391495	0.1391536874
557.2232645403	0.1563014296
558.2238899312	0.1604994962
559.2245153221	0.1841489190
560.2251407129	0.1929246712
561.2257661038	0.1932503124
562.2263914947	0.1905777373
563.2270168856	0.1952776983
564.2276422764	0.1966711145
565.2282676673	0.1895737313
566.2288930582	0.1883766212
567.2295184490	0.1884278661
568.2301438399	0.1942829107
569.2307692308	0.1738276664
570.2313946216	0.1733382538
571.2320200125	0.1728933574
572.2326454034	0.1699848908
573.2332707942	0.1609716214
574.2338961851	0.1569436049
575.2345215760	0.1559278690
576.2351469669	0.1588639833
577.2357723577	0.1657933552
578.2363977486	0.1807957007
579.2370231395	0.1895645689
580.2376485303	0.1817732859
581.2382739212	0.1749144088
582.2388993121	0.1528622148
583.2395247029	0.1514915972
584.2401500938	0.1429724106
585.2407754847	0.1642915381
586.2414008755	0.1575143204
587.2420262664	0.1591846613
588.2426516573	0.1450461705
589.2432770482	0.1604805852
590.2439024390	0.1623911517
591.2445278299	0.1480901895
592.2451532208	0.1380423787
593.2457786116	0.1310595598
594.2464040025	0.1138940768
595.2470293934	0.0811512100
596.2476547842	0.0632719289
597.2482801751	0.0361973315
598.2489055660	0.0440605530
599.2495309568	0.0628456746
600.2501563477	0.0793153369
601.2507817386	0.0877856689
602.2514071295	0.0685450732
603.2520325203	0.1034290521
604.2526579112	0.1323522835
605.2532833021	0.1295656504
606.2539086929	0.1397759038
607.2545340838	0.1445888017
608.2551594747	0.1532147223
609.2557848655	0.1414159406
610.2564102564	0.1432119335
611.2570356473	0.1591134073
612.2576610381	0.1650713348
613.2582864290	0.1626228046
614.2589118199	0.1616149900
615.2595372108	0.1695090706
616.2601626016	0.1645144963
617.2607879925	0.1656827506
618.2614133834	0.1428591793
619.2620387742	0.1352441788
620.2626641651	0.1222777099
621.2632895560	0.1484014912
622.2639149468	0.1662278629
623.2645403377	0.1811750766
624.2651657286	0.1863945125
625.2657911194	0.1825815231
626.2664165103	0.1578311810
627.2670419012	0.1588053760
628.2676672921	0.1833063522
629.2682926829	0.1754241490
630.2689180738	0.1814588198
631.2695434647	0.1760863619
632.2701688555	0.1698235255
633.2707942464	0.1628860066
634.2714196373	0.1545640042
635.2720450281	0.1584888743
636.2726704190	0.1733770857
637.2732958099	0.1609195122
638.2739212008	0.1372325405
639.2745465916	0.1181963163
640.2751719825	0.1323958510
641.2757973734	0.1406092316
642.2764227642	0.1533337776
643.2770481551	0.1423233867
644.2776735460	0.1384778350
645.2782989368	0.1557137929
646.2789243277	0.1682885983
647.2795497186	0.1588191197
648.2801751094	0.1565726458
649.2808005003	0.1431923610
650.2814258912	0.1596596816
651.2820512821	0.1625399069
652.2826766729	0.1685214162
653.2833020638	0.1726301520
654.2839274547	0.1782822258
655.2845528455	0.1751982662
656.2851782364	0.1734394877
657.2858036273	0.1707125313
658.2864290181	0.1696103177
659.2870544090	0.1619840686
660.2876797999	0.1656353528
661.2883051907	0.1485438113
662.2889305816	0.1328332197
663.2895559725	0.1160247004
664.2901813634	0.1156664381
665.2908067542	0.1114458212
666.2914321451	0.1031418049
667.2920575360	0.1072831291
668.2926829268	0.1124178418
669.2933083177	0.1236916194
670.2939337086	0.1412493678
671.2945590994	0.1514956678
672.2951844903	0.1326927278
673.2958098812	0.1208806364
674.2964352720	0.1319177234
675.2970606629	0.1211991526
676.2976860538	0.1195212905
677.2983114447	0.1233838918
678.2989368355	0.1475931304
679.2995622264	0.1565622317
680.3001876173	0.1700982671
681.3008130081	0.1665863805
682.3014383990	0.1641281761
683.3020637899	0.1463163751
684.3026891807	0.1234109244
685.3033145716	0.1066404470
686.3039399625	0.1131083772
687.3045653533	0.1183962727
688.3051907442	0.1310368211
689.3058161351	0.1499005664
690.3064415260	0.1699066031
691.3070669168	0.1500329281
692.3076923077	0.1579808236
693.3083176986	0.1366508895
694.3089430894	0.1092881253
695.3095684803	0.1047688702
696.3101938712	0.1329777148
697.3108192620	0.1437682406
698.3114446529	0.1551731095
699.3120700438	0.1657453438
700.3126954346	0.1558349948
701.3133208255	0.1486272925
702.3139462164	0.1359084140
703.3145716073	0.1274652925
704.3151969981	0.1441522768
705.3158223890	0.1566586469
706.3164477799	0.1530947728
707.3170731707	0.1409285850
708.3176985616	0.1269110455
709.3183239525	0.1058166568
710.3189493433	0.1055635346
711.3195747342	0.1303378031
712.3202001251	0.1472487604
713.3208255159	0.1557024081
714.3214509068	0.1590669494
715.3220762977	0.1712600691
716.3227016886	0.1631622759
717.3233270794	0.1521271814
718.3239524703	0.1509287834
719.3245778612	0.1462480962
720.3252032520	0.1328441579
721.3258286429	0.1483572732
722.3264540338	0.1449804253
723.3270794246	0.1603266563
724.3277048155	0.1472169177
725.3283302064	0.1354213333
726.3289555972	0.1296641191
727.3295809881	0.1247562555
728.3302063790	0.1126784649
729.3308317699	0.1093177735
730.3314571607	0.1314489067
731.3320825516	0.1529709006
732.3327079425	0.1432928913
733.3333333333	0.1139731494
734.3339587242	0.1088562215
735.3345841151	0.1335919041
736.3352095059	0.1522083247
737.3358348968	0.1607127827
738.3364602877	0.1570278852
739.3370856785	0.1554930150
740.3377110694	0.1542963243
741.3383364603	0.1470110449
742.3389618512	0.1458487595
743.3395872420	0.1459462042
744.3402126329	0.1304552955
745.3408380238	0.1199620585
746.3414634146	0.1242858297
747.3420888055	0.1368147403
748.3427141964	0.1375745771
749.3433395872	0.1370025964
750.3439649781	0.1281207234
751.3445903690	0.1271020474
752.3452157598	0.1331936799
753.3458411507	0.1338328695
754.3464665416	0.1336009952
755.3470919325	0.1359456926
756.3477173233	0.1428587681
757.3483427142	0.1421932743
758.3489681051	0.1117699063
759.3495934959	0.1155636962
760.3502188868	0.1311778826
761.3508442777	0.1495331661
762.3514696685	0.1493038969
763.3520950594	0.1380526806
764.3527204503	0.1426190864
765.3533458412	0.1430886868
766.3539712320	0.1588635265
767.3545966229	0.1620623368
768.3552220138	0.1517607344
769.3558474046	0.1595390873
770.3564727955	0.1514536507
771.3570981864	0.1431969310
772.3577235772	0.1456529159
773.3583489681	0.1439203097
774.3589743590	0.1379830212
775.3595997498	0.1491928058
776.3602251407	0.1698908118
777.3608505316	0.1650695450
778.3614759225	0.1597957551
779.3621013133	0.1431502966
780.3627267042	0.1401206576
781.3633520951	0.1485541513
782.3639774859	0.1544704758
783.3646028768	0.1489859102
784.3652282677	0.1439634291
785.3658536585	0.1350369014
786.3664790494	0.1336533317
787.3671044403	0.1467106507
788.3677298311	0.1449847897
789.3683552220	0.1530752436
790.3689806129	0.1503559389
791.3696060038	0.1371128609
792.3702313946	0.1492888132
793.3708567855	0.1412479306
794.3714821764	0.1529478873
795.3721075672	0.1420182700
796.3727329581	0.1590279309
797.3733583490	0.1540222028
798.3739837398	0.1552916646
799.3746091307	0.1562761701
800.3752345216	0.1533043267
801.3758599124	0.1542531504
802.3764853033	0.1567820072
803.3771106942	0.1660076223
804.3777360851	0.1602476136
805.3783614759	0.1625151365
806.3789868668	0.1502282585
807.3796122577	0.1482663551
808.3802376485	0.1414879098
809.3808630394	0.1341781570
810.3814884303	0.1492641105
811.3821138211	0.1479984005
812.3827392120	0.1410426891
813.3833646029	0.1441493478
814.3839899937	0.1574684115
815.3846153846	0.1563107629
816.3852407755	0.1597518053
817.3858661664	0.1566773594
818.3864915572	0.1569073493
819.3871169481	0.1701728842
820.3877423390	0.1600873690
821.3883677298	0.1717997772
822.3889931207	0.1527189847
823.3896185116	0.1368871018
824.3902439024	0.1476469741
825.3908692933	0.1527352700
826.3914946842	0.1504125130
827.3921200750	0.1469593518
828.3927454659	0.1501362648
829.3933708568	0.1524338493
830.3939962477	0.1582191149
831.3946216385	0.1640425480
832.3952470294	0.1730079205
833.3958724203	0.1736374483
834.3964978111	0.1643104407
835.3971232020	0.1647108737
836.3977485929	0.1607708391
837.3983739837	0.1607162829
838.3989993746	0.1516537345
839.3996247655	0.1530044813
840.4002501563	0.1632765687
841.4008755472	0.1565559701
842.4015009381	0.1534462092
843.4021263290	0.1650914875
844.4027517198	0.1618674710
845.4033771107	0.1581012592
846.4040025016	0.1691632949
847.4046278924	0.1583311146
848.4052532833	0.1585529276
849.4058786742	0.1637060099
850.4065040650	0.1551639793
851.4071294559	0.1556358318
852.4077548468	0.1429106783
853.4083802376	0.1420724860
854.4090056285	0.1535794673
855.4096310194	0.1474038708
856.4102564103	0.1480713261
857.4108818011	0.1519058099
858.4115071920	0.1470816686
859.4121325829	0.1477035658
860.4127579737	0.1522354732
861.4133833646	0.1581210099
862.4140087555	0.1563695104
863.4146341463	0.1541539965
864.4152595372	0.1623843571
865.4158849281	0.1618374658
866.4165103189	0.1565124304
867.4171357098	0.1546268570
868.4177611007	0.1562689195
869.4183864916	0.1499647166
870.4190118824	0.1522121708
871.4196372733	0.1585745473
872.4202626642	0.1613518088
873.4208880550	0.1581108569
874.4215134459	0.1616868175
875.4221388368	0.1624967535
876.4227642276	0.1593873065
877.4233896185	0.1578463586
878.4240150094	0.1592334945
879.4246404003	0.1644405050
880.4252657911	0.1524835704
881.4258911820	0.1683452827
882.4265165729	0.1629017801
883.4271419637	0.1661918547
884.4277673546	0.1618218428
885.4283927455	0.1741751417
886.4290181363	0.1795629765
887.4296435272	0.1807738154
888.4302689181	0.1841094991
889.4308943089	0.1776113161
890.4315196998	0.1789010664
891.4321450907	0.1716271146
892.4327704816	0.1837922885
893.4333958724	0.1754044895
894.4340212633	0.1825002363
895.4346466542	0.1658466094
896.4352720450	0.1473188478
897.4358974359	0.1566540012
898.4365228268	0.1495306105
899.4371482176	0.1514737964
900.4377736085	0.1477520579
901.4383989994	0.1497233605
902.4390243902	0.1485489467
903.4396497811	0.1431889364
904.4402751720	0.1498588481
905.4409005629	0.1419633561
906.4415259537	0.1415767203
907.4421513446	0.1414799382
908.4427767355	0.1541535533
909.4434021263	0.1597682314
910.4440275172	0.1463685272
911.4446529081	0.1559824363
912.4452782989	0.1591182402
913.4459036898	0.1508264322
914.4465290807	0.1512886985
915.4471544715	0.1607414021
916.4477798624	0.1518866733
917.4484052533	0.1487032636
918.4490306442	0.1493012565
919.4496560350	0.1462447217
920.4502814259	0.1494773748
921.4509068168	0.1384210751
922.4515322076	0.1499870105
923.4521575985	0.1509181658
924.4527829894	0.1500848673
925.4534083802	0.1456273015
926.4540337711	0.1534302029
927.4546591620	0.1647353479
928.4552845528	0.1504636356
929.4559099437	0.1519892836
930.4565353346	0.1458440031
931.4571607255	0.1348190163
932.4577861163	0.1373872134
933.4584115072	0.1368589703
934.4590368981	0.1583819493
935.4596622889	0.1545937561
936.4602876798	0.1430214209
937.4609130707	0.1626614726
938.4615384615	0.1580321328
939.4621638524	0.1415098028
940.4627892433	0.1472770040
941.4634146341	0.1418759398
942.4640400250	0.1390093579
943.4646654159	0.1235350847
944.4652908068	0.1354066745
945.4659161976	0.1351421427
946.4665415885	0.1416244365
947.4671669794	0.1410319228
948.4677923702	0.1339749106
949.4684177611	0.1498669251
950.4690431520	0.1513818133
951.4696685428	0.1460738583
952.4702939337	0.1548039517
953.4709193246	0.1439818709
954.4715447154	0.1191346559
955.4721701063	0.1380415891
956.4727954972	0.1571731257
957.4734208881	0.1455579349
958.4740462789	0.1383892397
959.4746716698	0.1418380691
960.4752970607	0.1444512391
961.4759224515	0.1464014316
962.4765478424	0.1579091697
963.4771732333	0.1529976804
964.4777986241	0.1547127069
965.4784240150	0.1566632194
966.4790494059	0.1509166658
967.4796747967	0.1466034494
968.4803001876	0.1390413128
969.4809255785	0.1323137878
970.4815509694	0.1399699368
971.4821763602	0.1468050538
972.4828017511	0.1430262780
973.4834271420	0.1343797529
974.4840525328	0.1395974402
975.4846779237	0.1525458971
976.4853033146	0.1554752232
977.4859287054	0.1505068974
978.4865540963	0.1459150179
979.4871794872	0.1364338651
980.4878048780	0.1334086266
981.4884302689	0.1244962193
982.4890556598	0.1046140904
983.4896810507	0.0867108124
984.4903064415	0.0926150567
985.4909318324	0.1152796633
986.4915572233	0.1278098783
987.4921826141	0.1284649414
988.4928080050	0.1306569078
989.4934333959	0.1294026713
990.4940587867	0.1426686235
991.4946841776	0.1424658421
992.4953095685	0.1400788051
993.4959349593	0.1491684108
994.4965603502	0.1458350832
995.4971857411	0.1573148989
996.4978111320	0.1566594391
997.4984365228	0.1562378224
998.4990619137	0.1445206890
999.4996873046	0.1386584575
1000.5003126954	0.1495577335
1001.5009380863	0.1525892905
1002.5015634772	0.1518115736
1003.5021888680	0.1429046255
1004.5028142589	0.1383412465
1005.5034396498	0.1279105454
1006.5040650407	0.1294967384
1007.5046904315	0.1376404907
1008.5053158224	0.1515914824
1009.5059412133	0.1444489869
1010.5065666041	0.1445104645
1011.5071919950	0.1504946010
1012.5078173859	0.1490721758
1013.5084427767	0.1431275741
1014.5090681676	0.1507783442
1015.5096935585	0.1600703188
1016.5103189493	0.1506640987
1017.5109443402	0.1516505951
1018.5115697311	0.1646119312
1019.5121951220	0.1631367164
1020.5128205128	0.1537651824
1021.5134459037	0.1458598502
1022.5140712946	0.1472287673
1023.5146966854	0.1488129644
1024.5153220763	0.1461205141
1025.5159474672	0.1592645542
1026.5165728580	0.1524958359
1027.5171982489	0.1521561407
1028.5178236398	0.1524916576
1029.5184490306	0.1475109411
1030.5190744215	0.1595592811
1031.5196998124	0.1540526955
1032.5203252033	0.1545085511
1033.5209505941	0.1460869969
1034.5215759850	0.1452891741
1035.5222013759	0.1485948883
1036.5228267667	0.1396783731
1037.5234521576	0.1429386732
1038.5240775485	0.1521666206
1039.5247029393	0.1454355962
1040.5253283302	0.1267378120
1041.5259537211	0.1184746608
1042.5265791119	0.0959097340
1043.5272045028	0.0863828139
1044.5278298937	0.0782874845
1045.5284552846	0.0744735655
1046.5290806754	0.0972023368
1047.5297060663	0.1264296811
1048.5303314572	0.1429796093
1049.5309568480	0.1594192788
1050.5315822389	0.1585691734
1051.5322076298	0.1647639587
1052.5328330206	0.1879762288
1053.5334584115	0.1965212764
1054.5340838024	0.1932919986
1055.5347091932	0.2209521603
1056.5353345841	0.2391771553
1057.5359599750	0.2846504415
1058.5365853659	0.3547728737
1059.5372107567	0.4458856941
1060.5378361476	0.4869683197
1061.5384615385	0.5452925265
1062.5390869293	0.5382507461
1063.5397123202	0.4976377983
1064.5403377111	0.3993321040
1065.5409631019	0.3281217350
1066.5415884928	0.2850995343
1067.5422138837	0.2518778680
1068.5428392745	0.2241567923
1069.5434646654	0.2047409031
1070.5440900563	0.1982844958
1071.5447154472	0.1957552104
1072.5453408380	0.1897603065
1073.5459662289	0.1936979240
1074.5465916198	0.1921869409
1075.5472170106	0.1712990870
1076.5478424015	0.1766475857
1077.5484677924	0.1856268481
1078.5490931832	0.1737112221
1079.5497185741	0.1809413834
1080.5503439650	0.1865275071
1081.5509693558	0.1786507281
1082.5515947467	0.1760325847
1083.5522201376	0.1768715021
1084.5528455285	0.1657883380
1085.5534709193	0.1624679874
1086.5540963102	0.1741866180
1087.5547217011	0.1746498501
1088.5553470919	0.1799687490
1089.5559724828	0.1796858808
1090.5565978737	0.1849482799
1091.5572232645	0.1704090228
1092.5578486554	0.1670896678
1093.5584740463	0.1776579891
1094.5590994371	0.1759665954
1095.5597248280	0.1669606331
1096.5603502189	0.1666878745
1097.5609756098	0.1617869875
1098.5616010006	0.1492497136
1099.5622263915	0.1642417395
1100.5628517824	0.1610026560
1101.5634771732	0.1638518984
1102.5641025641	0.1741658296
1103.5647279550	0.1747060244
1104.5653533458	0.1709437755
1105.5659787367	0.1658521233
1106.5666041276	0.1715582204
1107.5672295184	0.1723894057
1108.5678549093	0.1813923348
1109.5684803002	0.1803553456
1110.5691056911	0.1826395747
1111.5697310819	0.1847923025
1112.5703564728	0.1765118098
1113.5709818637	0.1888820512
1114.5716072545	0.1888143380
1115.5722326454	0.1885654625
1116.5728580363	0.1880592468
1117.5734834271	0.1943551215
1118.5741088180	0.2017802050
1119.5747342089	0.1988379317
1120.5753595997	0.2165322993
1121.5759849906	0.2331009807
1122.5766103815	0.2313441970
1123.5772357724	0.2500605994
1124.5778611632	0.2642379291
1125.5784865541	0.2767555533
1126.5791119450	0.3186985109
1127.5797373358	0.3744425572
1128.5803627267	0.4347578138
1129.5809881176	0.5030003683
1130.5816135084	0.5778310053
1131.5822388993	0.6160827596
1132.5828642902	0.6333986277
1133.5834896811	0.5768706404
1134.5841150719	0.4956618383
1135.5847404628	0.3928019904
1136.5853658537	0.3258855152
1137.5859912445	0.2584244445
1138.5866166354	0.2274092362
1139.5872420263	0.2052756081
1140.5878674171	0.1839014795
1141.5884928080	0.1825440703
1142.5891181989	0.1860027374
1143.5897435897	0.1853473681
1144.5903689806	0.1755152926
1145.5909943715	0.1671139725
1146.5916197624	0.1765061922
1147.5922451532	0.1764436750
1148.5928705441	0.1730381000
1149.5934959350	0.1773109005
1150.5941213258	0.1757784534
1151.5947467167	0.1677168821
1152.5953721076	0.1604982258
1153.5959974984	0.1572670717
1154.5966228893	0.1466340834
1155.5972482802	0.1460189374
1156.5978736710	0.1260298232
1157.5984990619	0.1258012265
1158.5991244528	0.1213847006
1159.5997498437	0.1301766985
1160.6003752345	0.1405851596
1161.6010006254	0.1413251676
1162.6016260163	0.1616753009
1163.6022514071	0.1658589645
1164.6028767980	0.1846665618
1165.6035021889	0.2030641236
1166.6041275797	0.2239541307
1167.6047529706	0.2538223407
1168.6053783615	0.2703544803
1169.6060037523	0.2907030504
1170.6066291432	0.2983773225
1171.6072545341	0.2657109018
1172.6078799250	0.2386239088
1173.6085053158	0.2205004714
1174.6091307067	0.2026851764
1175.6097560976	0.1848681198
1176.6103814884	0.1758119312
1177.6110068793	0.1772158745
1178.6116322702	0.1691633690
1179.6122576610	0.1758631348
1180.6128830519	0.1768737752
1181.6135084428	0.1615543205
1182.6141338336	0.1737186129
1183.6147592245	0.1685586991
1184.6153846154	0.1595089300
1185.6160100063	0.1563412373
1186.6166353971	0.1627645952
1187.6172607880	0.1576177254
1188.6178861789	0.1610080987
1189.6185115697	0.1536627508
1190.6191369606	0.1543740846
1191.6197623515	0.1613526617
1192.6203877423	0.1610276872
1193.6210131332	0.1527304676
1194.6216385241	0.1546782492
1195.6222639149	0.1558470409
1196.6228893058	0.1470525350
1197.6235146967	0.1518309038
1198.6241400876	0.1520334212
1199.6247654784	0.1404847387
1200.6253908693	0.1437823342
1201.6260162602	0.1437905548
1202.6266416510	0.1449854582
1203.6272670419	0.1442701529
1204.6278924328	0.1232323771
1205.6285178236	0.0885708489
1206.6291432145	0.0693930038
1207.6297686054	0.0836858049
1208.6303939962	0.1033982029
1209.6310193871	0.1122633001
1210.6316447780	0.1324127733
1211.6322701689	0.1391976161
1212.6328955597	0.1432231380
1213.6335209506	0.1402643387
1214.6341463415	0.1441237625
1215.6347717323	0.1603421247
1216.6353971232	0.1689750649
1217.6360225141	0.1493648434
1218.6366479049	0.1675421931
1219.6372732958	0.1537718282
1220.6378986867	0.1596356795
1221.6385240775	0.1562783787
1222.6391494684	0.1527078327
1223.6397748593	0.1578812506
1224.6404002502	0.1512137481
1225.6410256410	0.1641490781
1226.6416510319	0.1706381836
1227.6422764228	0.1662644272
1228.6429018136	0.1609581242
1229.6435272045	0.1494472680
1230.6441525954	0.1630522958
1231.6447779862	0.1687127119
1232.6454033771	0.1637189947
1233.6460287680	0.1680823021
1234.6466541588	0.1647036481
1235.6472795497	0.1616492264
1236.6479049406	0.1634363092
1237.6485303315	0.1702815346
1238.6491557223	0.1670497663
1239.6497811132	0.1743810179
1240.6504065041	0.1666323965
1241.6510318949	0.1391532054
1242.6516572858	0.1484633727
1243.6522826767	0.1635491208
1244.6529080675	0.1671382218
1245.6535334584	0.1722330977
1246.6541588493	0.1738511486
1247.6547842402	0.1766301733
1248.6554096310	0.1776154407
1249.6560350219	0.1782445154
1250.6566604128	0.1721013979
1251.6572858036	0.1729145456
1252.6579111945	0.1845207732
1253.6585365854	0.1694274832
1254.6591619762	0.1786230464
1255.6597873671	0.1692470437
1256.6604127580	0.1641988572
1257.6610381488	0.1728952817
1258.6616635397	0.1753749398
1259.6622889306	0.1823009562
1260.6629143215	0.1766403489
1261.6635397123	0.1726234489
1262.6641651032	0.1873790548
1263.6647904941	0.1916850203
1264.6654158849	0.1805848337
1265.6660412758	0.1801120808
1266.6666666667	0.1771372787
1267.6672920575	0.1858305652
1268.6679174484	0.1872099761
1269.6685428393	0.1869225769
1270.6691682301	0.1800657681
1271.6697936210	0.1923739196
1272.6704190119	0.1826903769
1273.6710444028	0.1799753578
1274.6716697936	0.1714570303
1275.6722951845	0.1759812758
1276.6729205754	0.1826583431
1277.6735459662	0.1894250859
1278.6741713571	0.1921600932
1279.6747967480	0.1839762315
1280.6754221388	0.1863483005
1281.6760475297	0.1803427141
1282.6766729206	0.1946848617
1283.6772983114	0.1915771839
1284.6779237023	0.1870590378
1285.6785490932	0.1962670212
1286.6791744841	0.2037297654
1287.6797998749	0.2128971206
1288.6804252658	0.2275584875
1289.6810506567	0.2527267528
1290.6816760475	0.2864841076
1291.6823014384	0.3570343608
1292.6829268293	0.4958111300
1293.6835522201	0.7116218197
1294.6841776110	0.9100924074
1295.6848030019	0.9557958262
1296.6854283927	0.7847689875
1297.6860537836	0.5736533609
1298.6866791745	0.4058786544
1299.6873045654	0.3283871020
1300.6879299562	0.2713217897
1301.6885553471	0.2523777046
1302.6891807380	0.2452348781
1303.6898061288	0.2230930262
1304.6904315197	0.2233029832
1305.6910569106	0.2141233528
1306.6916823014	0.2097508402
1307.6923076923	0.2030954032
1308.6929330832	0.2006104597
1309.6935584740	0.2248645971
1310.6941838649	0.1945227004
1311.6948092558	0.1916894429
1312.6954346467	0.1837742088
1313.6960600375	0.1885602744
1314.6966854284	0.1949957217
1315.6973108193	0.1917742812
1316.6979362101	0.1867004662
1317.6985616010	0.1743608184
1318.6991869919	0.1733236251
1319.6998123827	0.1856960653
1320.7004377736	0.1725348238
1321.7010631645	0.1685865696
1322.7016885553	0.1794664138
1323.7023139462	0.1936215032
1324.7029393371	0.1741971374
1325.7035647280	0.1639778384
1326.7041901188	0.1623614158
1327.7048155097	0.1692982453
1328.7054409006	0.1723633540
1329.7060662914	0.1737797067
1330.7066916823	0.1828575784
1331.7073170732	0.1594112031
1332.7079424640	0.1612497438
1333.7085678549	0.1552774791
1334.7091932458	0.1686440688
1335.7098186366	0.1689373447
1336.7104440275	0.1630261138
1337.7110694184	0.1777369882
1338.7116948093	0.1746499727
1339.7123202001	0.1645811178
1340.7129455910	0.1620853833
1341.7135709819	0.1552913727
1342.7141963727	0.1531431143
1343.7148217636	0.1659541443
1344.7154471545	0.1859725794
1345.7160725453	0.1683616150
1346.7166979362	0.1657807525
1347.7173233271	0.1794490913
1348.7179487179	0.1779102989
1349.7185741088	0.1723588216
1350.7191994997	0.1746390279
1351.7198248906	0.1630545633
1352.7204502814	0.1544274372
1353.7210756723	0.1618767830
1354.7217010632	0.1648026180
1355.7223264540	0.1765075678
1356.7229518449	0.1716733725
1357.7235772358	0.1634076712
1358.7242026266	0.1633802275
1359.7248280175	0.1772782671
1360.7254534084	0.1754984972
1361.7260787992	0.1693412458
1362.7267041901	0.1701581962
1363.7273295810	0.1563020411
1364.7279549719	0.1898287987
1365.7285803627	0.1939482469
1366.7292057536	0.1898195092
1367.7298311445	0.1952431455
1368.7304565353	0.1984457546
1369.7310819262	0.1935060753
1370.7317073171	0.1999348433
1371.7323327079	0.1925677399
1372.7329580988	0.1820533317
1373.7335834897	0.1780934087
1374.7342088806	0.1750699970
1375.7348342714	0.1686332767
1376.7354596623	0.1710103901
1377.7360850532	0.1621167035
1378.7367104440	0.1563846539
1379.7373358349	0.1650543079
1380.7379612258	0.1668762830
1381.7385866166	0.1651433199
1382.7392120075	0.1604884428
1383.7398373984	0.1679829090
1384.7404627892	0.1659036024
1385.7410881801	0.1642322809
1386.7417135710	0.1661014185
1387.7423389619	0.1717122973
1388.7429643527	0.1730693573
1389.7435897436	0.1721772786
1390.7442151345	0.1651326172
1391.7448405253	0.1685512759
1392.7454659162	0.1602599315
1393.7460913071	0.1583600465
1394.7467166979	0.1486894881
1395.7473420888	0.1349016204
1396.7479674797	0.1343630065
1397.7485928705	0.1448406544
1398.7492182614	0.1612481923
1399.7498436523	0.1666585468
1400.7504690432	0.1687867933
1401.7510944340	0.1625778055
1402.7517198249	0.1700191896
1403.7523452158	0.1717708388
1404.7529706066	0.1664717868
1405.7535959975	0.1722465392
1406.7542213884	0.1688762508
1407.7548467792	0.1890667242
1408.7554721701	0.1862464011
1409.7560975610	0.1857034638
1410.7567229518	0.1872064288
1411.7573483427	0.2077652171
1412.7579737336	0.2298361460
1413.7585991245	0.2506532852
1414.7592245153	0.2936876354
1415.7598499062	0.3433378217
1416.7604752971	0.3729562343
1417.7611006879	0.3562423145
1418.7617260788	0.3253969618
1419.7623514697	0.2969487136
1420.7629768605	0.2907165210
1421.7636022514	0.2741147982
1422.7642276423	0.2610059627
1423.7648530331	0.2515700269
1424.7654784240	0.2417472416
1425.7661038149	0.2558665439
1426.7667292058	0.2517235205
1427.7673545966	0.2752987184
1428.7679799875	0.2837863952
1429.7686053784	0.3022673308
1430.7692307692	0.3228737385
1431.7698561601	0.3575750094
1432.7704815510	0.3947751063
1433.7711069418	0.4394403199
1434.7717323327	0.5291717167
1435.7723577236	0.6189104546
1436.7729831144	0.7228961595
1437.7736085053	0.8403114162
1438.7742338962	0.9594929004
1439.7748592871	1.0000000000
1440.7754846779	0.9725742936
1441.7761100688	0.8659877981
1442.7767354597	0.7583773860
1443.7773608505	0.6633136496
1444.7779862414	0.5852658902
1445.7786116323	0.5365950774
1446.7792370231	0.5034461280
1447.7798624140	0.4831234444
1448.7804878049	0.4531938008
1449.7811131957	0.4530476474
1450.7817385866	0.4555405128
1451.7823639775	0.4615196099
1452.7829893684	0.4600492538
1453.7836147592	0.4670225620
1454.7842401501	0.4844163954
1455.7848655410	0.4997522515
1456.7854909318	0.5016409000
1457.7861163227	0.5336143392
1458.7867417136	0.5545440513
1459.7873671044	0.5733424914
1460.7879924953	0.5577120512
1461.7886178862	0.5593619301
1462.7892432770	0.5679023119
1463.7898686679	0.5681272892
1464.7904940588	0.5607587810
1465.7911194497	0.5465077019
1466.7917448405	0.5085965846
1467.7923702314	0.4735091925
1468.7929956223	0.4301624827
1469.7936210131	0.4048304502
1470.7942464040	0.3766518333
1471.7948717949	0.3458683271
1472.7954971857	0.3165658361
1473.7961225766	0.2905841043
1474.7967479675	0.2897911392
1475.7973733583	0.2789966369
1476.7979987492	0.2651488539
1477.7986241401	0.2538673573
1478.7992495310	0.2457256781
1479.7998749218	0.2439036486
1480.8005003127	0.2363683823
1481.8011257036	0.2258574719
1482.8017510944	0.2120311272
1483.8023764853	0.2204373206
1484.8030018762	0.2165529955
1485.8036272670	0.2109721125
1486.8042526579	0.2044267596
1487.8048780488	0.1972188414
1488.8055034396	0.1897206486
1489.8061288305	0.1858645111
1490.8067542214	0.2018773541
1491.8073796123	0.2023984676
1492.8080050031	0.1865954301
1493.8086303940	0.1766126352
1494.8092557849	0.1802162073
1495.8098811757	0.1860263202
1496.8105065666	0.1907581192
1497.8111319575	0.1907176223
1498.8117573483	0.1822519977
1499.8123827392	0.1848327733
1500.8130081301	0.1873539707
1501.8136335210	0.1927593203
1502.8142589118	0.1897614477
1503.8148843027	0.1766286723
1504.8155096936	0.1790858235
1505.8161350844	0.1756684465
1506.8167604753	0.1739069901
1507.8173858662	0.1652088988
1508.8180112570	0.1778585273
1509.8186366479	0.1845865123
1510.8192620388	0.1681742696
1511.8198874296	0.1655767056
1512.8205128205	0.1784532649
1513.8211382114	0.1756209582
1514.8217636023	0.1640202124
1515.8223889931	0.1707400362
1516.8230143840	0.1739715053
1517.8236397749	0.1636785345
1518.8242651657	0.1587921768
1519.8248905566	0.1767544880
1520.8255159475	0.1626614669
1521.8261413383	0.1672298197
1522.8267667292	0.1650939543
1523.8273921201	0.1519522280
1524.8280175109	0.1531853950
1525.8286429018	0.1698450665
1526.8292682927	0.1566997411
1527.8298936836	0.1648511167
1528.8305190744	0.1609137013
1529.8311444653	0.1587717510
1530.8317698562	0.1591252655
1531.8323952470	0.1715859982
1532.8330206379	0.1604965288
1533.8336460288	0.1669027484
1534.8342714196	0.1615951958
1535.8348968105	0.1628753847
1536.8355222014	0.1535557525
1537.8361475922	0.1395139472
1538.8367729831	0.1522083734
1539.8373983740	0.1536727335
1540.8380237649	0.1606376758
1541.8386491557	0.1581381429
1542.8392745466	0.1570602600
1543.8398999375	0.1642638841
1544.8405253283	0.1658027196
1545.8411507192	0.1683211069
1546.8417761101	0.1463522357
1547.8424015009	0.1390493034
1548.8430268918	0.1424731752
1549.8436522827	0.1493945724
1550.8442776735	0.1415327363
1551.8449030644	0.1281046614
1552.8455284553	0.1231924256
1553.8461538462	0.1314058784
1554.8467792370	0.1388729663
1555.8474046279	0.1527902765
1556.8480300188	0.1441072413
1557.8486554096	0.1318146938
1558.8492808005	0.1447301214
1559.8499061914	0.1447466242
1560.8505315822	0.1625507279
1561.8511569731	0.1660519994
1562.8517823640	0.1572258780
1563.8524077548	0.1589272558
1564.8530331457	0.1463802837
1565.8536585366	0.1259628624
1566.8542839275	0.1264502204
1567.8549093183	0.1293735054
1568.8555347092	0.1291697132
1569.8561601001	0.1435429861
1570.8567854909	0.1490094734
1571.8574108818	0.1315690448
1572.8580362727	0.1099089431
1573.8586616635	0.1128150254
1574.8592870544	0.1244606836
1575.8599124453	0.1174442410
1576.8605378361	0.1320332033
1577.8611632270	0.1234779360
1578.8617886179	0.1127280749
1579.8624140088	0.1068254632
1580.8630393996	0.0960685653
1581.8636647905	0.1011559322
1582.8642901814	0.0879492850
1583.8649155722	0.0820150347
1584.8655409631	0.1069907059
1585.8661663540	0.1209474086
1586.8667917448	0.1244593452
1587.8674171357	0.1252964504
1588.8680425266	0.1312169752
1589.8686679174	0.1397742120
1590.8692933083	0.1367767330
1591.8699186992	0.1334246502
1592.8705440901	0.0792039553
1593.8711694809	0.0533313016
1594.8717948718	0.0751859051
1595.8724202627	0.0739408245
1596.8730456535	0.0684223255
1597.8736710444	0.0625780620
1598.8742964353	0.0806388569
1599.8749218261	0.1223545531
1600.8755472170	0.1396413084
1601.8761726079	0.1372493011
1602.8767979987	0.1136824891
1603.8774233896	0.0782827817
1604.8780487805	0.0538425153
1605.8786741714	0.0682823138
1606.8792995622	0.0819141193
1607.8799249531	0.0683829597
1608.8805503440	0.0503559042
1609.8811757348	0.0716978985
1610.8818011257	0.0896287303
1611.8824265166	0.1070324188
1612.8830519074	0.0952612167
1613.8836772983	0.0862926349
1614.8843026892	0.0543493846
1615.8849280801	0.0201591385
1616.8855534709	0.0452994671
1617.8861788618	0.0905204892
1618.8868042527	0.1103326467
1619.8874296435	0.1250343661
1620.8880550344	0.1252972149
1621.8886804253	0.1048518209
1622.8893058161	0.0624794788
1623.8899312070	0.0113857267
1624.8905565979	0.0018996818
1625.8911819887	0.0036492054
1626.8918073796	0.0288369688
1627.8924327705	0.0247187356
1628.8930581614	0.0105984526
1629.8936835522	0.0027895290
1630.8943089431	0.0486054881
1631.8949343340	0.0746690064
1632.8955597248	0.1140969783
1633.8961851157	0.1323539319
1634.8968105066	0.1366622386
1635.8974358974	0.1393448049
1636.8980612883	0.1388039855
1637.8986866792	0.1269952050
1638.8993120700	0.0854629216
1639.8999374609	0.0442835742
1640.9005628518	0.0251288960
1641.9011882427	0.0789732816
1642.9018136335	0.0939472243
1643.9024390244	0.0784866859
1644.9030644153	0.0544502100
1645.9036898061	0.0694056512
1646.9043151970	0.1015550356
1647.9049405879	0.0776742228
1648.9055659787	0.0413640662
1649.9061913696	0.0416306638
1650.9068167605	0.0668313724
1651.9074421513	0.0768835284
1652.9080675422	0.0912789953
1653.9086929331	0.0517770799
1654.9093183240	0.0616632056
1655.9099437148	0.0818066837
1656.9105691057	0.0933705830
1657.9111944966	0.1031358030
1658.9118198874	0.0867683055
1659.9124452783	0.0454883498
1660.9130706692	0.0136592411
1661.9136960600	0.0388915420
1662.9143214509	0.0917807524
1663.9149468418	0.1227831568
1664.9155722326	0.1332165377
1665.9161976235	0.1087537620
1666.9168230144	0.0747669846
1667.9174484053	0.0511526458
1668.9180737961	0.0539848659
1669.9186991870	0.0697348745
1670.9193245779	0.0595745616
1671.9199499687	0.0408466558
1672.9205753596	0.0623445594
1673.9212007505	0.0993827482
1674.9218261413	0.1077977855
1675.9224515322	0.1024750639
1676.9230769231	0.0924029615
1677.9237023139	0.0870123215
1678.9243277048	0.0711677640
1679.9249530957	0.1024604305
1680.9255784866	0.1239195079
1681.9262038774	0.1286674545
1682.9268292683	0.1312607090
1683.9274546592	0.1223359026
1684.9280800500	0.1390068014
1685.9287054409	0.1346306753
1686.9293308318	0.1271424456
1687.9299562226	0.1273020655
1688.9305816135	0.1183401962
1689.9312070044	0.0981902735
1690.9318323952	0.0983300382
1691.9324577861	0.0710709223
1692.9330831770	0.0787394553
1693.9337085679	0.1147947950
1694.9343339587	0.1275579096
1695.9349593496	0.1386796017
1696.9355847405	0.1371283015
1697.9362101313	0.1174234847
1698.9368355222	0.1010069448
1699.9374609131	0.1097802499
1700.9380863039	0.1224875730
1701.9387116948	0.1139383307
1702.9393370857	0.0999524278
1703.9399624765	0.0939257226
1704.9405878674	0.0748318863
1705.9412132583	0.0792542030
1706.9418386492	0.1077764754
1707.9424640400	0.1228071084
1708.9430894309	0.1271459520
1709.9437148218	0.1313811017
1710.9443402126	0.1207749498
1711.9449656035	0.1188003883
1712.9455909944	0.1068160819
1713.9462163852	0.0774116956
1714.9468417761	0.0540129544
1715.9474671670	0.0379569270
1716.9480925578	0.0420191885
1717.9487179487	0.0460015869
1718.9493433396	0.0722057044
1719.9499687305	0.1090200655
1720.9505941213	0.1168563805
1721.9512195122	0.1144794790
1722.9518449031	0.0940041710
1723.9524702939	0.0625965369
1724.9530956848	0.0423536767
1725.9537210757	0.0461982341
1726.9543464665	0.0521864656
1727.9549718574	0.0339405119
1728.9555972483	0.0422828805
1729.9562226391	0.0444476197
1730.9568480300	0.0568757290
1731.9574734209	0.0744695337
1732.9580988118	0.1046966010
1733.9587242026	0.1122236674
1734.9593495935	0.1015603597
1735.9599749844	0.0736848669
1736.9606003752	0.0299003016
1737.9612257661	0.0043630241
1738.9618511570	0.0128847797
1739.9624765478	0.0315402656
1740.9631019387	0.0800937384
1741.9637273296	0.0988088799
1742.9643527205	0.0990882657
1743.9649781113	0.1020319427
1744.9656035022	0.0543359490
1745.9662288931	0.0145478438
1746.9668542839	0.0103059491
1747.9674796748	0.0512432944
1748.9681050657	0.0592268545
1749.9687304565	0.0602590408
1750.9693558474	0.0679069431
1751.9699812383	0.0786833752
1752.9706066291	0.0497127713
1753.9712320200	0.0483585966
1754.9718574109	0.0306426853
1755.9724828018	0.0370324350
1756.9731081926	0.0649645593
1757.9737335835	0.0827486322
1758.9743589744	0.0902109812
1759.9749843652	0.0667202946
1760.9756097561	0.0249541130
1761.9762351470	0.0092807888
1762.9768605378	0.0222341628
1763.9774859287	0.0549002779
1764.9781113196	0.0887742253
1765.9787367104	0.1076346748
1766.9793621013	0.1080833814
1767.9799874922	0.0714014786
1768.9806128831	0.0293292612
1769.9812382739	0.0148876576
1770.9818636648	0.0000000000
1771.9824890557	0.0238500905
1772.9831144465	0.0595067208
1773.9837398374	0.0979489357
1774.9843652283	0.1007180612
1775.9849906191	0.0778446128
1776.9856160100	0.0868637645
1777.9862414009	0.1004734868
1778.9868667917	0.1119498862
1779.9874921826	0.0987187663
1780.9881175735	0.0811545177
1781.9887429644	0.0469264676
1782.9893683552	0.0203285821
1783.9899937461	0.0067548999
1784.9906191370	0.0043050739
1785.9912445278	0.0441933195
1786.9918699187	0.0742074267
1787.9924953096	0.0943648252
1788.9931207004	0.1082775866
1789.9937460913	0.0990216566
1790.9943714822	0.0789934304
1791.9949968730	0.0759806397
1792.9956222639	0.0863866281
1793.9962476548	0.0780045785
1794.9968730457	0.0706748612
1795.9974984365	0.0354785501
1796.9981238274	0.0151042048
1797.9987492183	0.0060530142
1798.9993746091	0.0044415951
1800.0000000000	0.0063672545
