200.0000000000	-0.0028196257
201.0006253909	-0.0023290816
202.0012507817	-0.0029484728
203.0018761726	-0.0027582578
204.0025015635	-0.0020296039
205.0031269543	0.0024366321
206.0037523452	0.0018920109
207.0043777361	-0.0003231447
208.0050031270	0.0021822071
209.0056285178	0.0014463060
210.0062539087	0.0015558356
211.0068792996	0.0031990824
212.0075046904	0.0032217103
213.0081300813	-0.0003785267
214.0087554722	0.0054798668
215.0093808630	0.0056139389
216.0100062539	0.0059509616
217.0106316448	0.0096534293
218.0112570356	0.0054245895
219.0118824265	-0.0022485582
220.0125078174	0.0006820735
221.0131332083	0.0068000961
222.0137585991	0.0055609998
223.0143839900	0.0064708785
224.0150093809	0.0072148703
225.0156347717	0.0058405486
226.0162601626	0.0050694051
227.0168855535	0.0123305374
228.0175109443	0.0125027592
229.0181363352	0.0124736366
230.0187617261	0.0109543637
231.0193871169	0.0078384198
232.0200125078	0.0069030637
233.0206378987	0.0053032856
234.0212632896	0.0046766664
235.0218886804	0.0052014292
236.0225140713	0.0064682623
237.0231394622	0.0072979404
238.0237648530	0.0058162449
239.0243902439	0.0050905451
240.0250156348	0.0047893818
241.0256410256	0.0045492527
242.0262664165	0.0120592009
243.0268918074	0.0169916478
244.0275171982	0.0140622813
245.0281425891	0.0092872956
246.0287679800	0.0128720522
247.0293933709	0.0100265371
248.0300187617	0.0110214448
249.0306441526	0.0120978221
250.0312695435	0.0078103285
251.0318949343	0.0054553972
252.0325203252	0.0073203451
253.0331457161	0.0061289617
254.0337711069	0.0064983430
255.0343964978	0.0120596857
256.0350218887	0.0147510152
257.0356472795	0.0144407104
258.0362726704	0.0149333714
259.0368980613	0.0133339852
260.0375234522	0.0109010729
261.0381488430	0.0082482282
262.0387742339	0.0021899885
263.0393996248	0.0022910494
264.0400250156	0.0013277272
265.0406504065	0.0003584417
266.0412757974	0.0040961865
267.0419011882	0.0082314313
268.0425265791	0.0054971827
269.0431519700	0.0028308743
270.0437773609	0.0037459718
271.0444027517	0.0074822744
272.0450281426	0.0136326818
273.0456535335	0.0120002590
274.0462789243	0.0141074827
275.0469043152	0.0159819047
276.0475297061	0.0143998815
277.0481550969	0.0214428451
278.0487804878	0.0128101199
279.0494058787	0.0063335450
280.0500312695	0.0079311720
281.0506566604	0.0146313437
282.0512820513	0.0117197155
283.0519074422	0.0113169486
284.0525328330	0.0081709687
285.0531582239	0.0060628611
286.0537836148	0.0133433165
287.0544090056	0.0089596412
288.0550343965	0.0086268903
289.0556597874	0.0107932131
290.0562851782	0.0129838590
291.0569105691	0.0122013608
292.0575359600	0.0165049623
293.0581613508	0.0093997253
294.0587867417	0.0067440873
295.0594121326	0.0125155995
296.0600375235	0.0083702022
297.0606629143	0.0103040479
298.0612883052	0.0090973640
299.0619136961	0.0077826480
300.0625390869	0.0104660787
301.0631644778	0.0144105598
302.0637898687	0.0115387305
303.0644152595	0.0087417733
304.0650406504	0.0071742466
305.0656660413	0.0012796595
306.0662914321	-0.0080930152
307.0669168230	0.0012685024
308.0675422139	0.0075545991
309.0681676048	0.0083785255
310.0687929956	0.0054424338
311.0694183865	-0.0026422023
312.0700437774	-0.0015008656
313.0706691682	0.0020303472
314.0712945591	0.0038859829
315.0719199500	0.0076990804
316.0725453408	0.0107097562
317.0731707317	0.0084654120
318.0737961226	0.0116282165
319.0744215134	0.0153505688
320.0750469043	0.0129752247
321.0756722952	0.0093942145
322.0762976861	0.0066582573
323.0769230769	0.0067948680
324.0775484678	0.0110475343
325.0781738587	0.0128699928
326.0787992495	0.0129863507
327.0794246404	0.0149765878
328.0800500313	0.0140005994
329.0806754221	0.0139471939
330.0813008130	0.0104191228
331.0819262039	0.0078726565
332.0825515947	0.0112719334
333.0831769856	0.0081984954
334.0838023765	0.0025547075
335.0844277674	0.0057170687
336.0850531582	0.0125880585
337.0856785491	0.0147365387
338.0863039400	0.0153089927
339.0869293308	0.0127152171
340.0875547217	0.0123045729
341.0881801126	0.0137004734
342.0888055034	0.0142658159
343.0894308943	0.0168371186
344.0900562852	0.0161889907
345.0906816760	0.0181235295
346.0913070669	0.0204775555
347.0919324578	0.0179147847
348.0925578487	0.0204373766
349.0931832395	0.0155918741
350.0938086304	0.0105905644
351.0944340213	0.0101613461
352.0950594121	0.0161341529
353.0956848030	0.0127586056
354.0963101939	0.0128995492
355.0969355847	0.0127517911
356.0975609756	0.0135602391
357.0981863665	0.0183314780
358.0988117573	0.0172434265
359.0994371482	0.0123606693
360.1000625391	0.0095360472
361.1006879300	0.0093473569
362.1013133208	0.0093678884
363.1019387117	0.0118068109
364.1025641026	0.0107617442
365.1031894934	0.0113514467
366.1038148843	0.0126625378
367.1044402752	0.0109939887
368.1050656660	0.0111586265
369.1056910569	0.0130802814
370.1063164478	0.0156768587
371.1069418386	0.0141595373
372.1075672295	0.0121160128
373.1081926204	0.0158521472
374.1088180113	0.0130199335
375.1094434021	0.0102430493
376.1100687930	0.0127122167
377.1106941839	0.0175191697
378.1113195747	0.0147500649
379.1119449656	0.0082591604
380.1125703565	0.0143892064
381.1131957473	0.0184186184
382.1138211382	0.0148084743
383.1144465291	0.0149270665
384.1150719199	0.0160323463
385.1156973108	0.0158016484
386.1163227017	0.0180676336
387.1169480926	0.0199769181
388.1175734834	0.0194341369
389.1181988743	0.0186289084
390.1188242652	0.0187057039
391.1194496560	0.0170451544
392.1200750469	0.0152063469
393.1207004378	0.0179730360
394.1213258286	0.0187686838
395.1219512195	0.0085900910
396.1225766104	0.0148906513
397.1232020013	0.0117552473
398.1238273921	0.0126169761
399.1244527830	0.0197074596
400.1250781739	0.0210133661
401.1257035647	0.0180990977
402.1263289556	0.0224783635
403.1269543465	0.0236022040
404.1275797373	0.0214947174
405.1282051282	0.0216394302
406.1288305191	0.0211191838
407.1294559099	0.0213877947
408.1300813008	0.0240679277
409.1307066917	0.0254534378
410.1313320826	0.0227670499
411.1319574734	0.0303837065
412.1325828643	0.0249962586
413.1332082552	0.0283137165
414.1338336460	0.0316651695
415.1344590369	0.0265039828
416.1350844278	0.0308507158
417.1357098186	0.0335127057
418.1363352095	0.0308749541
419.1369606004	0.0293617030
420.1375859912	0.0317916502
421.1382113821	0.0296293507
422.1388367730	0.0294921532
423.1394621639	0.0288304169
424.1400875547	0.0269448349
425.1407129456	0.0227674533
426.1413383365	0.0201225941
427.1419637273	0.0267444621
428.1425891182	0.0230473849
429.1432145091	0.0204104532
430.1438398999	0.0244194898
431.1444652908	0.0274579606
432.1450906817	0.0276871034
433.1457160725	0.0273368153
434.1463414634	0.0233674523
435.1469668543	0.0229300458
436.1475922452	0.0265041252
437.1482176360	0.0274377654
438.1488430269	0.0313727888
439.1494684178	0.0317621871
440.1500938086	0.0320604392
441.1507191995	0.0325596527
442.1513445904	0.0311159719
443.1519699812	0.0314433333
444.1525953721	0.0326671435
445.1532207630	0.0304044064
446.1538461538	0.0267008618
447.1544715447	0.0281220469
448.1550969356	0.0291571104
449.1557223265	0.0255780945
450.1563477173	0.0273985078
451.1569731082	0.0316185447
452.1575984991	0.0324756265
453.1582238899	0.0330056319
454.1588492808	0.0335154148
455.1594746717	0.0294603221
456.1601000625	0.0348882246
457.1607254534	0.0369886156
458.1613508443	0.0374743077
459.1619762351	0.0377862259
460.1626016260	0.0331373874
461.1632270169	0.0242208363
462.1638524078	0.0285900612
463.1644777986	0.0298796578
464.1651031895	0.0266445136
465.1657285804	0.0263628494
466.1663539712	0.0281844607
467.1669793621	0.0344093977
468.1676047530	0.0307860682
469.1682301438	0.0268335035
470.1688555347	0.0323324359
471.1694809256	0.0403381388
472.1701063164	0.0342832886
473.1707317073	0.0335092243
474.1713570982	0.0354211821
475.1719824891	0.0371438283
476.1726078799	0.0378378923
477.1732332708	0.0364566923
478.1738586617	0.0403986064
479.1744840525	0.0407143476
480.1751094434	0.0359616671
481.1757348343	0.0323135833
482.1763602251	0.0370291603
483.1769856160	0.0368759617
484.1776110069	0.0379542338
485.1782363977	0.0375740140
486.1788617886	0.0351114545
487.1794871795	0.0374405560
488.1801125704	0.0372223753
489.1807379612	0.0371074751
490.1813633521	0.0370857262
491.1819887430	0.0369940909
492.1826141338	0.0366076371
493.1832395247	0.0372214479
494.1838649156	0.0390337054
495.1844903064	0.0350097223
496.1851156973	0.0348130512
497.1857410882	0.0393364426
498.1863664790	0.0375921181
499.1869918699	0.0379228712
500.1876172608	0.0361075492
501.1882426517	0.0301632857
502.1888680425	0.0309823052
503.1894934334	0.0356146809
504.1901188243	0.0365508454
505.1907442151	0.0377066990
506.1913696060	0.0344290958
507.1919949969	0.0337218844
508.1926203877	0.0368830954
509.1932457786	0.0401496737
510.1938711695	0.0409969741
511.1944965604	0.0377567359
512.1951219512	0.0379915764
513.1957473421	0.0431340316
514.1963727330	0.0415670648
515.1969981238	0.0373822930
516.1976235147	0.0386186265
517.1982489056	0.0443245321
518.1988742964	0.0403781025
519.1994996873	0.0371631524
520.2001250782	0.0417711607
521.2007504690	0.0473209757
522.2013758599	0.0437265574
523.2020012508	0.0437415344
524.2026266417	0.0512870288
525.2032520325	0.0544366369
526.2038774234	0.0495292646
527.2045028143	0.0416825685
528.2051282051	0.0468911021
529.2057535960	0.0541296415
530.2063789869	0.0529444057
531.2070043777	0.0507241039
532.2076297686	0.0524716275
533.2082551595	0.0573014223
534.2088805503	0.0465862565
535.2095059412	0.0476644017
536.2101313321	0.0504984896
537.2107567230	0.0516137489
538.2113821138	0.0526327789
539.2120075047	0.0580247615
540.2126328956	0.0435385873
541.2132582864	0.0487611567
542.2138836773	0.0568018740
543.2145090682	0.0585083484
544.2151344590	0.0581206130
545.2157598499	0.0575661052
546.2163852408	0.0609723781
547.2170106316	0.0620576042
548.2176360225	0.0588237686
549.2182614134	0.0562045260
550.2188868043	0.0589161087
551.2195121951	0.0560760713
552.2201375860	0.0549537993
553.2207629769	0.0546047406
554.2213883677	0.0507744304
555.2220137586	0.0489050368
556.2226391495	0.0551624959
557.2232645403	0.0545214647
558.2238899312	0.0511536827
559.2245153221	0.0491712727
560.2251407129	0.0511770824
561.2257661038	0.0553508281
562.2263914947	0.0578034891
563.2270168856	0.0568516013
564.2276422764	0.0531617249
565.2282676673	0.0522281619
566.2288930582	0.0562159731
567.2295184490	0.0584590105
568.2301438399	0.0569353130
569.2307692308	0.0554157184
570.2313946216	0.0563882244
571.2320200125	0.0549560217
572.2326454034	0.0557206675
573.2332707942	0.0564281902
574.2338961851	0.0570518726
575.2345215760	0.0608484954
576.2351469669	0.0620365456
577.2357723577	0.0573404777
578.2363977486	0.0620045988
579.2370231395	0.0659814651
580.2376485303	0.0628648671
581.2382739212	0.0602683612
582.2388993121	0.0654019814
583.2395247029	0.0602386664
584.2401500938	0.0646456887
585.2407754847	0.0674707560
586.2414008755	0.0609733104
587.2420262664	0.0641485773
588.2426516573	0.0613595736
589.2432770482	0.0647268568
590.2439024390	0.0664643926
591.2445278299	0.0668373692
592.2451532208	0.0686521504
593.2457786116	0.0637299402
594.2464040025	0.0686119565
595.2470293934	0.0700920115
596.2476547842	0.0653601063
597.2482801751	0.0618512172
598.2489055660	0.0704043107
599.2495309568	0.0761635596
600.2501563477	0.0714831260
601.2507817386	0.0691062714
602.2514071295	0.0708594717
603.2520325203	0.0737218451
604.2526579112	0.0728318791
605.2532833021	0.0694536094
606.2539086929	0.0682941052
607.2545340838	0.0675705046
608.2551594747	0.0692839620
609.2557848655	0.0737196456
610.2564102564	0.0730793456
611.2570356473	0.0672998190
612.2576610381	0.0712271193
613.2582864290	0.0710677871
614.2589118199	0.0679128970
615.2595372108	0.0697075109
616.2601626016	0.0694869749
617.2607879925	0.0645922624
618.2614133834	0.0642276786
619.2620387742	0.0676818171
620.2626641651	0.0655508487
621.2632895560	0.0662316940
622.2639149468	0.0704805408
623.2645403377	0.0625990083
624.2651657286	0.0582401734
625.2657911194	0.0641979181
626.2664165103	0.0703431395
627.2670419012	0.0711647271
628.2676672921	0.0700804946
629.2682926829	0.0673543124
630.2689180738	0.0643074920
631.2695434647	0.0622986843
632.2701688555	0.0619061574
633.2707942464	0.0600011453
634.2714196373	0.0557777672
635.2720450281	0.0499905996
636.2726704190	0.0435689234
637.2732958099	0.0386463133
638.2739212008	0.0323606095
639.2745465916	0.0245737518
640.2751719825	0.0165472596
641.2757973734	0.0077318472
642.2764227642	-0.0023184873
643.2770481551	-0.0111850671
644.2776735460	-0.0126574796
645.2782989368	-0.0127844945
646.2789243277	-0.0181540866
647.2795497186	-0.0240150348
648.2801751094	-0.0226892147
649.2808005003	-0.0239321982
650.2814258912	-0.0246161651
651.2820512821	-0.0157598844
652.2826766729	-0.0128245569
653.2833020638	-0.0141133698
654.2839274547	-0.0053035888
655.2845528455	-0.0011587537
656.2851782364	0.0033655661
657.2858036273	0.0151395234
658.2864290181	0.0220195512
659.2870544090	0.0266598345
660.2876797999	0.0399796775
661.2883051907	0.0414540048
662.2889305816	0.0546181608
663.2895559725	0.0547200879
664.2901813634	0.0572901821
665.2908067542	0.0650825200
666.2914321451	0.0670322245
667.2920575360	0.0732324882
668.2926829268	0.0726155019
669.2933083177	0.0721329853
670.2939337086	0.0759523633
671.2945590994	0.0792756109
672.2951844903	0.0744540761
673.2958098812	0.0687880872
674.2964352720	0.0676463753
675.2970606629	0.0664146323
676.2976860538	0.0631396510
677.2983114447	0.0605849657
678.2989368355	0.0654102082
679.2995622264	0.0729551690
680.3001876173	0.0694953118
681.3008130081	0.0624638549
682.3014383990	0.0645010385
683.3020637899	0.0670844079
684.3026891807	0.0643691857
685.3033145716	0.0624290202
686.3039399625	0.0604849990
687.3045653533	0.0611274947
688.3051907442	0.0621852097
689.3058161351	0.0646771197
690.3064415260	0.0626195644
691.3070669168	0.0590057461
692.3076923077	0.0596483906
693.3083176986	0.0624541315
694.3089430894	0.0649981295
695.3095684803	0.0664639897
696.3101938712	0.0614671843
697.3108192620	0.0583641532
698.3114446529	0.0613445034
699.3120700438	0.0634962108
700.3126954346	0.0595090575
701.3133208255	0.0595570610
702.3139462164	0.0587868390
703.3145716073	0.0615910730
704.3151969981	0.0659669564
705.3158223890	0.0676494772
706.3164477799	0.0653141050
707.3170731707	0.0623607869
708.3176985616	0.0609419941
709.3183239525	0.0621470935
710.3189493433	0.0603914070
711.3195747342	0.0575380694
712.3202001251	0.0567841187
713.3208255159	0.0544801117
714.3214509068	0.0571017274
715.3220762977	0.0564906786
716.3227016886	0.0537211074
717.3233270794	0.0547834381
718.3239524703	0.0595888653
719.3245778612	0.0582182417
720.3252032520	0.0612479704
721.3258286429	0.0620937236
722.3264540338	0.0576386240
723.3270794246	0.0569494627
724.3277048155	0.0621943579
725.3283302064	0.0642476185
726.3289555972	0.0625235917
727.3295809881	0.0633940082
728.3302063790	0.0656828670
729.3308317699	0.0639008115
730.3314571607	0.0611310327
731.3320825516	0.0608448420
732.3327079425	0.0555547992
733.3333333333	0.0563488160
734.3339587242	0.0552901670
735.3345841151	0.0548317252
736.3352095059	0.0567104359
737.3358348968	0.0593460586
738.3364602877	0.0598283051
739.3370856785	0.0571561955
740.3377110694	0.0550449392
741.3383364603	0.0583316386
742.3389618512	0.0583959037
743.3395872420	0.0573228538
744.3402126329	0.0593439651
745.3408380238	0.0572699453
746.3414634146	0.0549954191
747.3420888055	0.0567957082
748.3427141964	0.0637651624
749.3433395872	0.0657913426
750.3439649781	0.0625639488
751.3445903690	0.0587646552
752.3452157598	0.0536112044
753.3458411507	0.0534430167
754.3464665416	0.0601213775
755.3470919325	0.0562259296
756.3477173233	0.0555896842
757.3483427142	0.0594962899
758.3489681051	0.0619916352
759.3495934959	0.0605502067
760.3502188868	0.0530253943
761.3508442777	0.0436004918
762.3514696685	0.0560718167
763.3520950594	0.0593209944
764.3527204503	0.0532451240
765.3533458412	0.0516932268
766.3539712320	0.0566669017
767.3545966229	0.0604854905
768.3552220138	0.0591017604
769.3558474046	0.0600164286
770.3564727955	0.0580314549
771.3570981864	0.0530498661
772.3577235772	0.0503086955
773.3583489681	0.0518612323
774.3589743590	0.0499412166
775.3595997498	0.0520332125
776.3602251407	0.0476031481
777.3608505316	0.0540827829
778.3614759225	0.0553763886
779.3621013133	0.0488148676
780.3627267042	0.0498860546
781.3633520951	0.0443136153
782.3639774859	0.0432961827
783.3646028768	0.0411729642
784.3652282677	0.0466397291
785.3658536585	0.0503445950
786.3664790494	0.0449985564
787.3671044403	0.0462311123
788.3677298311	0.0483222112
789.3683552220	0.0474524160
790.3689806129	0.0481776851
791.3696060038	0.0499714254
792.3702313946	0.0508723544
793.3708567855	0.0475047634
794.3714821764	0.0408310947
795.3721075672	0.0447114573
796.3727329581	0.0470393048
797.3733583490	0.0430712403
798.3739837398	0.0349084544
799.3746091307	0.0384681978
800.3752345216	0.0488288330
801.3758599124	0.0422056190
802.3764853033	0.0434787101
803.3771106942	0.0453474140
804.3777360851	0.0404642259
805.3783614759	0.0359663876
806.3789868668	0.0414972380
807.3796122577	0.0473382536
808.3802376485	0.0476781632
809.3808630394	0.0481055404
810.3814884303	0.0480626264
811.3821138211	0.0457262489
812.3827392120	0.0449079202
813.3833646029	0.0450053557
814.3839899937	0.0454223676
815.3846153846	0.0462060610
816.3852407755	0.0451009218
817.3858661664	0.0422986673
818.3864915572	0.0417792987
819.3871169481	0.0484379578
820.3877423390	0.0469222116
821.3883677298	0.0444648894
822.3889931207	0.0444644460
823.3896185116	0.0429739800
824.3902439024	0.0410590441
825.3908692933	0.0475774605
826.3914946842	0.0428538379
827.3921200750	0.0392127127
828.3927454659	0.0435638419
829.3933708568	0.0487122619
830.3939962477	0.0507297949
831.3946216385	0.0539557909
832.3952470294	0.0500648252
833.3958724203	0.0493159730
834.3964978111	0.0483970114
835.3971232020	0.0485701145
836.3977485929	0.0494695594
837.3983739837	0.0496031022
838.3989993746	0.0487875158
839.3996247655	0.0511343692
840.4002501563	0.0483420787
841.4008755472	0.0432752555
842.4015009381	0.0463285837
843.4021263290	0.0494337157
844.4027517198	0.0439975318
845.4033771107	0.0461792445
846.4040025016	0.0483688334
847.4046278924	0.0480203575
848.4052532833	0.0471634798
849.4058786742	0.0453252448
850.4065040650	0.0417921260
851.4071294559	0.0394184565
852.4077548468	0.0426521612
853.4083802376	0.0433102865
854.4090056285	0.0467791451
855.4096310194	0.0469106405
856.4102564103	0.0443610892
857.4108818011	0.0418933291
858.4115071920	0.0414168313
859.4121325829	0.0437731164
860.4127579737	0.0458038306
861.4133833646	0.0440289247
862.4140087555	0.0425051061
863.4146341463	0.0438032183
864.4152595372	0.0454292196
865.4158849281	0.0440577275
866.4165103189	0.0419693931
867.4171357098	0.0409812208
868.4177611007	0.0397090451
869.4183864916	0.0397237182
870.4190118824	0.0428821994
871.4196372733	0.0410582007
872.4202626642	0.0352431276
873.4208880550	0.0362672132
874.4215134459	0.0378086281
875.4221388368	0.0368935703
876.4227642276	0.0373272581
877.4233896185	0.0377434499
878.4240150094	0.0401592936
879.4246404003	0.0425655251
880.4252657911	0.0452611504
881.4258911820	0.0466120619
882.4265165729	0.0484141427
883.4271419637	0.0536861982
884.4277673546	0.0625936405
885.4283927455	0.0758404306
886.4290181363	0.0840822316
887.4296435272	0.0920317932
888.4302689181	0.0935826443
889.4308943089	0.0885376080
890.4315196998	0.0868838338
891.4321450907	0.0933701962
892.4327704816	0.0806378905
893.4333958724	0.0678374761
894.4340212633	0.0683905278
895.4346466542	0.0708796235
896.4352720450	0.0665259273
897.4358974359	0.0551763472
898.4365228268	0.0441262332
899.4371482176	0.0424295973
900.4377736085	0.0358557501
901.4383989994	0.0262265765
902.4390243902	0.0286031277
903.4396497811	0.0286523342
904.4402751720	0.0241758184
905.4409005629	0.0236480522
906.4415259537	0.0224034122
907.4421513446	0.0224082239
908.4427767355	0.0185205024
909.4434021263	0.0160801603
910.4440275172	0.0169581485
911.4446529081	0.0164630230
912.4452782989	0.0128630576
913.4459036898	0.0132158898
914.4465290807	0.0142621762
915.4471544715	0.0122758980
916.4477798624	0.0132732420
917.4484052533	0.0169672921
918.4490306442	0.0164927711
919.4496560350	0.0128463047
920.4502814259	0.0131900574
921.4509068168	0.0115509035
922.4515322076	0.0092539143
923.4521575985	0.0113204316
924.4527829894	0.0122265907
925.4534083802	0.0119395944
926.4540337711	0.0120733472
927.4546591620	0.0090802092
928.4552845528	0.0080673136
929.4559099437	0.0097583163
930.4565353346	0.0061400640
931.4571607255	0.0054485592
932.4577861163	0.0096781398
933.4584115072	0.0088192625
934.4590368981	0.0063354405
935.4596622889	0.0084762206
936.4602876798	0.0079907865
937.4609130707	0.0067354638
938.4615384615	0.0060322368
939.4621638524	0.0048489485
940.4627892433	0.0077519626
941.4634146341	0.0086300081
942.4640400250	0.0090292371
943.4646654159	0.0064348024
944.4652908068	0.0029796644
945.4659161976	0.0013082771
946.4665415885	-0.0000168246
947.4671669794	-0.0007158363
948.4677923702	0.0070523202
949.4684177611	0.0094851811
950.4690431520	-0.0009587711
951.4696685428	-0.0014671160
952.4702939337	0.0048457093
953.4709193246	0.0071579860
954.4715447154	0.0031683558
955.4721701063	0.0005543603
956.4727954972	0.0032425609
957.4734208881	-0.0056848831
958.4740462789	0.0054057638
959.4746716698	0.0055852719
960.4752970607	0.0017327346
961.4759224515	-0.0011541218
962.4765478424	-0.0075842477
963.4771732333	0.0062829804
964.4777986241	0.0036980812
965.4784240150	-0.0008373370
966.4790494059	-0.0008776549
967.4796747967	0.0005503704
968.4803001876	0.0000866998
969.4809255785	-0.0003634583
970.4815509694	0.0010876550
971.4821763602	-0.0064351372
972.4828017511	-0.0071200758
973.4834271420	-0.0086474591
974.4840525328	-0.0043169126
975.4846779237	-0.0049935943
976.4853033146	-0.0066345067
977.4859287054	-0.0015273055
978.4865540963	-0.0010057935
979.4871794872	-0.0009572016
980.4878048780	0.0004412502
981.4884302689	-0.0031451186
982.4890556598	0.0002646759
983.4896810507	0.0017870901
984.4903064415	-0.0010686073
985.4909318324	0.0019340861
986.4915572233	0.0044346898
987.4921826141	-0.0016495478
988.4928080050	-0.0064867147
989.4934333959	-0.0066244906
990.4940587867	-0.0037168200
991.4946841776	0.0026606317
992.4953095685	0.0028066820
993.4959349593	-0.0023434722
994.4965603502	-0.0047694433
995.4971857411	-0.0035781180
996.4978111320	-0.0026282720
997.4984365228	-0.0034015667
998.4990619137	-0.0041101354
999.4996873046	-0.0083853133
1000.5003126954	0.0023274275
1001.5009380863	0.0029247693
1002.5015634772	-0.0024605430
1003.5021888680	-0.0035708630
1004.5028142589	0.0003322713
1005.5034396498	0.0040152506
1006.5040650407	0.0029379199
1007.5046904315	0.0065241245
1008.5053158224	0.0107249199
1009.5059412133	0.0140722879
1010.5065666041	0.0128901611
1011.5071919950	0.0093822870
1012.5078173859	0.0091381596
1013.5084427767	0.0095269992
1014.5090681676	0.0063907183
1015.5096935585	0.0075248331
1016.5103189493	0.0018583101
1017.5109443402	0.0096212497
1018.5115697311	0.0133641740
1019.5121951220	0.0105031830
1020.5128205128	0.0077397169
1021.5134459037	0.0092581230
1022.5140712946	0.0117369018
1023.5146966854	0.0095546301
1024.5153220763	0.0149566146
1025.5159474672	0.0099086644
1026.5165728580	0.0064520577
1027.5171982489	0.0081478619
1028.5178236398	0.0131181803
1029.5184490306	0.0180449307
1030.5190744215	0.0171024419
1031.5196998124	0.0074307613
1032.5203252033	0.0132916171
1033.5209505941	0.0190235614
1034.5215759850	0.0168613863
1035.5222013759	0.0202037029
1036.5228267667	0.0221170153
1037.5234521576	0.0203864330
1038.5240775485	0.0175464548
1039.5247029393	0.0144519684
1040.5253283302	0.0202918376
1041.5259537211	0.0216465232
1042.5265791119	0.0212765999
1043.5272045028	0.0189075849
1044.5278298937	0.0201761284
1045.5284552846	0.0251299019
1046.5290806754	0.0311379721
1047.5297060663	0.0374308587
1048.5303314572	0.0457070661
1049.5309568480	0.0556148632
1050.5315822389	0.0638628101
1051.5322076298	0.0788499882
1052.5328330206	0.1028485841
1053.5334584115	0.1287328410
1054.5340838024	0.1596142260
1055.5347091932	0.1972071488
1056.5353345841	0.2510644429
1057.5359599750	0.3258865999
1058.5365853659	0.3953581013
1059.5372107567	0.4466650690
1060.5378361476	0.4916196586
1061.5384615385	0.5306524367
1062.5390869293	0.5334380539
1063.5397123202	0.5031313634
1064.5403377111	0.4454959572
1065.5409631019	0.3900043497
1066.5415884928	0.3353978206
1067.5422138837	0.2845520363
1068.5428392745	0.2400053228
1069.5434646654	0.1965591556
1070.5440900563	0.1584837004
1071.5447154472	0.1178038028
1072.5453408380	0.0859212733
1073.5459662289	0.0740302206
1074.5465916198	0.0672589767
1075.5472170106	0.0601809818
1076.5478424015	0.0534183162
1077.5484677924	0.0466355543
1078.5490931832	0.0403314079
1079.5497185741	0.0420525431
1080.5503439650	0.0391708058
1081.5509693558	0.0338433426
1082.5515947467	0.0356479961
1083.5522201376	0.0375530857
1084.5528455285	0.0336333483
1085.5534709193	0.0308043207
1086.5540963102	0.0342850328
1087.5547217011	0.0331481933
1088.5553470919	0.0337916706
1089.5559724828	0.0245261355
1090.5565978737	0.0259415898
1091.5572232645	0.0300332811
1092.5578486554	0.0290674152
1093.5584740463	0.0264051960
1094.5590994371	0.0225744599
1095.5597248280	0.0157360752
1096.5603502189	0.0176909303
1097.5609756098	0.0224113015
1098.5616010006	0.0196316968
1099.5622263915	0.0224406181
1100.5628517824	0.0257509734
1101.5634771732	0.0236943504
1102.5641025641	0.0196336466
1103.5647279550	0.0243751989
1104.5653533458	0.0312565939
1105.5659787367	0.0289447333
1106.5666041276	0.0308006123
1107.5672295184	0.0283961712
1108.5678549093	0.0340932687
1109.5684803002	0.0372940759
1110.5691056911	0.0384250551
1111.5697310819	0.0415578867
1112.5703564728	0.0424701696
1113.5709818637	0.0474059077
1114.5716072545	0.0543253251
1115.5722326454	0.0560836124
1116.5728580363	0.0641420756
1117.5734834271	0.0753264015
1118.5741088180	0.0851493721
1119.5747342089	0.1000951348
1120.5753595997	0.1185683947
1121.5759849906	0.1388101442
1122.5766103815	0.1664652240
1123.5772357724	0.2014138275
1124.5778611632	0.2437764056
1125.5784865541	0.2918060077
1126.5791119450	0.3524026681
1127.5797373358	0.4260009389
1128.5803627267	0.4960869199
1129.5809881176	0.5516689105
1130.5816135084	0.5985163694
1131.5822388993	0.6152199679
1132.5828642902	0.5993270072
1133.5834896811	0.5551673188
1134.5841150719	0.4928668940
1135.5847404628	0.4230759859
1136.5853658537	0.3554649667
1137.5859912445	0.2947407381
1138.5866166354	0.2366210100
1139.5872420263	0.1915541897
1140.5878674171	0.1361281181
1141.5884928080	0.1027796847
1142.5891181989	0.0743558979
1143.5897435897	0.0524630841
1144.5903689806	0.0348024020
1145.5909943715	0.0230480980
1146.5916197624	0.0211920064
1147.5922451532	0.0183826671
1148.5928705441	0.0081062421
1149.5934959350	0.0166825727
1150.5941213258	0.0108746147
1151.5947467167	0.0074727304
1152.5953721076	0.0068408787
1153.5959974984	0.0065574185
1154.5966228893	0.0051758585
1155.5972482802	0.0016519319
1156.5978736710	-0.0017927368
1157.5984990619	0.0027909636
1158.5991244528	0.0089043710
1159.5997498437	0.0118121124
1160.6003752345	0.0133851279
1161.6010006254	0.0194339654
1162.6016260163	0.0273656913
1163.6022514071	0.0360508289
1164.6028767980	0.0463809544
1165.6035021889	0.0582235725
1166.6041275797	0.0749100390
1167.6047529706	0.0942452741
1168.6053783615	0.1054689758
1169.6060037523	0.1081051171
1170.6066291432	0.1029037582
1171.6072545341	0.0935514356
1172.6078799250	0.0833245080
1173.6085053158	0.0694186943
1174.6091307067	0.0568568796
1175.6097560976	0.0458915200
1176.6103814884	0.0320533478
1177.6110068793	0.0215512759
1178.6116322702	0.0177566816
1179.6122576610	0.0171432365
1180.6128830519	0.0139916204
1181.6135084428	0.0070564556
1182.6141338336	-0.0008294750
1183.6147592245	0.0002004810
1184.6153846154	0.0013018554
1185.6160100063	-0.0014212905
1186.6166353971	0.0015615856
1187.6172607880	-0.0014617010
1188.6178861789	-0.0064651842
1189.6185115697	-0.0052630031
1190.6191369606	-0.0040376965
1191.6197623515	-0.0064097876
1192.6203877423	-0.0017753203
1193.6210131332	-0.0022235035
1194.6216385241	0.0069600533
1195.6222639149	-0.0002350550
1196.6228893058	-0.0047702037
1197.6235146967	-0.0025460088
1198.6241400876	0.0002611004
1199.6247654784	-0.0002297378
1200.6253908693	-0.0041897664
1201.6260162602	-0.0082264074
1202.6266416510	-0.0051780690
1203.6272670419	0.0009089114
1204.6278924328	-0.0029222542
1205.6285178236	0.0036060791
1206.6291432145	0.0084473353
1207.6297686054	0.0105386088
1208.6303939962	0.0120490824
1209.6310193871	0.0074874885
1210.6316447780	-0.0016681355
1211.6322701689	-0.0016894972
1212.6328955597	0.0055191122
1213.6335209506	0.0086994021
1214.6341463415	0.0114303403
1215.6347717323	0.0093830015
1216.6353971232	0.0065445640
1217.6360225141	0.0054143731
1218.6366479049	0.0044048200
1219.6372732958	0.0062727171
1220.6378986867	0.0081848494
1221.6385240775	0.0044306855
1222.6391494684	0.0088299159
1223.6397748593	0.0151404984
1224.6404002502	0.0006928609
1225.6410256410	-0.0003554778
1226.6416510319	-0.0001561241
1227.6422764228	0.0038561433
1228.6429018136	0.0085988333
1229.6435272045	0.0095226356
1230.6441525954	0.0081431003
1231.6447779862	0.0093325876
1232.6454033771	0.0075790869
1233.6460287680	0.0055415411
1234.6466541588	0.0100083271
1235.6472795497	0.0113026651
1236.6479049406	0.0085168899
1237.6485303315	0.0034180041
1238.6491557223	0.0010170241
1239.6497811132	0.0011598274
1240.6504065041	0.0029248355
1241.6510318949	-0.0008243642
1242.6516572858	-0.0033711953
1243.6522826767	-0.0039412762
1244.6529080675	-0.0030432854
1245.6535334584	-0.0040149448
1246.6541588493	-0.0010764975
1247.6547842402	-0.0008380557
1248.6554096310	-0.0082049158
1249.6560350219	-0.0114781497
1250.6566604128	-0.0089913880
1251.6572858036	-0.0024819943
1252.6579111945	-0.0069465450
1253.6585365854	-0.0116674387
1254.6591619762	-0.0169248126
1255.6597873671	-0.0132584315
1256.6604127580	-0.0111950531
1257.6610381488	-0.0094208440
1258.6616635397	-0.0054016732
1259.6622889306	-0.0013212389
1260.6629143215	0.0008401694
1261.6635397123	0.0018418745
1262.6641651032	0.0023819568
1263.6647904941	0.0122399619
1264.6654158849	0.0137097249
1265.6660412758	0.0208801622
1266.6666666667	0.0250931732
1267.6672920575	0.0265358589
1268.6679174484	0.0295576994
1269.6685428393	0.0311615350
1270.6691682301	0.0300200298
1271.6697936210	0.0291666450
1272.6704190119	0.0284975948
1273.6710444028	0.0293506663
1274.6716697936	0.0337853066
1275.6722951845	0.0342445460
1276.6729205754	0.0312450961
1277.6735459662	0.0372616205
1278.6741713571	0.0416294074
1279.6747967480	0.0428737286
1280.6754221388	0.0415519787
1281.6760475297	0.0460557494
1282.6766729206	0.0562026502
1283.6772983114	0.0664240039
1284.6779237023	0.0830372418
1285.6785490932	0.1075648289
1286.6791744841	0.1420220341
1287.6797998749	0.1871774255
1288.6804252658	0.2480660383
1289.6810506567	0.3333109916
1290.6816760475	0.4398807581
1291.6823014384	0.5716181890
1292.6829268293	0.7148574303
1293.6835522201	0.8293624361
1294.6841776110	0.8755848007
1295.6848030019	0.8399876236
1296.6854283927	0.7544145469
1297.6860537836	0.6584599352
1298.6866791745	0.5601568100
1299.6873045654	0.4685737812
1300.6879299562	0.3877674731
1301.6885553471	0.3092568078
1302.6891807380	0.2397262623
1303.6898061288	0.1846459266
1304.6904315197	0.1433477157
1305.6910569106	0.1117437690
1306.6916823014	0.0966144910
1307.6923076923	0.0831604315
1308.6929330832	0.0719821289
1309.6935584740	0.0646544139
1310.6941838649	0.0594816616
1311.6948092558	0.0551861442
1312.6954346467	0.0493979731
1313.6960600375	0.0452333890
1314.6966854284	0.0465597605
1315.6973108193	0.0362595301
1316.6979362101	0.0351146728
1317.6985616010	0.0280428953
1318.6991869919	0.0210553887
1319.6998123827	0.0136427746
1320.7004377736	0.0038760823
1321.7010631645	0.0049315654
1322.7016885553	0.0108260784
1323.7023139462	0.0077558157
1324.7029393371	0.0035931459
1325.7035647280	0.0041196059
1326.7041901188	0.0056303772
1327.7048155097	0.0003503841
1328.7054409006	0.0045851934
1329.7060662914	0.0006411480
1330.7066916823	-0.0024738146
1331.7073170732	-0.0008606444
1332.7079424640	0.0008708292
1333.7085678549	0.0011246545
1334.7091932458	-0.0002600553
1335.7098186366	-0.0025570072
1336.7104440275	-0.0003617707
1337.7110694184	-0.0012158689
1338.7116948093	-0.0002770300
1339.7123202001	0.0031710021
1340.7129455910	0.0006514698
1341.7135709819	-0.0005725986
1342.7141963727	-0.0012650103
1343.7148217636	0.0009301742
1344.7154471545	0.0001265091
1345.7160725453	-0.0038191663
1346.7166979362	-0.0033364838
1347.7173233271	-0.0014710731
1348.7179487179	-0.0007138144
1349.7185741088	0.0005574519
1350.7191994997	-0.0010083425
1351.7198248906	0.0027381417
1352.7204502814	0.0034296845
1353.7210756723	0.0011398733
1354.7217010632	0.0012905793
1355.7223264540	0.0001318253
1356.7229518449	-0.0024890646
1357.7235772358	-0.0015014965
1358.7242026266	0.0016686931
1359.7248280175	0.0037121313
1360.7254534084	0.0062163214
1361.7260787992	0.0105058951
1362.7267041901	0.0146757655
1363.7273295810	0.0200814201
1364.7279549719	0.0257455751
1365.7285803627	0.0313885911
1366.7292057536	0.0373431829
1367.7298311445	0.0382869992
1368.7304565353	0.0341199013
1369.7310819262	0.0338179787
1370.7317073171	0.0331168549
1371.7323327079	0.0301869902
1372.7329580988	0.0305161248
1373.7335834897	0.0209657416
1374.7342088806	0.0137043232
1375.7348342714	0.0126428793
1376.7354596623	0.0120250390
1377.7360850532	0.0067261306
1378.7367104440	-0.0008232866
1379.7373358349	-0.0030363603
1380.7379612258	0.0000324604
1381.7385866166	0.0016851702
1382.7392120075	0.0004408689
1383.7398373984	-0.0043907915
1384.7404627892	-0.0085121433
1385.7410881801	-0.0062156932
1386.7417135710	-0.0084280351
1387.7423389619	-0.0130958194
1388.7429643527	-0.0132874011
1389.7435897436	-0.0104593302
1390.7442151345	-0.0101787496
1391.7448405253	-0.0124142737
1392.7454659162	-0.0135768170
1393.7460913071	-0.0137675287
1394.7467166979	-0.0145043262
1395.7473420888	-0.0141109324
1396.7479674797	-0.0129484196
1397.7485928705	-0.0079790974
1398.7492182614	-0.0063864270
1399.7498436523	-0.0081852016
1400.7504690432	-0.0085848818
1401.7510944340	-0.0056966962
1402.7517198249	-0.0030004606
1403.7523452158	-0.0025708556
1404.7529706066	-0.0005761922
1405.7535959975	0.0048852669
1406.7542213884	0.0106162789
1407.7548467792	0.0220577559
1408.7554721701	0.0412694026
1409.7560975610	0.0570005145
1410.7567229518	0.0785961706
1411.7573483427	0.1099880288
1412.7579737336	0.1444868345
1413.7585991245	0.1838697546
1414.7592245153	0.2292553504
1415.7598499062	0.2706699567
1416.7604752971	0.2958284552
1417.7611006879	0.3012967027
1418.7617260788	0.2905934648
1419.7623514697	0.2755560599
1420.7629768605	0.2570500321
1421.7636022514	0.2370958461
1422.7642276423	0.2196824601
1423.7648530331	0.2047109315
1424.7654784240	0.1937924795
1425.7661038149	0.1849347600
1426.7667292058	0.1826158877
1427.7673545966	0.1902329916
1428.7679799875	0.2065045773
1429.7686053784	0.2341002795
1430.7692307692	0.2721611475
1431.7698561601	0.3220021932
1432.7704815510	0.3752570176
1433.7711069418	0.4339005352
1434.7717323327	0.5076225264
1435.7723577236	0.5976425945
1436.7729831144	0.6906148710
1437.7736085053	0.7593485409
1438.7742338962	0.7988746851
1439.7748592871	0.8118550418
1440.7754846779	0.7912595816
1441.7761100688	0.7477723726
1442.7767354597	0.6944378003
1443.7773608505	0.6439115937
1444.7779862414	0.5797571776
1445.7786116323	0.5296529948
1446.7792370231	0.4973487339
1447.7798624140	0.4654165035
1448.7804878049	0.4352956978
1449.7811131957	0.4230783197
1450.7817385866	0.4150165815
1451.7823639775	0.4100225657
1452.7829893684	0.4141133151
1453.7836147592	0.4248180383
1454.7842401501	0.4369917680
1455.7848655410	0.4440569211
1456.7854909318	0.4651277182
1457.7861163227	0.4727311202
1458.7867417136	0.4748381957
1459.7873671044	0.4912143506
1460.7879924953	0.5000317999
1461.7886178862	0.4929961953
1462.7892432770	0.4881253441
1463.7898686679	0.4770577732
1464.7904940588	0.4567380415
1465.7911194497	0.4361366327
1466.7917448405	0.4124402389
1467.7923702314	0.3784864056
1468.7929956223	0.3449754969
1469.7936210131	0.3159521840
1470.7942464040	0.2800590649
1471.7948717949	0.2471303656
1472.7954971857	0.2205538111
1473.7961225766	0.1967059703
1474.7967479675	0.1672831760
1475.7973733583	0.1440708979
1476.7979987492	0.1314306287
1477.7986241401	0.1166414775
1478.7992495310	0.0993209974
1479.7998749218	0.0893969099
1480.8005003127	0.0821550651
1481.8011257036	0.0756474376
1482.8017510944	0.0657333119
1483.8023764853	0.0571457352
1484.8030018762	0.0493396328
1485.8036272670	0.0455927683
1486.8042526579	0.0472758521
1487.8048780488	0.0401387550
1488.8055034396	0.0334864906
1489.8061288305	0.0299002957
1490.8067542214	0.0258687704
1491.8073796123	0.0224154294
1492.8080050031	0.0206780483
1493.8086303940	0.0198658010
1494.8092557849	0.0159782041
1495.8098811757	0.0103574439
1496.8105065666	0.0110545486
1497.8111319575	0.0147094635
1498.8117573483	0.0105458304
1499.8123827392	0.0099685754
1500.8130081301	0.0081140438
1501.8136335210	0.0061313105
1502.8142589118	0.0060612388
1503.8148843027	0.0074104057
1504.8155096936	0.0104293410
1505.8161350844	0.0059468842
1506.8167604753	-0.0003177823
1507.8173858662	-0.0003885411
1508.8180112570	0.0004638921
1509.8186366479	-0.0018282256
1510.8192620388	-0.0028246252
1511.8198874296	0.0001696596
1512.8205128205	-0.0036559419
1513.8211382114	-0.0047068050
1514.8217636023	-0.0010887671
1515.8223889931	0.0049013517
1516.8230143840	0.0069819700
1517.8236397749	-0.0011551059
1518.8242651657	0.0018257901
1519.8248905566	0.0015244795
1520.8255159475	0.0013379805
1521.8261413383	0.0001492285
1522.8267667292	-0.0046869412
1523.8273921201	-0.0061693147
1524.8280175109	-0.0043997937
1525.8286429018	-0.0060544327
1526.8292682927	-0.0057736270
1527.8298936836	-0.0028511810
1528.8305190744	0.0010526173
1529.8311444653	-0.0027351046
1530.8317698562	-0.0010245722
1531.8323952470	-0.0011406502
1532.8330206379	-0.0030421072
1533.8336460288	-0.0034000015
1534.8342714196	-0.0020998705
1535.8348968105	0.0009276717
1536.8355222014	0.0013797702
1537.8361475922	-0.0031371606
1538.8367729831	-0.0038315504
1539.8373983740	0.0007610320
1540.8380237649	0.0024859725
1541.8386491557	0.0007972441
1542.8392745466	0.0031691706
1543.8398999375	0.0056112996
1544.8405253283	0.0046624292
1545.8411507192	0.0019742832
1546.8417761101	0.0011425997
1547.8424015009	0.0032976661
1548.8430268918	0.0047206483
1549.8436522827	0.0028930673
1550.8442776735	0.0024482707
1551.8449030644	0.0047528573
1552.8455284553	0.0063152516
1553.8461538462	0.0073951399
1554.8467792370	0.0070670147
1555.8474046279	0.0032693260
1556.8480300188	0.0023470794
1557.8486554096	0.0094290768
1558.8492808005	0.0098156384
1559.8499061914	-0.0002940006
1560.8505315822	-0.0017649850
1561.8511569731	0.0021840018
1562.8517823640	0.0042019010
1563.8524077548	0.0012870436
1564.8530331457	0.0036423354
1565.8536585366	0.0082461206
1566.8542839275	0.0107257605
1567.8549093183	0.0055980695
1568.8555347092	-0.0000309720
1569.8561601001	0.0013461819
1570.8567854909	0.0036241068
1571.8574108818	0.0056716612
1572.8580362727	0.0102855793
1573.8586616635	0.0089050665
1574.8592870544	0.0126762490
1575.8599124453	0.0092197437
1576.8605378361	0.0100120362
1577.8611632270	0.0046434407
1578.8617886179	0.0037776142
1579.8624140088	0.0175345241
1580.8630393996	0.0174845473
1581.8636647905	0.0179941572
1582.8642901814	0.0131020248
1583.8649155722	0.0116770459
1584.8655409631	0.0151989843
1585.8661663540	0.0199564763
1586.8667917448	0.0180692271
1587.8674171357	0.0164257583
1588.8680425266	0.0141020997
1589.8686679174	0.0112228329
1590.8692933083	0.0139308532
1591.8699186992	0.0149454994
1592.8705440901	0.0183084464
1593.8711694809	0.0156371746
1594.8717948718	0.0180274938
1595.8724202627	0.0183475785
1596.8730456535	0.0125639124
1597.8736710444	0.0141434480
1598.8742964353	0.0155343606
1599.8749218261	0.0166719108
1600.8755472170	0.0106618762
1601.8761726079	0.0084616684
1602.8767979987	0.0146975458
1603.8774233896	0.0197300204
1604.8780487805	0.0211019045
1605.8786741714	0.0201495151
1606.8792995622	0.0180926301
1607.8799249531	0.0162919677
1608.8805503440	0.0162569456
1609.8811757348	0.0187725047
1610.8818011257	0.0214480798
1611.8824265166	0.0224544756
1612.8830519074	0.0230122999
1613.8836772983	0.0228949212
1614.8843026892	0.0207978088
1615.8849280801	0.0235763759
1616.8855534709	0.0231675353
1617.8861788618	0.0196545220
1618.8868042527	0.0181699608
1619.8874296435	0.0212080268
1620.8880550344	0.0209672253
1621.8886804253	0.0208880893
1622.8893058161	0.0199176777
1623.8899312070	0.0183018048
1624.8905565979	0.0194105812
1625.8911819887	0.0194755834
1626.8918073796	0.0181065305
1627.8924327705	0.0193212249
1628.8930581614	0.0206774979
1629.8936835522	0.0179919371
1630.8943089431	0.0235769078
1631.8949343340	0.0270675026
1632.8955597248	0.0367661485
1633.8961851157	0.0231063980
1634.8968105066	0.0262687416
1635.8974358974	0.0205126856
1636.8980612883	0.0205783016
1637.8986866792	0.0242083850
1638.8993120700	0.0299107358
1639.8999374609	0.0260452424
1640.9005628518	0.0221539657
1641.9011882427	0.0194363530
1642.9018136335	0.0199899953
1643.9024390244	0.0208533005
1644.9030644153	0.0199202360
1645.9036898061	0.0231580980
1646.9043151970	0.0287518703
1647.9049405879	0.0286343289
1648.9055659787	0.0256499711
1649.9061913696	0.0232244966
1650.9068167605	0.0208770784
1651.9074421513	0.0210929063
1652.9080675422	0.0228841482
1653.9086929331	0.0231940032
1654.9093183240	0.0252386982
1655.9099437148	0.0258178393
1656.9105691057	0.0272959659
1657.9111944966	0.0272278131
1658.9118198874	0.0251239807
1659.9124452783	0.0244189984
1660.9130706692	0.0258676017
1661.9136960600	0.0261903728
1662.9143214509	0.0264832797
1663.9149468418	0.0278716489
1664.9155722326	0.0298799847
1665.9161976235	0.0312011394
1666.9168230144	0.0334276604
1667.9174484053	0.0327355804
1668.9180737961	0.0292542744
1669.9186991870	0.0291864266
1670.9193245779	0.0285023639
1671.9199499687	0.0328233351
1672.9205753596	0.0317653833
1673.9212007505	0.0281348563
1674.9218261413	0.0344415199
1675.9224515322	0.0374664838
1676.9230769231	0.0360407448
1677.9237023139	0.0367473058
1678.9243277048	0.0395062654
1679.9249530957	0.0317567798
1680.9255784866	0.0369521160
1681.9262038774	0.0370810548
1682.9268292683	0.0374994979
1683.9274546592	0.0376858099
1684.9280800500	0.0362465441
1685.9287054409	0.0370569773
1686.9293308318	0.0419966930
1687.9299562226	0.0435194900
1688.9305816135	0.0404216886
1689.9312070044	0.0393761275
1690.9318323952	0.0433644702
1691.9324577861	0.0465354727
1692.9330831770	0.0375704432
1693.9337085679	0.0375047461
1694.9343339587	0.0464873066
1695.9349593496	0.0438666473
1696.9355847405	0.0364172806
1697.9362101313	0.0433003836
1698.9368355222	0.0485866313
1699.9374609131	0.0414660006
1700.9380863039	0.0440075853
1701.9387116948	0.0428985777
1702.9393370857	0.0405673203
1703.9399624765	0.0392640864
1704.9405878674	0.0416673679
1705.9412132583	0.0409417282
1706.9418386492	0.0426894234
1707.9424640400	0.0353428936
1708.9430894309	0.0310502466
1709.9437148218	0.0290544909
1710.9443402126	0.0226750720
1711.9449656035	0.0168600567
1712.9455909944	0.0128886188
1713.9462163852	0.0110895942
1714.9468417761	0.0096525728
1715.9474671670	0.0038886452
1716.9480925578	-0.0053478476
1717.9487179487	-0.0113102425
1718.9493433396	-0.0109617039
1719.9499687305	-0.0082658729
1720.9505941213	-0.0078130792
1721.9512195122	-0.0107157963
1722.9518449031	-0.0081338848
1723.9524702939	-0.0068578667
1724.9530956848	-0.0077914231
1725.9537210757	-0.0046024516
1726.9543464665	0.0056627587
1727.9549718574	0.0095480508
1728.9555972483	0.0104696607
1729.9562226391	0.0163522017
1730.9568480300	0.0240349338
1731.9574734209	0.0337554475
1732.9580988118	0.0398993319
1733.9587242026	0.0422151978
1734.9593495935	0.0451983241
1735.9599749844	0.0474006647
1736.9606003752	0.0486995569
1737.9612257661	0.0512208460
1738.9618511570	0.0495859967
1739.9624765478	0.0490783912
1740.9631019387	0.0521207805
1741.9637273296	0.0520471740
1742.9643527205	0.0498100444
1743.9649781113	0.0464015977
1744.9656035022	0.0463431906
1745.9662288931	0.0457339512
1746.9668542839	0.0438243315
1747.9674796748	0.0444070707
1748.9681050657	0.0460109401
1749.9687304565	0.0463757982
1750.9693558474	0.0469658344
1751.9699812383	0.0497741639
1752.9706066291	0.0488278758
1753.9712320200	0.0496801853
1754.9718574109	0.0483817941
1755.9724828018	0.0429118586
1756.9731081926	0.0495120287
1757.9737335835	0.0480010986
1758.9743589744	0.0523494199
1759.9749843652	0.0479082927
1760.9756097561	0.0447669786
1761.9762351470	0.0513735579
1762.9768605378	0.0570761576
1763.9774859287	0.0563980545
1764.9781113196	0.0564589344
1765.9787367104	0.0556524112
1766.9793621013	0.0540400620
1767.9799874922	0.0543418928
1768.9806128831	0.0541508494
1769.9812382739	0.0529712259
1770.9818636648	0.0558245511
1771.9824890557	0.0588638154
1772.9831144465	0.0568531186
1773.9837398374	0.0555274397
1774.9843652283	0.0553723024
1775.9849906191	0.0512371172
1776.9856160100	0.0471539928
1777.9862414009	0.0494354925
1778.9868667917	0.0537459808
1779.9874921826	0.0548887830
1780.9881175735	0.0569634708
1781.9887429644	0.0574121749
1782.9893683552	0.0570143579
1783.9899937461	0.0577738412
1784.9906191370	0.0601615590
1785.9912445278	0.0583641556
1786.9918699187	0.0571645923
1787.9924953096	0.0595657113
1788.9931207004	0.0597311860
1789.9937460913	0.0609542354
1790.9943714822	0.0559627883
1791.9949968730	0.0533865361
1792.9956222639	0.0576584701
1793.9962476548	0.0639025633
1794.9968730457	0.0601323919
1795.9974984365	0.0603014585
1796.9981238274	0.0615701277
1797.9987492183	0.0587163678
1798.9993746091	0.0570647504
1800.0000000000	0.0587474341
