200.0000000000	0.2126423663
201.0006253909	0.2177109502
202.0012507817	0.2212577093
203.0018761726	0.2263279860
204.0025015635	0.2277964364
205.0031269543	0.2362573977
206.0037523452	0.2447288346
207.0043777361	0.2504543587
208.0050031270	0.2579660918
209.0056285178	0.2665607785
210.0062539087	0.2706381775
211.0068792996	0.2734370726
212.0075046904	0.2766946670
213.0081300813	0.2794777079
214.0087554722	0.2833359022
215.0093808630	0.2871849637
216.0100062539	0.2898311204
217.0106316448	0.2909892008
218.0112570356	0.2912439521
219.0118824265	0.3011942987
220.0125078174	0.3091730676
221.0131332083	0.3119443697
222.0137585991	0.3102532683
223.0143839900	0.3115510895
224.0150093809	0.3018794405
225.0156347717	0.3040876979
226.0162601626	0.3161949357
227.0168855535	0.3134711167
228.0175109443	0.3150811810
229.0181363352	0.3110658575
230.0187617261	0.3082784827
231.0193871169	0.3098965687
232.0200125078	0.3082507522
233.0206378987	0.3112098335
234.0212632896	0.3039917718
235.0218886804	0.2963892308
236.0225140713	0.2999957579
237.0231394622	0.2908841927
238.0237648530	0.2887191779
239.0243902439	0.2902786287
240.0250156348	0.2893926115
241.0256410256	0.2789182573
242.0262664165	0.2676449475
243.0268918074	0.2650875129
244.0275171982	0.2651832912
245.0281425891	0.2632735672
246.0287679800	0.2613782350
247.0293933709	0.2580966582
248.0300187617	0.2546749519
249.0306441526	0.2503538762
250.0312695435	0.2466602891
251.0318949343	0.2470649039
252.0325203252	0.2489188775
253.0331457161	0.2502477726
254.0337711069	0.2508104570
255.0343964978	0.2500552162
256.0350218887	0.2516655691
257.0356472795	0.2588475676
258.0362726704	0.2630606860
259.0368980613	0.2645792907
260.0375234522	0.2685438566
261.0381488430	0.2762765473
262.0387742339	0.2890500490
263.0393996248	0.3043511662
264.0400250156	0.3134572586
265.0406504065	0.3264226674
266.0412757974	0.3474467743
267.0419011882	0.3686162140
268.0425265791	0.3952802353
269.0431519700	0.4261477053
270.0437773609	0.4550317185
271.0444027517	0.4825748814
272.0450281426	0.5147723172
273.0456535335	0.5510834730
274.0462789243	0.5813570173
275.0469043152	0.6043823482
276.0475297061	0.6203455389
277.0481550969	0.6248651580
278.0487804878	0.6153508159
279.0494058787	0.6031705439
280.0500312695	0.5847709316
281.0506566604	0.5554224527
282.0512820513	0.5290990090
283.0519074422	0.4955685343
284.0525328330	0.4545541233
285.0531582239	0.4152782895
286.0537836148	0.3905889500
287.0544090056	0.3589478522
288.0550343965	0.3289471532
289.0556597874	0.3038022656
290.0562851782	0.2834226016
291.0569105691	0.2649415561
292.0575359600	0.2505342818
293.0581613508	0.2342766128
294.0587867417	0.2224163679
295.0594121326	0.2149856015
296.0600375235	0.2024402436
297.0606629143	0.2011025425
298.0612883052	0.1971767299
299.0619136961	0.1911573504
300.0625390869	0.1867161899
301.0631644778	0.1862757869
302.0637898687	0.1846015161
303.0644152595	0.1804662536
304.0650406504	0.1753940162
305.0656660413	0.1725467959
306.0662914321	0.1728500486
307.0669168230	0.1726725064
308.0675422139	0.1723608420
309.0681676048	0.1678702378
310.0687929956	0.1645018235
311.0694183865	0.1704211956
312.0700437774	0.1695020040
313.0706691682	0.1659765307
314.0712945591	0.1622237286
315.0719199500	0.1619433865
316.0725453408	0.1636800164
317.0731707317	0.1609672243
318.0737961226	0.1587338351
319.0744215134	0.1567821762
320.0750469043	0.1544708115
321.0756722952	0.1540786231
322.0762976861	0.1545094607
323.0769230769	0.1537552444
324.0775484678	0.1497958213
325.0781738587	0.1457187881
326.0787992495	0.1451341623
327.0794246404	0.1477177793
328.0800500313	0.1497046600
329.0806754221	0.1474951837
330.0813008130	0.1450827713
331.0819262039	0.1452944317
332.0825515947	0.1474757143
333.0831769856	0.1479762744
334.0838023765	0.1507771172
335.0844277674	0.1530957220
336.0850531582	0.1506255726
337.0856785491	0.1442575658
338.0863039400	0.1521532702
339.0869293308	0.1571345868
340.0875547217	0.1585087604
341.0881801126	0.1581801893
342.0888055034	0.1574559347
343.0894308943	0.1610852536
344.0900562852	0.1600159194
345.0906816760	0.1598526185
346.0913070669	0.1647470490
347.0919324578	0.1764603692
348.0925578487	0.1839993000
349.0931832395	0.1929982132
350.0938086304	0.1999813228
351.0944340213	0.2099283098
352.0950594121	0.2304411107
353.0956848030	0.2432008735
354.0963101939	0.2653360604
355.0969355847	0.2856597973
356.0975609756	0.3044819302
357.0981863665	0.3282207354
358.0988117573	0.3462962496
359.0994371482	0.3565321664
360.1000625391	0.3627051484
361.1006879300	0.3661899155
362.1013133208	0.3625992627
363.1019387117	0.3457189630
364.1025641026	0.3352005523
365.1031894934	0.3177980583
366.1038148843	0.2938416920
367.1044402752	0.2736846546
368.1050656660	0.2527320069
369.1056910569	0.2292425554
370.1063164478	0.2079034824
371.1069418386	0.1889890108
372.1075672295	0.1742201556
373.1081926204	0.1646066431
374.1088180113	0.1530098450
375.1094434021	0.1482142210
376.1100687930	0.1463623433
377.1106941839	0.1400290358
378.1113195747	0.1327556023
379.1119449656	0.1262193984
380.1125703565	0.1217827614
381.1131957473	0.1181598584
382.1138211382	0.1151149549
383.1144465291	0.1157029468
384.1150719199	0.1185558863
385.1156973108	0.1185233778
386.1163227017	0.1161299875
387.1169480926	0.1108772604
388.1175734834	0.1100932957
389.1181988743	0.1145479712
390.1188242652	0.1156979097
391.1194496560	0.1162824329
392.1200750469	0.1128489077
393.1207004378	0.1108052461
394.1213258286	0.1140483694
395.1219512195	0.1196316036
396.1225766104	0.1148919676
397.1232020013	0.1146032868
398.1238273921	0.1117322488
399.1244527830	0.1070814149
400.1250781739	0.1090682618
401.1257035647	0.1129745604
402.1263289556	0.1124701516
403.1269543465	0.1131040442
404.1275797373	0.1151250525
405.1282051282	0.1155596939
406.1288305191	0.1119672502
407.1294559099	0.1150249463
408.1300813008	0.1139231902
409.1307066917	0.1127232859
410.1313320826	0.1173284575
411.1319574734	0.1089051815
412.1325828643	0.1139934205
413.1332082552	0.1173781058
414.1338336460	0.1177582205
415.1344590369	0.1171237029
416.1350844278	0.1160009257
417.1357098186	0.1130432503
418.1363352095	0.1137578595
419.1369606004	0.1142382639
420.1375859912	0.1117289049
421.1382113821	0.1103580722
422.1388367730	0.1087962095
423.1394621639	0.1103020217
424.1400875547	0.1101426107
425.1407129456	0.1085113376
426.1413383365	0.1109325824
427.1419637273	0.1089678245
428.1425891182	0.1061854060
429.1432145091	0.1039203046
430.1438398999	0.1030584418
431.1444652908	0.1040575752
432.1450906817	0.1056198594
433.1457160725	0.1067028463
434.1463414634	0.1096232841
435.1469668543	0.1119528025
436.1475922452	0.1086506995
437.1482176360	0.1056354691
438.1488430269	0.1068386265
439.1494684178	0.1049070105
440.1500938086	0.1078870372
441.1507191995	0.1116247855
442.1513445904	0.1095337412
443.1519699812	0.1077934827
444.1525953721	0.1048712315
445.1532207630	0.1028664740
446.1538461538	0.1041009400
447.1544715447	0.1045384206
448.1550969356	0.1053184006
449.1557223265	0.1070335774
450.1563477173	0.0999315008
451.1569731082	0.1015399508
452.1575984991	0.1052441018
453.1582238899	0.1044472027
454.1588492808	0.1027027394
455.1594746717	0.1030139878
456.1601000625	0.1022196696
457.1607254534	0.1016836625
458.1613508443	0.0995797584
459.1619762351	0.0984431748
460.1626016260	0.1035294177
461.1632270169	0.1028792260
462.1638524078	0.1057791627
463.1644777986	0.1062514685
464.1651031895	0.1020316173
465.1657285804	0.0966859226
466.1663539712	0.1031066166
467.1669793621	0.1071305568
468.1676047530	0.1027380801
469.1682301438	0.0982177814
470.1688555347	0.0996083824
471.1694809256	0.0976502331
472.1701063164	0.0989322689
473.1707317073	0.1024534843
474.1713570982	0.1033156742
475.1719824891	0.1009481363
476.1726078799	0.1008563133
477.1732332708	0.1051761805
478.1738586617	0.1060587387
479.1744840525	0.1087904120
480.1751094434	0.1122363494
481.1757348343	0.1119129744
482.1763602251	0.1108280629
483.1769856160	0.1101800193
484.1776110069	0.1106316867
485.1782363977	0.1100685538
486.1788617886	0.1068516884
487.1794871795	0.1047281152
488.1801125704	0.1074092768
489.1807379612	0.1080007966
490.1813633521	0.1056316919
491.1819887430	0.1048612663
492.1826141338	0.1093338568
493.1832395247	0.1109660998
494.1838649156	0.1088690494
495.1844903064	0.1087396320
496.1851156973	0.1101443869
497.1857410882	0.1113396431
498.1863664790	0.1120331317
499.1869918699	0.1107073555
500.1876172608	0.1102328647
501.1882426517	0.1083790259
502.1888680425	0.1079279284
503.1894934334	0.1098073784
504.1901188243	0.1100498082
505.1907442151	0.1104812855
506.1913696060	0.1136376323
507.1919949969	0.1155419719
508.1926203877	0.1154084877
509.1932457786	0.1149778992
510.1938711695	0.1150595675
511.1944965604	0.1169125303
512.1951219512	0.1202308952
513.1957473421	0.1214428307
514.1963727330	0.1222990066
515.1969981238	0.1238990080
516.1976235147	0.1252192948
517.1982489056	0.1250682162
518.1988742964	0.1244028183
519.1994996873	0.1265918424
520.2001250782	0.1313523409
521.2007504690	0.1378657403
522.2013758599	0.1453852706
523.2020012508	0.1506647101
524.2026266417	0.1568235528
525.2032520325	0.1681574173
526.2038774234	0.1813393191
527.2045028143	0.1939430166
528.2051282051	0.2112569977
529.2057535960	0.2201343744
530.2063789869	0.2344066021
531.2070043777	0.2490555887
532.2076297686	0.2588512789
533.2082551595	0.2610767083
534.2088805503	0.2583497136
535.2095059412	0.2570583698
536.2101313321	0.2534451212
537.2107567230	0.2464249427
538.2113821138	0.2340159929
539.2120075047	0.2124273779
540.2126328956	0.2005925482
541.2132582864	0.1901961291
542.2138836773	0.1776500338
543.2145090682	0.1664098518
544.2151344590	0.1623888890
545.2157598499	0.1563178869
546.2163852408	0.1471304948
547.2170106316	0.1423979416
548.2176360225	0.1380103953
549.2182614134	0.1321423515
550.2188868043	0.1295454035
551.2195121951	0.1237017476
552.2201375860	0.1223471813
553.2207629769	0.1237290701
554.2213883677	0.1248571801
555.2220137586	0.1231410138
556.2226391495	0.1204030751
557.2232645403	0.1187096677
558.2238899312	0.1146375928
559.2245153221	0.1141549517
560.2251407129	0.1137821640
561.2257661038	0.1132248823
562.2263914947	0.1173424023
563.2270168856	0.1195692298
564.2276422764	0.1220465609
565.2282676673	0.1236573439
566.2288930582	0.1227102778
567.2295184490	0.1204278775
568.2301438399	0.1200307213
569.2307692308	0.1233030725
570.2313946216	0.1287080117
571.2320200125	0.1358691114
572.2326454034	0.1411498651
573.2332707942	0.1465710786
574.2338961851	0.1553638314
575.2345215760	0.1656322366
576.2351469669	0.1699199676
577.2357723577	0.1828617771
578.2363977486	0.1916682255
579.2370231395	0.1932303004
580.2376485303	0.1918404664
581.2382739212	0.1903299459
582.2388993121	0.1925715719
583.2395247029	0.1853385107
584.2401500938	0.1772055337
585.2407754847	0.1689620013
586.2414008755	0.1600192460
587.2420262664	0.1548394139
588.2426516573	0.1519982459
589.2432770482	0.1443405178
590.2439024390	0.1356617621
591.2445278299	0.1279874440
592.2451532208	0.1224430630
593.2457786116	0.1229174686
594.2464040025	0.1157195866
595.2470293934	0.1120092777
596.2476547842	0.1102389794
597.2482801751	0.1085466436
598.2489055660	0.1068110636
599.2495309568	0.1087717083
600.2501563477	0.1042749155
601.2507817386	0.1040475992
602.2514071295	0.1034656058
603.2520325203	0.1008648910
604.2526579112	0.1027811737
605.2532833021	0.1047961519
606.2539086929	0.1027188550
607.2545340838	0.1029780054
608.2551594747	0.1036644722
609.2557848655	0.1034232373
610.2564102564	0.1043431735
611.2570356473	0.0999170678
612.2576610381	0.0995544232
613.2582864290	0.0994527453
614.2589118199	0.0982767995
615.2595372108	0.0993979189
616.2601626016	0.0998651218
617.2607879925	0.0946060594
618.2614133834	0.0946043508
619.2620387742	0.0957585991
620.2626641651	0.0959433293
621.2632895560	0.0948148723
622.2639149468	0.0939526752
623.2645403377	0.0946347565
624.2651657286	0.0932971961
625.2657911194	0.0927205513
626.2664165103	0.0944027930
627.2670419012	0.0966335647
628.2676672921	0.0968135548
629.2682926829	0.0926440977
630.2689180738	0.0859090441
631.2695434647	0.0829652908
632.2701688555	0.0845263776
633.2707942464	0.0874730391
634.2714196373	0.0866986472
635.2720450281	0.0837493393
636.2726704190	0.0840759123
637.2732958099	0.0888296137
638.2739212008	0.0830051344
639.2745465916	0.0820303789
640.2751719825	0.0790746760
641.2757973734	0.0742992638
642.2764227642	0.0747676677
643.2770481551	0.0698095465
644.2776735460	0.0650332896
645.2782989368	0.0610147080
646.2789243277	0.0585978836
647.2795497186	0.0574587112
648.2801751094	0.0557329384
649.2808005003	0.0507651988
650.2814258912	0.0534005877
651.2820512821	0.0492700862
652.2826766729	0.0514478625
653.2833020638	0.0589259693
654.2839274547	0.0589679035
655.2845528455	0.0625846625
656.2851782364	0.0677304860
657.2858036273	0.0718947302
658.2864290181	0.0742775271
659.2870544090	0.0738023117
660.2876797999	0.0720968443
661.2883051907	0.0813757408
662.2889305816	0.0814707662
663.2895559725	0.0860413945
664.2901813634	0.0893831761
665.2908067542	0.0880328509
666.2914321451	0.0872182712
667.2920575360	0.0931995672
668.2926829268	0.0908573586
669.2933083177	0.0900830877
670.2939337086	0.0901339909
671.2945590994	0.0934660967
672.2951844903	0.0988659935
673.2958098812	0.0941039835
674.2964352720	0.0926478377
675.2970606629	0.0942612177
676.2976860538	0.0957166759
677.2983114447	0.0929136924
678.2989368355	0.0901308910
679.2995622264	0.0920759097
680.3001876173	0.0935810397
681.3008130081	0.0990485401
682.3014383990	0.1008108878
683.3020637899	0.0966903886
684.3026891807	0.0925318603
685.3033145716	0.0921918997
686.3039399625	0.0925106288
687.3045653533	0.0921944565
688.3051907442	0.0950678001
689.3058161351	0.0945094652
690.3064415260	0.0936202881
691.3070669168	0.0929827308
692.3076923077	0.0930007585
693.3083176986	0.0958864892
694.3089430894	0.0970164215
695.3095684803	0.0934068156
696.3101938712	0.0902057445
697.3108192620	0.0919541283
698.3114446529	0.0951757644
699.3120700438	0.0963678856
700.3126954346	0.0953045152
701.3133208255	0.0937664284
702.3139462164	0.0970998943
703.3145716073	0.0964918408
704.3151969981	0.0923948400
705.3158223890	0.0894087202
706.3164477799	0.0893432908
707.3170731707	0.0878300738
708.3176985616	0.0989695961
709.3183239525	0.0944264449
710.3189493433	0.0940285861
711.3195747342	0.0972534546
712.3202001251	0.0940403231
713.3208255159	0.0887739802
714.3214509068	0.0931710984
715.3220762977	0.0918390881
716.3227016886	0.0892201732
717.3233270794	0.0883024318
718.3239524703	0.0900961362
719.3245778612	0.0931615286
720.3252032520	0.0879259985
721.3258286429	0.0887505220
722.3264540338	0.0918197311
723.3270794246	0.0939939485
724.3277048155	0.0940754271
725.3283302064	0.0926163127
726.3289555972	0.0895512235
727.3295809881	0.0895319389
728.3302063790	0.0888607922
729.3308317699	0.0913130073
730.3314571607	0.0950277707
731.3320825516	0.0943180385
732.3327079425	0.0937553543
733.3333333333	0.0977377572
734.3339587242	0.0935205473
735.3345841151	0.0901186017
736.3352095059	0.0922909417
737.3358348968	0.0944053331
738.3364602877	0.0942968690
739.3370856785	0.0966550548
740.3377110694	0.0935807010
741.3383364603	0.0933850014
742.3389618512	0.0985073470
743.3395872420	0.0988628148
744.3402126329	0.0925394984
745.3408380238	0.0922009967
746.3414634146	0.0929566420
747.3420888055	0.0896254737
748.3427141964	0.0902093412
749.3433395872	0.0972991981
750.3439649781	0.1010630841
751.3445903690	0.1031372646
752.3452157598	0.1034041494
753.3458411507	0.1000453408
754.3464665416	0.0982792311
755.3470919325	0.0983001488
756.3477173233	0.1034282701
757.3483427142	0.1051504112
758.3489681051	0.1053989051
759.3495934959	0.1024822333
760.3502188868	0.0960996155
761.3508442777	0.0980469579
762.3514696685	0.1022058711
763.3520950594	0.1045125028
764.3527204503	0.1019319238
765.3533458412	0.0997872601
766.3539712320	0.1007745050
767.3545966229	0.1015073178
768.3552220138	0.0991819757
769.3558474046	0.1094033906
770.3564727955	0.1045850718
771.3570981864	0.1005025348
772.3577235772	0.1049021415
773.3583489681	0.1119218384
774.3589743590	0.1114992340
775.3595997498	0.1104278718
776.3602251407	0.1096552806
777.3608505316	0.1111348813
778.3614759225	0.1156945937
779.3621013133	0.1212721699
780.3627267042	0.1242858249
781.3633520951	0.1251032001
782.3639774859	0.1229263671
783.3646028768	0.1252690534
784.3652282677	0.1273915932
785.3658536585	0.1242551280
786.3664790494	0.1203020318
787.3671044403	0.1294627098
788.3677298311	0.1350599590
789.3683552220	0.1371729130
790.3689806129	0.1377397131
791.3696060038	0.1433594670
792.3702313946	0.1481955894
793.3708567855	0.1461459856
794.3714821764	0.1513544888
795.3721075672	0.1510707137
796.3727329581	0.1538475986
797.3733583490	0.1568699043
798.3739837398	0.1578021581
799.3746091307	0.1614684517
800.3752345216	0.1688117532
801.3758599124	0.1701862891
802.3764853033	0.1721895596
803.3771106942	0.1784754789
804.3777360851	0.1847427795
805.3783614759	0.1846798077
806.3789868668	0.1836338542
807.3796122577	0.1868581152
808.3802376485	0.1905762758
809.3808630394	0.1949031972
810.3814884303	0.1986103156
811.3821138211	0.2017059443
812.3827392120	0.2076846833
813.3833646029	0.2079216161
814.3839899937	0.2049578744
815.3846153846	0.2062193444
816.3852407755	0.2104765448
817.3858661664	0.2179218375
818.3864915572	0.2316603881
819.3871169481	0.2379805854
820.3877423390	0.2439874292
821.3883677298	0.2529932516
822.3889931207	0.2629790129
823.3896185116	0.2713809572
824.3902439024	0.2798430550
825.3908692933	0.3060872299
826.3914946842	0.3132650914
827.3921200750	0.3300719764
828.3927454659	0.3476798930
829.3933708568	0.3671029583
830.3939962477	0.3917329620
831.3946216385	0.4142787154
832.3952470294	0.4403361018
833.3958724203	0.4740654152
834.3964978111	0.5155107207
835.3971232020	0.5627081843
836.3977485929	0.6180326105
837.3983739837	0.6794899111
838.3989993746	0.7342648504
839.3996247655	0.7851056771
840.4002501563	0.8281358354
841.4008755472	0.8456029821
842.4015009381	0.8455362603
843.4021263290	0.8330660438
844.4027517198	0.8076856630
845.4033771107	0.7679582876
846.4040025016	0.7121961930
847.4046278924	0.6745661205
848.4052532833	0.6365730561
849.4058786742	0.5989476067
850.4065040650	0.5690680767
851.4071294559	0.5548216737
852.4077548468	0.5553254536
853.4083802376	0.5531299317
854.4090056285	0.5658525938
855.4096310194	0.5898044961
856.4102564103	0.6100069371
857.4108818011	0.6182120754
858.4115071920	0.6135844038
859.4121325829	0.5931232035
860.4127579737	0.5629836438
861.4133833646	0.5304108833
862.4140087555	0.4932527250
863.4146341463	0.4507974467
864.4152595372	0.4056124423
865.4158849281	0.3637604187
866.4165103189	0.3285613800
867.4171357098	0.2990841757
868.4177611007	0.2721118359
869.4183864916	0.2475919132
870.4190118824	0.2329791743
871.4196372733	0.2202694796
872.4202626642	0.2084623100
873.4208880550	0.1996688542
874.4215134459	0.1916951882
875.4221388368	0.1847858975
876.4227642276	0.1791221704
877.4233896185	0.1772449245
878.4240150094	0.1763005964
879.4246404003	0.1702194104
880.4252657911	0.1661498073
881.4258911820	0.1628585062
882.4265165729	0.1633281727
883.4271419637	0.1665919864
884.4277673546	0.1633871381
885.4283927455	0.1607761840
886.4290181363	0.1613978313
887.4296435272	0.1626239899
888.4302689181	0.1571121608
889.4308943089	0.1522049710
890.4315196998	0.1535012542
891.4321450907	0.1548224482
892.4327704816	0.1470285226
893.4333958724	0.1465563899
894.4340212633	0.1445256425
895.4346466542	0.1478888798
896.4352720450	0.1490930883
897.4358974359	0.1458665413
898.4365228268	0.1444740152
899.4371482176	0.1411752201
900.4377736085	0.1409053286
901.4383989994	0.1328955992
902.4390243902	0.1314598909
903.4396497811	0.1315326248
904.4402751720	0.1339053955
905.4409005629	0.1386611890
906.4415259537	0.1303961928
907.4421513446	0.1335448425
908.4427767355	0.1358089833
909.4434021263	0.1363735853
910.4440275172	0.1338865946
911.4446529081	0.1316901007
912.4452782989	0.1330766798
913.4459036898	0.1346435785
914.4465290807	0.1350677150
915.4471544715	0.1405865031
916.4477798624	0.1387139490
917.4484052533	0.1387861531
918.4490306442	0.1425698374
919.4496560350	0.1461962400
920.4502814259	0.1489994591
921.4509068168	0.1523698657
922.4515322076	0.1568596074
923.4521575985	0.1621324500
924.4527829894	0.1663393736
925.4534083802	0.1703443073
926.4540337711	0.1761146573
927.4546591620	0.1832395488
928.4552845528	0.1849875155
929.4559099437	0.1844693978
930.4565353346	0.1863548987
931.4571607255	0.1863741220
932.4577861163	0.1869044326
933.4584115072	0.1848971078
934.4590368981	0.1817098066
935.4596622889	0.1773606851
936.4602876798	0.1736321599
937.4609130707	0.1717459814
938.4615384615	0.1690020461
939.4621638524	0.1661312247
940.4627892433	0.1652303564
941.4634146341	0.1590499300
942.4640400250	0.1583554045
943.4646654159	0.1546549602
944.4652908068	0.1536231210
945.4659161976	0.1523448852
946.4665415885	0.1508747441
947.4671669794	0.1548245155
948.4677923702	0.1467663688
949.4684177611	0.1377503682
950.4690431520	0.1351437780
951.4696685428	0.1290792448
952.4702939337	0.1262746183
953.4709193246	0.1264966454
954.4715447154	0.1241600995
955.4721701063	0.1203209852
956.4727954972	0.1144538134
957.4734208881	0.1122925023
958.4740462789	0.1134759916
959.4746716698	0.1106042069
960.4752970607	0.1060368407
961.4759224515	0.1010248062
962.4765478424	0.0963941508
963.4771732333	0.1038631753
964.4777986241	0.0997442243
965.4784240150	0.0962108874
966.4790494059	0.0947261755
967.4796747967	0.0974693641
968.4803001876	0.0949576257
969.4809255785	0.0893885236
970.4815509694	0.0971137230
971.4821763602	0.0980928303
972.4828017511	0.0928474437
973.4834271420	0.0907696405
974.4840525328	0.0930448943
975.4846779237	0.0912854895
976.4853033146	0.0891868124
977.4859287054	0.0898457176
978.4865540963	0.0873153019
979.4871794872	0.0940090165
980.4878048780	0.0965443192
981.4884302689	0.0983805300
982.4890556598	0.0967162557
983.4896810507	0.0935619062
984.4903064415	0.0910072701
985.4909318324	0.0921386501
986.4915572233	0.0946282498
987.4921826141	0.0942221019
988.4928080050	0.0977079869
989.4934333959	0.1008402784
990.4940587867	0.1012111252
991.4946841776	0.0992693681
992.4953095685	0.0933680093
993.4959349593	0.0936568364
994.4965603502	0.0972934267
995.4971857411	0.0964302742
996.4978111320	0.0998235380
997.4984365228	0.1049311368
998.4990619137	0.1032447913
999.4996873046	0.0994372518
1000.5003126954	0.1043254641
1001.5009380863	0.1085703977
1002.5015634772	0.1063275296
1003.5021888680	0.1084150056
1004.5028142589	0.1081174754
1005.5034396498	0.1040264044
1006.5040650407	0.1030212709
1007.5046904315	0.0988833277
1008.5053158224	0.1101325455
1009.5059412133	0.1111488656
1010.5065666041	0.1111940798
1011.5071919950	0.1076002386
1012.5078173859	0.1068234623
1013.5084427767	0.1088478030
1014.5090681676	0.1076273125
1015.5096935585	0.1117858491
1016.5103189493	0.1172209528
1017.5109443402	0.1230953801
1018.5115697311	0.1168551488
1019.5121951220	0.1151211211
1020.5128205128	0.1188064008
1021.5134459037	0.1197285013
1022.5140712946	0.1166804892
1023.5146966854	0.1225668797
1024.5153220763	0.1351713265
1025.5159474672	0.1272137328
1026.5165728580	0.1273517918
1027.5171982489	0.1286812431
1028.5178236398	0.1358218184
1029.5184490306	0.1416321334
1030.5190744215	0.1387420707
1031.5196998124	0.1421772469
1032.5203252033	0.1393927007
1033.5209505941	0.1385791733
1034.5215759850	0.1397025106
1035.5222013759	0.1421910800
1036.5228267667	0.1420659636
1037.5234521576	0.1455290684
1038.5240775485	0.1514254353
1039.5247029393	0.1476319847
1040.5253283302	0.1496590453
1041.5259537211	0.1511339887
1042.5265791119	0.1495993754
1043.5272045028	0.1531601166
1044.5278298937	0.1578377336
1045.5284552846	0.1632877443
1046.5290806754	0.1684647589
1047.5297060663	0.1688195182
1048.5303314572	0.1692051814
1049.5309568480	0.1725963844
1050.5315822389	0.1812723472
1051.5322076298	0.1949877384
1052.5328330206	0.2044120570
1053.5334584115	0.2148288045
1054.5340838024	0.2361801236
1055.5347091932	0.2572782141
1056.5353345841	0.2757719722
1057.5359599750	0.2995526279
1058.5365853659	0.3236987471
1059.5372107567	0.3394506241
1060.5378361476	0.3464567784
1061.5384615385	0.3515017129
1062.5390869293	0.3517403233
1063.5397123202	0.3429476591
1064.5403377111	0.3299109533
1065.5409631019	0.3054170727
1066.5415884928	0.2966197813
1067.5422138837	0.2917350105
1068.5428392745	0.2767626935
1069.5434646654	0.2643742887
1070.5440900563	0.2572471368
1071.5447154472	0.2447294878
1072.5453408380	0.2350847854
1073.5459662289	0.2204666958
1074.5465916198	0.2109204958
1075.5472170106	0.2009752108
1076.5478424015	0.1927476428
1077.5484677924	0.1878114297
1078.5490931832	0.1779467272
1079.5497185741	0.1679841656
1080.5503439650	0.1605646140
1081.5509693558	0.1656194596
1082.5515947467	0.1518862465
1083.5522201376	0.1546818169
1084.5528455285	0.1605217695
1085.5534709193	0.1561068883
1086.5540963102	0.1499635655
1087.5547217011	0.1478820148
1088.5553470919	0.1513706976
1089.5559724828	0.1455058726
1090.5565978737	0.1467765850
1091.5572232645	0.1469022992
1092.5578486554	0.1419444541
1093.5584740463	0.1434125274
1094.5590994371	0.1505992157
1095.5597248280	0.1505904689
1096.5603502189	0.1525713490
1097.5609756098	0.1532188316
1098.5616010006	0.1473693082
1099.5622263915	0.1528119321
1100.5628517824	0.1607802703
1101.5634771732	0.1651468299
1102.5641025641	0.1695773353
1103.5647279550	0.1720318820
1104.5653533458	0.1699956284
1105.5659787367	0.1750532315
1106.5666041276	0.1827469847
1107.5672295184	0.1889015448
1108.5678549093	0.1932335726
1109.5684803002	0.1995088932
1110.5691056911	0.2083024917
1111.5697310819	0.2217210694
1112.5703564728	0.2327401079
1113.5709818637	0.2362406454
1114.5716072545	0.2507937788
1115.5722326454	0.2708003573
1116.5728580363	0.2850483868
1117.5734834271	0.3014339623
1118.5741088180	0.3198365772
1119.5747342089	0.3387137847
1120.5753595997	0.3580884856
1121.5759849906	0.3733036401
1122.5766103815	0.3881776515
1123.5772357724	0.4023841005
1124.5778611632	0.4068588201
1125.5784865541	0.4007356797
1126.5791119450	0.3916415346
1127.5797373358	0.3875124970
1128.5803627267	0.3864209777
1129.5809881176	0.3765122610
1130.5816135084	0.3754440792
1131.5822388993	0.3903107272
1132.5828642902	0.4090972627
1133.5834896811	0.4320237795
1134.5841150719	0.4573879446
1135.5847404628	0.4780233595
1136.5853658537	0.4996145573
1137.5859912445	0.5326545002
1138.5866166354	0.5615500715
1139.5872420263	0.5757181331
1140.5878674171	0.6050599169
1141.5884928080	0.6084858770
1142.5891181989	0.5972827948
1143.5897435897	0.5830645045
1144.5903689806	0.5637024544
1145.5909943715	0.5353522450
1146.5916197624	0.5028595905
1147.5922451532	0.4715677173
1148.5928705441	0.4277944544
1149.5934959350	0.3914035764
1150.5941213258	0.3557656224
1151.5947467167	0.3129559252
1152.5953721076	0.2834910528
1153.5959974984	0.2625063724
1154.5966228893	0.2377125432
1155.5972482802	0.2119614772
1156.5978736710	0.1958181884
1157.5984990619	0.1829723983
1158.5991244528	0.1631648844
1159.5997498437	0.1461999905
1160.6003752345	0.1425097057
1161.6010006254	0.1357689389
1162.6016260163	0.1291535981
1163.6022514071	0.1245302849
1164.6028767980	0.1175324874
1165.6035021889	0.1113644610
1166.6041275797	0.1080638383
1167.6047529706	0.1051291328
1168.6053783615	0.1067724895
1169.6060037523	0.1026238235
1170.6066291432	0.0976381930
1171.6072545341	0.0943144151
1172.6078799250	0.0941514344
1173.6085053158	0.0933262531
1174.6091307067	0.0925367103
1175.6097560976	0.0927609127
1176.6103814884	0.0933652179
1177.6110068793	0.0947221971
1178.6116322702	0.0936492513
1179.6122576610	0.0909306126
1180.6128830519	0.0891773884
1181.6135084428	0.0902092160
1182.6141338336	0.0919375733
1183.6147592245	0.0879464863
1184.6153846154	0.0883736814
1185.6160100063	0.0893726210
1186.6166353971	0.0879207833
1187.6172607880	0.0871668167
1188.6178861789	0.0864164898
1189.6185115697	0.0866886410
1190.6191369606	0.0883045913
1191.6197623515	0.0880681989
1192.6203877423	0.0853754762
1193.6210131332	0.0870993782
1194.6216385241	0.0863914413
1195.6222639149	0.0845169089
1196.6228893058	0.0878647967
1197.6235146967	0.0894286941
1198.6241400876	0.0846665128
1199.6247654784	0.0846652535
1200.6253908693	0.0914902872
1201.6260162602	0.0919036019
1202.6266416510	0.0932807745
1203.6272670419	0.0894209361
1204.6278924328	0.0917972444
1205.6285178236	0.0974485215
1206.6291432145	0.0920181601
1207.6297686054	0.0936627137
1208.6303939962	0.0978217479
1209.6310193871	0.1004954877
1210.6316447780	0.1046836561
1211.6322701689	0.1073906450
1212.6328955597	0.1034198617
1213.6335209506	0.1056549263
1214.6341463415	0.1035397100
1215.6347717323	0.1155678208
1216.6353971232	0.1235877545
1217.6360225141	0.1220721929
1218.6366479049	0.1306862966
1219.6372732958	0.1485315139
1220.6378986867	0.1649393985
1221.6385240775	0.1814100351
1222.6391494684	0.1973833444
1223.6397748593	0.2275301530
1224.6404002502	0.2641928018
1225.6410256410	0.3018858599
1226.6416510319	0.3440228704
1227.6422764228	0.3885938258
1228.6429018136	0.4255331107
1229.6435272045	0.4535433052
1230.6441525954	0.4815323349
1231.6447779862	0.4990587083
1232.6454033771	0.5054883514
1233.6460287680	0.5190337050
1234.6466541588	0.5238460295
1235.6472795497	0.5201165159
1236.6479049406	0.5078525390
1237.6485303315	0.4894593054
1238.6491557223	0.4728374999
1239.6497811132	0.4482094183
1240.6504065041	0.4142431751
1241.6510318949	0.3802542607
1242.6516572858	0.3458177810
1243.6522826767	0.3133194533
1244.6529080675	0.2798612417
1245.6535334584	0.2528274577
1246.6541588493	0.2363612867
1247.6547842402	0.2187358999
1248.6554096310	0.2018087322
1249.6560350219	0.1914807249
1250.6566604128	0.1731191533
1251.6572858036	0.1629535299
1252.6579111945	0.1607584048
1253.6585365854	0.1600031370
1254.6591619762	0.1547663197
1255.6597873671	0.1542461088
1256.6604127580	0.1522005893
1257.6610381488	0.1486160917
1258.6616635397	0.1468358827
1259.6622889306	0.1472821985
1260.6629143215	0.1504505146
1261.6635397123	0.1564787121
1262.6641651032	0.1689349985
1263.6647904941	0.1815770044
1264.6654158849	0.2004013096
1265.6660412758	0.2229830051
1266.6666666667	0.2501920638
1267.6672920575	0.2818328889
1268.6679174484	0.3226169742
1269.6685428393	0.3699396988
1270.6691682301	0.4200170868
1271.6697936210	0.4811668544
1272.6704190119	0.5430783560
1273.6710444028	0.6112380111
1274.6716697936	0.6763065711
1275.6722951845	0.7384047036
1276.6729205754	0.7827362742
1277.6735459662	0.8167997423
1278.6741713571	0.8466574793
1279.6747967480	0.8622467191
1280.6754221388	0.8599287196
1281.6760475297	0.8465642399
1282.6766729206	0.8205867418
1283.6772983114	0.7788523277
1284.6779237023	0.7366507780
1285.6785490932	0.6884374959
1286.6791744841	0.6276366071
1287.6797998749	0.5729089248
1288.6804252658	0.5220254720
1289.6810506567	0.4726770768
1290.6816760475	0.4272589017
1291.6823014384	0.3864045416
1292.6829268293	0.3523792110
1293.6835522201	0.3204747767
1294.6841776110	0.2880825552
1295.6848030019	0.2669909211
1296.6854283927	0.2504766923
1297.6860537836	0.2322637707
1298.6866791745	0.2151506169
1299.6873045654	0.1976355687
1300.6879299562	0.1852093149
1301.6885553471	0.1763736119
1302.6891807380	0.1667442856
1303.6898061288	0.1545354645
1304.6904315197	0.1397021264
1305.6910569106	0.1334107375
1306.6916823014	0.1253590556
1307.6923076923	0.1174977641
1308.6929330832	0.1119308916
1309.6935584740	0.1071641475
1310.6941838649	0.1028742603
1311.6948092558	0.0961264657
1312.6954346467	0.0871145768
1313.6960600375	0.0815798334
1314.6966854284	0.0807728318
1315.6973108193	0.0745598569
1316.6979362101	0.0663042914
1317.6985616010	0.0573624492
1318.6991869919	0.0551253348
1319.6998123827	0.0547544255
1320.7004377736	0.0533176426
1321.7010631645	0.0499676546
1322.7016885553	0.0467852227
1323.7023139462	0.0447454176
1324.7029393371	0.0425882691
1325.7035647280	0.0433423121
1326.7041901188	0.0413522586
1327.7048155097	0.0378913955
1328.7054409006	0.0337912867
1329.7060662914	0.0354645311
1330.7066916823	0.0371442267
1331.7073170732	0.0389434320
1332.7079424640	0.0390816407
1333.7085678549	0.0375185119
1334.7091932458	0.0373745400
1335.7098186366	0.0378473583
1336.7104440275	0.0345680742
1337.7110694184	0.0358589885
1338.7116948093	0.0339291196
1339.7123202001	0.0373354755
1340.7129455910	0.0323281783
1341.7135709819	0.0351799987
1342.7141963727	0.0370399859
1343.7148217636	0.0398639757
1344.7154471545	0.0432136492
1345.7160725453	0.0427439339
1346.7166979362	0.0401316928
1347.7173233271	0.0413186061
1348.7179487179	0.0468517680
1349.7185741088	0.0509886975
1350.7191994997	0.0510424506
1351.7198248906	0.0489839344
1352.7204502814	0.0515920500
1353.7210756723	0.0545627813
1354.7217010632	0.0565312552
1355.7223264540	0.0609429134
1356.7229518449	0.0698552960
1357.7235772358	0.0772132025
1358.7242026266	0.0780422082
1359.7248280175	0.0799752528
1360.7254534084	0.0826730341
1361.7260787992	0.0807237992
1362.7267041901	0.0790445355
1363.7273295810	0.0742235904
1364.7279549719	0.0677313713
1365.7285803627	0.0641088727
1366.7292057536	0.0616187350
1367.7298311445	0.0599589126
1368.7304565353	0.0583457282
1369.7310819262	0.0568582541
1370.7317073171	0.0530207740
1371.7323327079	0.0567351060
1372.7329580988	0.0598074478
1373.7335834897	0.0594109422
1374.7342088806	0.0583055326
1375.7348342714	0.0572329513
1376.7354596623	0.0581018072
1377.7360850532	0.0579727984
1378.7367104440	0.0561157727
1379.7373358349	0.0571352203
1380.7379612258	0.0583590573
1381.7385866166	0.0551717932
1382.7392120075	0.0652505624
1383.7398373984	0.0588022084
1384.7404627892	0.0610288801
1385.7410881801	0.0676231654
1386.7417135710	0.0833382796
1387.7423389619	0.0941652491
1388.7429643527	0.1057575974
1389.7435897436	0.1258223474
1390.7442151345	0.1482063480
1391.7448405253	0.1660615417
1392.7454659162	0.1818980190
1393.7460913071	0.1946266166
1394.7467166979	0.1953509705
1395.7473420888	0.1945049003
1396.7479674797	0.1886312814
1397.7485928705	0.1718562591
1398.7492182614	0.1583812644
1399.7498436523	0.1426033713
1400.7504690432	0.1217116101
1401.7510944340	0.1066386835
1402.7517198249	0.0978249589
1403.7523452158	0.0890842760
1404.7529706066	0.0825035725
1405.7535959975	0.0773021386
1406.7542213884	0.0725993064
1407.7548467792	0.0645306884
1408.7554721701	0.0667315966
1409.7560975610	0.0655854084
1410.7567229518	0.0615923531
1411.7573483427	0.0680175510
1412.7579737336	0.0722825916
1413.7585991245	0.0679620986
1414.7592245153	0.0660298749
1415.7598499062	0.0697061602
1416.7604752971	0.0692376437
1417.7611006879	0.0659731639
1418.7617260788	0.0645726622
1419.7623514697	0.0663378609
1420.7629768605	0.0665951385
1421.7636022514	0.0682839623
1422.7642276423	0.0737852898
1423.7648530331	0.0755493835
1424.7654784240	0.0764819154
1425.7661038149	0.0789987563
1426.7667292058	0.0829674979
1427.7673545966	0.0869154956
1428.7679799875	0.0892810894
1429.7686053784	0.0924610241
1430.7692307692	0.0992841589
1431.7698561601	0.1040759334
1432.7704815510	0.1169239878
1433.7711069418	0.1257149801
1434.7717323327	0.1359440666
1435.7723577236	0.1463876350
1436.7729831144	0.1610608596
1437.7736085053	0.1763489602
1438.7742338962	0.1908435662
1439.7748592871	0.2058134525
1440.7754846779	0.2190933515
1441.7761100688	0.2343181991
1442.7767354597	0.2490497752
1443.7773608505	0.2656111169
1444.7779862414	0.2769108575
1445.7786116323	0.2887292543
1446.7792370231	0.2993822455
1447.7798624140	0.3009400077
1448.7804878049	0.3026963348
1449.7811131957	0.3041538329
1450.7817385866	0.3015911710
1451.7823639775	0.2998713941
1452.7829893684	0.2997726473
1453.7836147592	0.2919121125
1454.7842401501	0.2816689879
1455.7848655410	0.2894737586
1456.7854909318	0.2886791485
1457.7861163227	0.2846445698
1458.7867417136	0.3011996369
1459.7873671044	0.3186052899
1460.7879924953	0.3396671351
1461.7886178862	0.3775160461
1462.7892432770	0.4208893610
1463.7898686679	0.4813352664
1464.7904940588	0.5483895070
1465.7911194497	0.6136289083
1466.7917448405	0.6770193449
1467.7923702314	0.7366648625
1468.7929956223	0.7897885838
1469.7936210131	0.8251828437
1470.7942464040	0.8460504088
1471.7948717949	0.8726031070
1472.7954971857	0.8933269386
1473.7961225766	0.9183533724
1474.7967479675	0.9463279385
1475.7973733583	0.9666417876
1476.7979987492	0.9869625257
1477.7986241401	0.9981314724
1478.7992495310	1.0000000000
1479.7998749218	0.9978832719
1480.8005003127	0.9926694787
1481.8011257036	0.9856263820
1482.8017510944	0.9686323159
1483.8023764853	0.9433787300
1484.8030018762	0.9103037684
1485.8036272670	0.8547366205
1486.8042526579	0.7686536951
1487.8048780488	0.6778504485
1488.8055034396	0.5979301645
1489.8061288305	0.5165749325
1490.8067542214	0.4378378225
1491.8073796123	0.3681795595
1492.8080050031	0.3049579269
1493.8086303940	0.2503103584
1494.8092557849	0.2083522280
1495.8098811757	0.1772725128
1496.8105065666	0.1536447979
1497.8111319575	0.1342140739
1498.8117573483	0.1161449752
1499.8123827392	0.1007112983
1500.8130081301	0.0932163819
1501.8136335210	0.0808672006
1502.8142589118	0.0733779253
1503.8148843027	0.0669422210
1504.8155096936	0.0601312538
1505.8161350844	0.0567102957
1506.8167604753	0.0506521609
1507.8173858662	0.0480636128
1508.8180112570	0.0509559181
1509.8186366479	0.0467785700
1510.8192620388	0.0435838646
1511.8198874296	0.0363836957
1512.8205128205	0.0356131776
1513.8211382114	0.0363695597
1514.8217636023	0.0353286047
1515.8223889931	0.0263245471
1516.8230143840	0.0324557472
1517.8236397749	0.0335108320
1518.8242651657	0.0318103632
1519.8248905566	0.0279384409
1520.8255159475	0.0243816084
1521.8261413383	0.0254295056
1522.8267667292	0.0248802760
1523.8273921201	0.0230949515
1524.8280175109	0.0245326731
1525.8286429018	0.0231571823
1526.8292682927	0.0225773964
1527.8298936836	0.0224963795
1528.8305190744	0.0178076156
1529.8311444653	0.0195478412
1530.8317698562	0.0243355855
1531.8323952470	0.0250131409
1532.8330206379	0.0229045506
1533.8336460288	0.0206622784
1534.8342714196	0.0207609161
1535.8348968105	0.0215126892
1536.8355222014	0.0209144120
1537.8361475922	0.0188334526
1538.8367729831	0.0170920086
1539.8373983740	0.0169019189
1540.8380237649	0.0168720382
1541.8386491557	0.0175262066
1542.8392745466	0.0182360878
1543.8398999375	0.0159332775
1544.8405253283	0.0179393773
1545.8411507192	0.0163520097
1546.8417761101	0.0117545460
1547.8424015009	0.0110683789
1548.8430268918	0.0135876238
1549.8436522827	0.0150268392
1550.8442776735	0.0171251724
1551.8449030644	0.0182853253
1552.8455284553	0.0143363580
1553.8461538462	0.0116901424
1554.8467792370	0.0139999909
1555.8474046279	0.0145300729
1556.8480300188	0.0115392409
1557.8486554096	0.0096000042
1558.8492808005	0.0089361253
1559.8499061914	0.0126161675
1560.8505315822	0.0138487291
1561.8511569731	0.0123853831
1562.8517823640	0.0119461977
1563.8524077548	0.0111273092
1564.8530331457	0.0149216351
1565.8536585366	0.0156719030
1566.8542839275	0.0089784372
1567.8549093183	0.0071186243
1568.8555347092	0.0077834905
1569.8561601001	0.0066672574
1570.8567854909	0.0090968297
1571.8574108818	0.0104215838
1572.8580362727	0.0057132567
1573.8586616635	0.0082224356
1574.8592870544	0.0114098843
1575.8599124453	0.0123158094
1576.8605378361	0.0109875061
1577.8611632270	0.0098461786
1578.8617886179	0.0077256019
1579.8624140088	0.0117782636
1580.8630393996	0.0131695926
1581.8636647905	0.0141416555
1582.8642901814	0.0120017233
1583.8649155722	0.0097797399
1584.8655409631	0.0111586917
1585.8661663540	0.0128073082
1586.8667917448	0.0130489971
1587.8674171357	0.0128164117
1588.8680425266	0.0124009312
1589.8686679174	0.0110825855
1590.8692933083	0.0094671286
1591.8699186992	0.0097796747
1592.8705440901	0.0085332794
1593.8711694809	0.0051724043
1594.8717948718	0.0085120918
1595.8724202627	0.0093633855
1596.8730456535	0.0078897508
1597.8736710444	0.0101377356
1598.8742964353	0.0118073363
1599.8749218261	0.0110348937
1600.8755472170	0.0096956899
1601.8761726079	0.0099251274
1602.8767979987	0.0086078294
1603.8774233896	0.0085310866
1604.8780487805	0.0088626799
1605.8786741714	0.0102082568
1606.8792995622	0.0113014010
1607.8799249531	0.0114873241
1608.8805503440	0.0070803488
1609.8811757348	0.0025143018
1610.8818011257	0.0046170525
1611.8824265166	0.0093959627
1612.8830519074	0.0071562078
1613.8836772983	0.0078900503
1614.8843026892	0.0088267119
1615.8849280801	0.0106032227
1616.8855534709	0.0099956946
1617.8861788618	0.0070776442
1618.8868042527	0.0081604590
1619.8874296435	0.0065273519
1620.8880550344	0.0043868052
1621.8886804253	0.0048110935
1622.8893058161	0.0059908642
1623.8899312070	0.0064256225
1624.8905565979	0.0067387637
1625.8911819887	0.0064263876
1626.8918073796	0.0066860251
1627.8924327705	0.0092150051
1628.8930581614	0.0067242463
1629.8936835522	0.0079570874
1630.8943089431	0.0048421743
1631.8949343340	0.0053897032
1632.8955597248	0.0129230796
1633.8961851157	0.0062980670
1634.8968105066	0.0082022678
1635.8974358974	0.0128618343
1636.8980612883	0.0133569817
1637.8986866792	0.0119423092
1638.8993120700	0.0079404634
1639.8999374609	0.0056556859
1640.9005628518	0.0066499187
1641.9011882427	0.0100397997
1642.9018136335	0.0117897183
1643.9024390244	0.0121242031
1644.9030644153	0.0096354350
1645.9036898061	0.0080379031
1646.9043151970	0.0100067573
1647.9049405879	0.0098349079
1648.9055659787	0.0119670553
1649.9061913696	0.0148336925
1650.9068167605	0.0079902368
1651.9074421513	0.0062212806
1652.9080675422	0.0126468740
1653.9086929331	0.0119081709
1654.9093183240	0.0109940078
1655.9099437148	0.0093416183
1656.9105691057	0.0122671089
1657.9111944966	0.0146476796
1658.9118198874	0.0103853941
1659.9124452783	0.0091867036
1660.9130706692	0.0099866543
1661.9136960600	0.0103400382
1662.9143214509	0.0117202471
1663.9149468418	0.0111121372
1664.9155722326	0.0091905723
1665.9161976235	0.0082920849
1666.9168230144	0.0081589015
1667.9174484053	0.0104643474
1668.9180737961	0.0117828571
1669.9186991870	0.0130026694
1670.9193245779	0.0140495794
1671.9199499687	0.0130862486
1672.9205753596	0.0121704351
1673.9212007505	0.0121668980
1674.9218261413	0.0145492839
1675.9224515322	0.0118030171
1676.9230769231	0.0103070770
1677.9237023139	0.0111314477
1678.9243277048	0.0126451961
1679.9249530957	0.0106134641
1680.9255784866	0.0086248590
1681.9262038774	0.0116322283
1682.9268292683	0.0161727268
1683.9274546592	0.0116125793
1684.9280800500	0.0102474621
1685.9287054409	0.0114825482
1686.9293308318	0.0120114573
1687.9299562226	0.0134571095
1688.9305816135	0.0141068711
1689.9312070044	0.0151736435
1690.9318323952	0.0171222347
1691.9324577861	0.0178732787
1692.9330831770	0.0163225446
1693.9337085679	0.0103924838
1694.9343339587	0.0126742884
1695.9349593496	0.0177593376
1696.9355847405	0.0137208937
1697.9362101313	0.0109516413
1698.9368355222	0.0192259022
1699.9374609131	0.0172008536
1700.9380863039	0.0176286612
1701.9387116948	0.0186875251
1702.9393370857	0.0163716126
1703.9399624765	0.0186886999
1704.9405878674	0.0200799930
1705.9412132583	0.0200719545
1706.9418386492	0.0185258959
1707.9424640400	0.0159289105
1708.9430894309	0.0164249736
1709.9437148218	0.0184961929
1710.9443402126	0.0184808624
1711.9449656035	0.0170348572
1712.9455909944	0.0173085628
1713.9462163852	0.0162927576
1714.9468417761	0.0112264570
1715.9474671670	0.0086599379
1716.9480925578	0.0093948279
1717.9487179487	0.0085243762
1718.9493433396	0.0072960620
1719.9499687305	0.0048954241
1720.9505941213	0.0034001237
1721.9512195122	0.0023166038
1722.9518449031	0.0017951872
1723.9524702939	0.0019775714
1724.9530956848	0.0038634577
1725.9537210757	0.0071279522
1726.9543464665	0.0076509825
1727.9549718574	0.0058636953
1728.9555972483	0.0075717315
1729.9562226391	0.0105259350
1730.9568480300	0.0131622621
1731.9574734209	0.0143691011
1732.9580988118	0.0160459109
1733.9587242026	0.0193348391
1734.9593495935	0.0190598658
1735.9599749844	0.0187236923
1736.9606003752	0.0204584701
1737.9612257661	0.0186103368
1738.9618511570	0.0172314518
1739.9624765478	0.0190977546
1740.9631019387	0.0213018949
1741.9637273296	0.0215495773
1742.9643527205	0.0195372463
1743.9649781113	0.0165718868
1744.9656035022	0.0107827152
1745.9662288931	0.0127892539
1746.9668542839	0.0179921679
1747.9674796748	0.0159363664
1748.9681050657	0.0139061882
1749.9687304565	0.0181190383
1750.9693558474	0.0126408531
1751.9699812383	0.0132030584
1752.9706066291	0.0150405382
1753.9712320200	0.0139866755
1754.9718574109	0.0139750688
1755.9724828018	0.0119133351
1756.9731081926	0.0096001010
1757.9737335835	0.0119986604
1758.9743589744	0.0088546509
1759.9749843652	0.0099720906
1760.9756097561	0.0119559234
1761.9762351470	0.0117164674
1762.9768605378	0.0094810573
1763.9774859287	0.0076057772
1764.9781113196	0.0083405293
1765.9787367104	0.0039425904
1766.9793621013	0.0057295413
1767.9799874922	0.0063299515
1768.9806128831	0.0070123101
1769.9812382739	0.0046298339
1770.9818636648	0.0044131438
1771.9824890557	0.0079400984
1772.9831144465	0.0071893405
1773.9837398374	0.0023434490
1774.9843652283	0.0020397001
1775.9849906191	0.0039599181
1776.9856160100	0.0029487094
1777.9862414009	0.0044354182
1778.9868667917	0.0041129846
1779.9874921826	0.0021977689
1780.9881175735	0.0020339874
1781.9887429644	0.0015378395
1782.9893683552	0.0005276105
1783.9899937461	0.0000000000
1784.9906191370	0.0020843141
1785.9912445278	0.0043032985
1786.9918699187	0.0036773809
1787.9924953096	0.0057719628
1788.9931207004	0.0036483335
1789.9937460913	0.0044659026
1790.9943714822	0.0036500145
1791.9949968730	0.0005650867
1792.9956222639	0.0033845328
1793.9962476548	0.0039293762
1794.9968730457	0.0005626076
1795.9974984365	0.0000175805
1796.9981238274	0.0044676484
1797.9987492183	0.0079480492
1798.9993746091	0.0079419511
1800.0000000000	0.0051228454
