200.0000000000	0.9588022010
201.0002942042	0.9587195727
202.0005884084	0.9586440553
203.0008826125	0.9586503493
204.0011768167	0.9588884047
205.0014710209	0.9590740605
206.0017652251	0.9588659806
207.0020594292	0.9585955487
208.0023536334	0.9586548582
209.0026478376	0.9587148807
210.0029420418	0.9587030094
211.0032362460	0.9584224916
212.0035304501	0.9581806490
213.0038246543	0.9581919663
214.0041188585	0.9583817140
215.0044130627	0.9585218018
216.0047072668	0.9585019070
217.0050014710	0.9583049155
218.0052956752	0.9579102604
219.0055898794	0.9581566446
220.0058840836	0.9581609356
221.0061782877	0.9580476939
222.0064724919	0.9582192786
223.0067666961	0.9584122923
224.0070609003	0.9580898855
225.0073551044	0.9578687081
226.0076493086	0.9582069845
227.0079435128	0.9586046189
228.0082377170	0.9588793396
229.0085319212	0.9587857102
230.0088261253	0.9584603996
231.0091203295	0.9584062958
232.0094145337	0.9588888176
233.0097087379	0.9589772719
234.0100029420	0.9589395076
235.0102971462	0.9589056657
236.0105913504	0.9589279848
237.0108855546	0.9589863763
238.0111797588	0.9590382458
239.0114739629	0.9590538504
240.0117681671	0.9589916165
241.0120623713	0.9586829800
242.0123565755	0.9585188269
243.0126507796	0.9586387056
244.0129449838	0.9585407972
245.0132391880	0.9585986441
246.0135333922	0.9588941992
247.0138275964	0.9591596021
248.0141218005	0.9591225744
249.0144160047	0.9587944938
250.0147102089	0.9585981809
251.0150044131	0.9588415194
252.0152986172	0.9591025397
253.0155928214	0.9589269448
254.0158870256	0.9586665368
255.0161812298	0.9587879139
256.0164754340	0.9591874251
257.0167696381	0.9592269650
258.0170638423	0.9594971573
259.0173580465	0.9594641936
260.0176522507	0.9590063100
261.0179464548	0.9586255064
262.0182406590	0.9586340266
263.0185348632	0.9588627834
264.0188290674	0.9590748436
265.0191232716	0.9593889085
266.0194174757	0.9596956457
267.0197116799	0.9593377650
268.0200058841	0.9593536590
269.0203000883	0.9590519068
270.0205942924	0.9590387966
271.0208884966	0.9593240080
272.0211827008	0.9595171349
273.0214769050	0.9595159901
274.0217711091	0.9595044403
275.0220653133	0.9593763747
276.0223595175	0.9589594891
277.0226537217	0.9587695786
278.0229479259	0.9591734262
279.0232421300	0.9595982676
280.0235363342	0.9599739699
281.0238305384	0.9603931045
282.0241247426	0.9595546102
283.0244189467	0.9596771030
284.0247131509	0.9600560601
285.0250073551	0.9600076827
286.0253015593	0.9600549751
287.0255957635	0.9604766299
288.0258899676	0.9607585504
289.0261841718	0.9604171675
290.0264783760	0.9600496288
291.0267725802	0.9605594054
292.0270667843	0.9600514945
293.0273609885	0.9598484373
294.0276551927	0.9598763297
295.0279493969	0.9601991354
296.0282436011	0.9603704185
297.0285378052	0.9602409243
298.0288320094	0.9603838057
299.0291262136	0.9607758572
300.0294204178	0.9603186544
301.0297146219	0.9598607763
302.0300088261	0.9598937052
303.0303030303	0.9597556569
304.0305972345	0.9596619210
305.0308914387	0.9596150034
306.0311856428	0.9591233532
307.0314798470	0.9585069301
308.0317740512	0.9586790295
309.0320682554	0.9590003364
310.0323624595	0.9591577617
311.0326566637	0.9592809351
312.0329508679	0.9593616995
313.0332450721	0.9593047567
314.0335392763	0.9592241596
315.0338334804	0.9594335204
316.0341276846	0.9590535515
317.0344218888	0.9588683938
318.0347160930	0.9591274836
319.0350102971	0.9593540606
320.0353045013	0.9594509036
321.0355987055	0.9593203917
322.0358929097	0.9590343093
323.0361871139	0.9589242034
324.0364813180	0.9589811508
325.0367755222	0.9587912702
326.0370697264	0.9586585032
327.0373639306	0.9589846756
328.0376581347	0.9589695905
329.0379523389	0.9589427658
330.0382465431	0.9592604271
331.0385407473	0.9594658706
332.0388349515	0.9591364613
333.0391291556	0.9591201229
334.0394233598	0.9588729972
335.0397175640	0.9590481764
336.0400117682	0.9588130733
337.0403059723	0.9583986830
338.0406001765	0.9583936533
339.0408943807	0.9587567196
340.0411885849	0.9586920846
341.0414827891	0.9588799804
342.0417769932	0.9588372230
343.0420711974	0.9587545127
344.0423654016	0.9588329772
345.0426596058	0.9588215443
346.0429538099	0.9585338132
347.0432480141	0.9582762658
348.0435422183	0.9586151201
349.0438364225	0.9590503940
350.0441306267	0.9584918130
351.0444248308	0.9578342075
352.0447190350	0.9580685234
353.0450132392	0.9588211364
354.0453074434	0.9591118473
355.0456016475	0.9587964125
356.0458958517	0.9585531065
357.0461900559	0.9580467526
358.0464842601	0.9583933868
359.0467784643	0.9587426324
360.0470726684	0.9584243064
361.0473668726	0.9583452909
362.0476610768	0.9583299573
363.0479552810	0.9581345269
364.0482494851	0.9579630601
365.0485436893	0.9579666693
366.0488378935	0.9580157286
367.0491320977	0.9582281295
368.0494263019	0.9585889291
369.0497205060	0.9586819226
370.0500147102	0.9588116465
371.0503089144	0.9590378048
372.0506031186	0.9591390463
373.0508973227	0.9591361200
374.0511915269	0.9595108465
375.0514857311	0.9596030665
376.0517799353	0.9595969491
377.0520741395	0.9591789880
378.0523683436	0.9590371239
379.0526625478	0.9593295514
380.0529567520	0.9595282641
381.0532509562	0.9591613187
382.0535451603	0.9588102074
383.0538393645	0.9587935343
384.0541335687	0.9585660074
385.0544277729	0.9589604781
386.0547219771	0.9592794205
387.0550161812	0.9590565774
388.0553103854	0.9586239399
389.0556045896	0.9585325062
390.0558987938	0.9584755657
391.0561929979	0.9579945651
392.0564872021	0.9579657512
393.0567814063	0.9582975889
394.0570756105	0.9585204957
395.0573698147	0.9584606129
396.0576640188	0.9582945519
397.0579582230	0.9583657528
398.0582524272	0.9587695883
399.0585466314	0.9586508902
400.0588408355	0.9588237849
401.0591350397	0.9586666575
402.0594292439	0.9585368564
403.0597234481	0.9585709239
404.0600176523	0.9588427970
405.0603118564	0.9590576352
406.0606060606	0.9587768341
407.0609002648	0.9586118534
408.0611944690	0.9585398729
409.0614886731	0.9583274710
410.0617828773	0.9583850509
411.0620770815	0.9586258577
412.0623712857	0.9585331896
413.0626654899	0.9582565094
414.0629596940	0.9583953076
415.0632538982	0.9585626216
416.0635481024	0.9586095494
417.0638423066	0.9592637248
418.0641365107	0.9590550201
419.0644307149	0.9588292126
420.0647249191	0.9590485356
421.0650191233	0.9593104472
422.0653133274	0.9591156325
423.0656075316	0.9587760807
424.0659017358	0.9585799570
425.0661959400	0.9586883107
426.0664901442	0.9592207862
427.0667843483	0.9596324703
428.0670785525	0.9595869611
429.0673727567	0.9592280250
430.0676669609	0.9590903752
431.0679611650	0.9593623119
432.0682553692	0.9586342251
433.0685495734	0.9590801385
434.0688437776	0.9592095363
435.0691379818	0.9588850362
436.0694321859	0.9585591891
437.0697263901	0.9584439414
438.0700205943	0.9585538939
439.0703147985	0.9588141156
440.0706090026	0.9590032722
441.0709032068	0.9590619178
442.0711974110	0.9592683274
443.0714916152	0.9593656509
444.0717858194	0.9592741778
445.0720800235	0.9592201130
446.0723742277	0.9593061251
447.0726684319	0.9594090117
448.0729626361	0.9595030924
449.0732568402	0.9603196437
450.0735510444	0.9604064082
451.0738452486	0.9603254429
452.0741394528	0.9599618923
453.0744336570	0.9596749990
454.0747278611	0.9596743903
455.0750220653	0.9598125866
456.0753162695	0.9598402777
457.0756104737	0.9599834466
458.0759046778	0.9602897686
459.0761988820	0.9602349367
460.0764930862	0.9606927665
461.0767872904	0.9608770441
462.0770814946	0.9609538022
463.0773756987	0.9613538333
464.0776699029	0.9619033299
465.0779641071	0.9621923506
466.0782583113	0.9625377214
467.0785525154	0.9631245611
468.0788467196	0.9632915262
469.0791409238	0.9634330104
470.0794351280	0.9633526909
471.0797293322	0.9630675643
472.0800235363	0.9629697566
473.0803177405	0.9631426304
474.0806119447	0.9628865566
475.0809061489	0.9624169826
476.0812003530	0.9624702649
477.0814945572	0.9622928568
478.0817887614	0.9618298115
479.0820829656	0.9612557781
480.0823771698	0.9608365030
481.0826713739	0.9607959805
482.0829655781	0.9606143917
483.0832597823	0.9601261803
484.0835539865	0.9599409703
485.0838481906	0.9597910390
486.0841423948	0.9596059506
487.0844365990	0.9595088464
488.0847308032	0.9595484043
489.0850250074	0.9595241235
490.0853192115	0.9591561085
491.0856134157	0.9590597689
492.0859076199	0.9594643104
493.0862018241	0.9592653982
494.0864960282	0.9589878482
495.0867902324	0.9591662437
496.0870844366	0.9592826220
497.0873786408	0.9586871013
498.0876728450	0.9583881201
499.0879670491	0.9589234685
500.0882612533	0.9584496219
501.0885554575	0.9582870647
502.0888496617	0.9583527846
503.0891438658	0.9582440805
504.0894380700	0.9578251980
505.0897322742	0.9575206114
506.0900264784	0.9579042891
507.0903206826	0.9581105907
508.0906148867	0.9577462044
509.0909090909	0.9576922314
510.0912032951	0.9576991933
511.0914974993	0.9576894472
512.0917917034	0.9577536163
513.0920859076	0.9578646620
514.0923801118	0.9576298474
515.0926743160	0.9564904228
516.0929685202	0.9572030849
517.0932627243	0.9578289973
518.0935569285	0.9576961701
519.0938511327	0.9574264946
520.0941453369	0.9577027656
521.0944395410	0.9581533601
522.0947337452	0.9580320895
523.0950279494	0.9579800408
524.0953221536	0.9580152556
525.0956163578	0.9578557131
526.0959105619	0.9573707191
527.0962047661	0.9569529006
528.0964989703	0.9569814404
529.0967931745	0.9572844785
530.0970873786	0.9575022575
531.0973815828	0.9576976194
532.0976757870	0.9579148811
533.0979699912	0.9573921286
534.0982641954	0.9573336987
535.0985583995	0.9574866483
536.0988526037	0.9571895426
537.0991468079	0.9570266244
538.0994410121	0.9571516843
539.0997352162	0.9566690444
540.1000294204	0.9569112046
541.1003236246	0.9567744996
542.1006178288	0.9566835258
543.1009120330	0.9568354737
544.1012062371	0.9571036690
545.1015004413	0.9573428636
546.1017946455	0.9574781379
547.1020888497	0.9574925321
548.1023830538	0.9573656152
549.1026772580	0.9570231970
550.1029714622	0.9569130646
551.1032656664	0.9576224395
552.1035598706	0.9575610876
553.1038540747	0.9569871548
554.1041482789	0.9570873203
555.1044424831	0.9579105923
556.1047366873	0.9577053198
557.1050308914	0.9576452609
558.1053250956	0.9576266412
559.1056192998	0.9574490052
560.1059135040	0.9571125363
561.1062077081	0.9569200897
562.1065019123	0.9568931843
563.1067961165	0.9569235165
564.1070903207	0.9570725399
565.1073845249	0.9573990916
566.1076787290	0.9572407068
567.1079729332	0.9568065277
568.1082671374	0.9567654989
569.1085613416	0.9569371340
570.1088555457	0.9572419020
571.1091497499	0.9577134150
572.1094439541	0.9580574687
573.1097381583	0.9574199297
574.1100323625	0.9574211124
575.1103265666	0.9572240657
576.1106207708	0.9576608241
577.1109149750	0.9577063491
578.1112091792	0.9573974205
579.1115033833	0.9572432288
580.1117975875	0.9574591060
581.1120917917	0.9577418056
582.1123859959	0.9578172884
583.1126802001	0.9577638405
584.1129744042	0.9577221572
585.1132686084	0.9575532636
586.1135628126	0.9575135202
587.1138570168	0.9577633112
588.1141512209	0.9580898666
589.1144454251	0.9580544302
590.1147396293	0.9576455803
591.1150338335	0.9574287175
592.1153280377	0.9577901160
593.1156222418	0.9577337376
594.1159164460	0.9578500560
595.1162106502	0.9579015888
596.1165048544	0.9578322593
597.1167990585	0.9581868327
598.1170932627	0.9585429796
599.1173874669	0.9593697080
600.1176816711	0.9583935795
601.1179758753	0.9587119801
602.1182700794	0.9588003367
603.1185642836	0.9585229885
604.1188584878	0.9584202950
605.1191526920	0.9585609535
606.1194468961	0.9584479819
607.1197411003	0.9584804361
608.1200353045	0.9583152535
609.1203295087	0.9581674307
610.1206237129	0.9582380522
611.1209179170	0.9582251746
612.1212121212	0.9580463389
613.1215063254	0.9578955634
614.1218005296	0.9579113122
615.1220947337	0.9580507919
616.1223889379	0.9584948265
617.1226831421	0.9582418556
618.1229773463	0.9582426490
619.1232715505	0.9581968564
620.1235657546	0.9578911857
621.1238599588	0.9573716581
622.1241541630	0.9569826494
623.1244483672	0.9575978874
624.1247425713	0.9573271374
625.1250367755	0.9575852832
626.1253309797	0.9574938617
627.1256251839	0.9572496451
628.1259193881	0.9571528920
629.1262135922	0.9570721113
630.1265077964	0.9568436651
631.1268020006	0.9569949119
632.1270962048	0.9569349370
633.1273904089	0.9562067484
634.1276846131	0.9558991063
635.1279788173	0.9559679942
636.1282730215	0.9557860103
637.1285672257	0.9552158296
638.1288614298	0.9546769350
639.1291556340	0.9544670663
640.1294498382	0.9540900180
641.1297440424	0.9545975120
642.1300382465	0.9544764900
643.1303324507	0.9545586741
644.1306266549	0.9544520962
645.1309208591	0.9543013537
646.1312150633	0.9542115215
647.1315092674	0.9537678258
648.1318034716	0.9532904335
649.1320976758	0.9540848465
650.1323918800	0.9538363327
651.1326860841	0.9539716000
652.1329802883	0.9540406162
653.1332744925	0.9538783159
654.1335686967	0.9537385301
655.1338629009	0.9538286444
656.1341571050	0.9539222929
657.1344513092	0.9541495683
658.1347455134	0.9541088513
659.1350397176	0.9540578629
660.1353339217	0.9543865967
661.1356281259	0.9549624761
662.1359223301	0.9555423005
663.1362165343	0.9559073596
664.1365107385	0.9558630393
665.1368049426	0.9557358966
666.1370991468	0.9561597606
667.1373933510	0.9566659811
668.1376875552	0.9567700159
669.1379817593	0.9566814339
670.1382759635	0.9568748483
671.1385701677	0.9570431711
672.1388643719	0.9564172034
673.1391585761	0.9565411518
674.1394527802	0.9566059810
675.1397469844	0.9566566207
676.1400411886	0.9568193521
677.1403353928	0.9566917177
678.1406295969	0.9566190389
679.1409238011	0.9568106327
680.1412180053	0.9569176753
681.1415122095	0.9568113181
682.1418064137	0.9569670034
683.1421006178	0.9568439593
684.1423948220	0.9566090427
685.1426890262	0.9567308111
686.1429832304	0.9567243423
687.1432774345	0.9563929094
688.1435716387	0.9562367895
689.1438658429	0.9567066215
690.1441600471	0.9568073606
691.1444542513	0.9566355967
692.1447484554	0.9565832776
693.1450426596	0.9567332445
694.1453368638	0.9567172890
695.1456310680	0.9564734727
696.1459252721	0.9563610558
697.1462194763	0.9566446054
698.1465136805	0.9566066800
699.1468078847	0.9566973443
700.1471020888	0.9561618996
701.1473962930	0.9567738800
702.1476904972	0.9566953891
703.1479847014	0.9564728983
704.1482789056	0.9566059149
705.1485731097	0.9563360872
706.1488673139	0.9566646124
707.1491615181	0.9568189912
708.1494557223	0.9569189375
709.1497499264	0.9565652698
710.1500441306	0.9562544170
711.1503383348	0.9560230570
712.1506325390	0.9559665170
713.1509267432	0.9562983884
714.1512209473	0.9568674573
715.1515151515	0.9570857021
716.1518093557	0.9571842212
717.1521035599	0.9571756999
718.1523977640	0.9570775409
719.1526919682	0.9571496061
720.1529861724	0.9574440631
721.1532803766	0.9577189704
722.1535745808	0.9576811558
723.1538687849	0.9573934851
724.1541629891	0.9575771690
725.1544571933	0.9577537855
726.1547513975	0.9575850480
727.1550456016	0.9576405625
728.1553398058	0.9575187250
729.1556340100	0.9573529983
730.1559282142	0.9580813713
731.1562224184	0.9587481083
732.1565166225	0.9580337749
733.1568108267	0.9576248569
734.1571050309	0.9582850846
735.1573992351	0.9587757212
736.1576934392	0.9587327551
737.1579876434	0.9583906058
738.1582818476	0.9581302782
739.1585760518	0.9582383659
740.1588702560	0.9576187272
741.1591644601	0.9583237220
742.1594586643	0.9583524907
743.1597528685	0.9584468254
744.1600470727	0.9586855917
745.1603412768	0.9587684787
746.1606354810	0.9586329371
747.1609296852	0.9587179819
748.1612238894	0.9593059769
749.1615180936	0.9598503066
750.1618122977	0.9601070243
751.1621065019	0.9599332213
752.1624007061	0.9598351896
753.1626949103	0.9600109884
754.1629891144	0.9602764523
755.1632833186	0.9604444161
756.1635775228	0.9606948414
757.1638717270	0.9604067843
758.1641659312	0.9598667028
759.1644601353	0.9595056868
760.1647543395	0.9592386143
761.1650485437	0.9590262204
762.1653427479	0.9589724583
763.1656369520	0.9590022828
764.1659311562	0.9585883618
765.1662253604	0.9584567844
766.1665195646	0.9583079455
767.1668137688	0.9584167358
768.1671079729	0.9582713429
769.1674021771	0.9586675115
770.1676963813	0.9589710586
771.1679905855	0.9586500349
772.1682847896	0.9592599532
773.1685789938	0.9586978637
774.1688731980	0.9588757835
775.1691674022	0.9592759919
776.1694616064	0.9594638914
777.1697558105	0.9593537476
778.1700500147	0.9592656185
779.1703442189	0.9593864050
780.1706384231	0.9595026343
781.1709326272	0.9596075654
782.1712268314	0.9602505193
783.1715210356	0.9605683906
784.1718152398	0.9610413104
785.1721094440	0.9611747692
786.1724036481	0.9607974039
787.1726978523	0.9604457717
788.1729920565	0.9606726792
789.1732862607	0.9608628398
790.1735804648	0.9604660996
791.1738746690	0.9607893113
792.1741688732	0.9616113648
793.1744630774	0.9621329280
794.1747572816	0.9625118325
795.1750514857	0.9631243941
796.1753456899	0.9639627138
797.1756398941	0.9645961930
798.1759340983	0.9647483236
799.1762283024	0.9645843444
800.1765225066	0.9648280121
801.1768167108	0.9651647728
802.1771109150	0.9651523930
803.1774051192	0.9648011932
804.1776993233	0.9643582077
805.1779935275	0.9638332530
806.1782877317	0.9628750664
807.1785819359	0.9623994470
808.1788761400	0.9619726845
809.1791703442	0.9615989589
810.1794645484	0.9612671970
811.1797587526	0.9612713803
812.1800529568	0.9614140880
813.1803471609	0.9611748426
814.1806413651	0.9610410713
815.1809355693	0.9608969429
816.1812297735	0.9609793496
817.1815239776	0.9605323747
818.1818181818	0.9602148098
819.1821123860	0.9604970981
820.1824065902	0.9606853993
821.1827007944	0.9599931727
822.1829949985	0.9593164203
823.1832892027	0.9599547537
824.1835834069	0.9601529616
825.1838776111	0.9595872559
826.1841718152	0.9597182246
827.1844660194	0.9596712879
828.1847602236	0.9596832959
829.1850544278	0.9599377655
830.1853486320	0.9593437856
831.1856428361	0.9596058651
832.1859370403	0.9598612324
833.1862312445	0.9598358720
834.1865254487	0.9595932248
835.1868196528	0.9590055553
836.1871138570	0.9590115446
837.1874080612	0.9595388146
838.1877022654	0.9592455471
839.1879964695	0.9586369954
840.1882906737	0.9586413900
841.1885848779	0.9589005885
842.1888790821	0.9591153787
843.1891732863	0.9591804084
844.1894674904	0.9591071738
845.1897616946	0.9590727782
846.1900558988	0.9592251675
847.1903501030	0.9593860863
848.1906443071	0.9592013992
849.1909385113	0.9588812716
850.1912327155	0.9584897716
851.1915269197	0.9585174766
852.1918211239	0.9588164038
853.1921153280	0.9590107613
854.1924095322	0.9590026645
855.1927037364	0.9590731462
856.1929979406	0.9591351694
857.1932921447	0.9591156607
858.1935863489	0.9591280305
859.1938805531	0.9590665766
860.1941747573	0.9588168229
861.1944689615	0.9588846664
862.1947631656	0.9594147122
863.1950573698	0.9597213020
864.1953515740	0.9594112194
865.1956457782	0.9588767581
866.1959399823	0.9585325423
867.1962341865	0.9592030357
868.1965283907	0.9599337734
869.1968225949	0.9601877223
870.1971167991	0.9601598982
871.1974110032	0.9601700120
872.1977052074	0.9599500562
873.1979994116	0.9598911140
874.1982936158	0.9598400968
875.1985878199	0.9606129172
876.1988820241	0.9613052338
877.1991762283	0.9616422181
878.1994704325	0.9619115205
879.1997646367	0.9621432037
880.2000588408	0.9618167867
881.2003530450	0.9617618783
882.2006472492	0.9617789527
883.2009414534	0.9613798346
884.2012356575	0.9610122738
885.2015298617	0.9602024268
886.2018240659	0.9594860785
887.2021182701	0.9593732618
888.2024124743	0.9593774942
889.2027066784	0.9591630846
890.2030008826	0.9585107402
891.2032950868	0.9583397439
892.2035892910	0.9579013368
893.2038834951	0.9576604538
894.2041776993	0.9575717860
895.2044719035	0.9574826305
896.2047661077	0.9575274349
897.2050603119	0.9578376551
898.2053545160	0.9574013972
899.2056487202	0.9570070179
900.2059429244	0.9571800401
901.2062371286	0.9571416607
902.2065313327	0.9571473881
903.2068255369	0.9571628929
904.2071197411	0.9569161798
905.2074139453	0.9567084219
906.2077081495	0.9566609369
907.2080023536	0.9569863118
908.2082965578	0.9568588149
909.2085907620	0.9563594675
910.2088849662	0.9564836938
911.2091791703	0.9569359557
912.2094733745	0.9570890321
913.2097675787	0.9571100647
914.2100617829	0.9567693764
915.2103559871	0.9570260793
916.2106501912	0.9569085979
917.2109443954	0.9570553944
918.2112385996	0.9567761499
919.2115328038	0.9565850709
920.2118270079	0.9569631106
921.2121212121	0.9572692921
922.2124154163	0.9564849932
923.2127096205	0.9569196512
924.2130038247	0.9572338794
925.2132980288	0.9574217139
926.2135922330	0.9572581316
927.2138864372	0.9571045070
928.2141806414	0.9571316229
929.2144748455	0.9570315876
930.2147690497	0.9565957294
931.2150632539	0.9573223380
932.2153574581	0.9574809133
933.2156516623	0.9573199014
934.2159458664	0.9568776280
935.2162400706	0.9566346856
936.2165342748	0.9567905342
937.2168284790	0.9571555737
938.2171226831	0.9572315674
939.2174168873	0.9560754334
940.2177110915	0.9563658877
941.2180052957	0.9564133862
942.2182994999	0.9570089114
943.2185937040	0.9570340912
944.2188879082	0.9565119543
945.2191821124	0.9561346896
946.2194763166	0.9562479671
947.2197705207	0.9566554479
948.2200647249	0.9566042996
949.2203589291	0.9566225320
950.2206531333	0.9567329668
951.2209473375	0.9568892523
952.2212415416	0.9569293447
953.2215357458	0.9568241114
954.2218299500	0.9568308541
955.2221241542	0.9573185146
956.2224183583	0.9578295173
957.2227125625	0.9573900632
958.2230067667	0.9571372575
959.2233009709	0.9573095149
960.2235951751	0.9574408543
961.2238893792	0.9573495567
962.2241835834	0.9572726393
963.2244777876	0.9575028404
964.2247719918	0.9581401927
965.2250661959	0.9580700711
966.2253604001	0.9578047869
967.2256546043	0.9580243331
968.2259488085	0.9582760000
969.2262430127	0.9583949397
970.2265372168	0.9583842890
971.2268314210	0.9582966297
972.2271256252	0.9586838400
973.2274198294	0.9589571151
974.2277140335	0.9587372480
975.2280082377	0.9588866409
976.2283024419	0.9592589432
977.2285966461	0.9594320956
978.2288908503	0.9593783092
979.2291850544	0.9593727051
980.2294792586	0.9594158765
981.2297734628	0.9597406208
982.2300676670	0.9599820071
983.2303618711	0.9605555449
984.2306560753	0.9612395138
985.2309502795	0.9618150650
986.2312444837	0.9622885741
987.2315386878	0.9627939574
988.2318328920	0.9633264270
989.2321270962	0.9635384351
990.2324213004	0.9640833315
991.2327155046	0.9654147808
992.2330097087	0.9660439108
993.2333039129	0.9668528049
994.2335981171	0.9679451336
995.2338923213	0.9687075464
996.2341865254	0.9690397291
997.2344807296	0.9699708704
998.2347749338	0.9703164133
999.2350691380	0.9702728823
1000.2353633422	0.9703782164
1001.2356575463	0.9699430537
1002.2359517505	0.9692978591
1003.2362459547	0.9685384325
1004.2365401589	0.9674365562
1005.2368343630	0.9666827554
1006.2371285672	0.9657563112
1007.2374227714	0.9653753372
1008.2377169756	0.9654543618
1009.2380111798	0.9651295962
1010.2383053839	0.9645511256
1011.2385995881	0.9641459777
1012.2388937923	0.9638367723
1013.2391879965	0.9630736716
1014.2394822006	0.9625586207
1015.2397764048	0.9626115153
1016.2400706090	0.9626405775
1017.2403648132	0.9625566532
1018.2406590174	0.9621460189
1019.2409532215	0.9618260971
1020.2412474257	0.9617079343
1021.2415416299	0.9613099296
1022.2418358341	0.9613913568
1023.2421300382	0.9620576185
1024.2424242424	0.9615429313
1025.2427184466	0.9616081916
1026.2430126508	0.9620613755
1027.2433068550	0.9622588666
1028.2436010591	0.9622539632
1029.2438952633	0.9622813058
1030.2441894675	0.9614446513
1031.2444836717	0.9627429156
1032.2447778758	0.9617536103
1033.2450720800	0.9618190738
1034.2453662842	0.9624343349
1035.2456604884	0.9627834616
1036.2459546926	0.9628025036
1037.2462488967	0.9629957846
1038.2465431009	0.9633747274
1039.2468373051	0.9620445330
1040.2471315093	0.9629478525
1041.2474257134	0.9626713408
1042.2477199176	0.9624313990
1043.2480141218	0.9625950149
1044.2483083260	0.9628834274
1045.2486025302	0.9627596005
1046.2488967343	0.9621227384
1047.2491909385	0.9623351513
1048.2494851427	0.9636745933
1049.2497793469	0.9640777775
1050.2500735510	0.9642436842
1051.2503677552	0.9642774442
1052.2506619594	0.9641691578
1053.2509561636	0.9639291127
1054.2512503678	0.9635658977
1055.2515445719	0.9629883986
1056.2518387761	0.9619206294
1057.2521329803	0.9606746949
1058.2524271845	0.9598895519
1059.2527213886	0.9592692554
1060.2530155928	0.9587350276
1061.2533097970	0.9582431755
1062.2536040012	0.9577102845
1063.2538982054	0.9571716156
1064.2541924095	0.9569311004
1065.2544866137	0.9570235398
1066.2547808179	0.9567667343
1067.2550750221	0.9564277462
1068.2553692262	0.9564779251
1069.2556634304	0.9566129032
1070.2559576346	0.9565219805
1071.2562518388	0.9565609391
1072.2565460430	0.9563314361
1073.2568402471	0.9559843214
1074.2571344513	0.9562973682
1075.2574286555	0.9566821075
1076.2577228597	0.9567841275
1077.2580170638	0.9567634914
1078.2583112680	0.9568606887
1079.2586054722	0.9569679149
1080.2588996764	0.9566870426
1081.2591938806	0.9565653346
1082.2594880847	0.9566595163
1083.2597822889	0.9568872309
1084.2600764931	0.9570114522
1085.2603706973	0.9569904894
1086.2606649014	0.9569773851
1087.2609591056	0.9570872710
1088.2612533098	0.9571816698
1089.2615475140	0.9572752923
1090.2618417182	0.9574851384
1091.2621359223	0.9574990030
1092.2624301265	0.9575932247
1093.2627243307	0.9576300160
1094.2630185349	0.9577267966
1095.2633127390	0.9579476281
1096.2636069432	0.9578805463
1097.2639011474	0.9574283512
1098.2641953516	0.9575800291
1099.2644895558	0.9574004386
1100.2647837599	0.9575815526
1101.2650779641	0.9577091281
1102.2653721683	0.9575045872
1103.2656663725	0.9572520171
1104.2659605766	0.9573895734
1105.2662547808	0.9575388868
1106.2665489850	0.9570603866
1107.2668431892	0.9564778411
1108.2671373934	0.9566265760
1109.2674315975	0.9567694232
1110.2677258017	0.9565063228
1111.2680200059	0.9560009188
1112.2683142101	0.9557573396
1113.2686084142	0.9561305957
1114.2689026184	0.9559741968
1115.2691968226	0.9549801276
1116.2694910268	0.9553542604
1117.2697852310	0.9555011049
1118.2700794351	0.9554978422
1119.2703736393	0.9555098877
1120.2706678435	0.9554086768
1121.2709620477	0.9552862259
1122.2712562518	0.9551933297
1123.2715504560	0.9549708273
1124.2718446602	0.9550780598
1125.2721388644	0.9552328226
1126.2724330685	0.9551918263
1127.2727272727	0.9548540517
1128.2730214769	0.9544569847
1129.2733156811	0.9543851943
1130.2736098853	0.9544323181
1131.2739040894	0.9545506904
1132.2741982936	0.9549065707
1133.2744924978	0.9551009431
1134.2747867020	0.9548954038
1135.2750809061	0.9547121521
1136.2753751103	0.9549038557
1137.2756693145	0.9553060363
1138.2759635187	0.9555061881
1139.2762577229	0.9554360585
1140.2765519270	0.9552944624
1141.2768461312	0.9555523998
1142.2771403354	0.9559793213
1143.2774345396	0.9562456104
1144.2777287437	0.9565726772
1145.2780229479	0.9571435253
1146.2783171521	0.9573956710
1147.2786113563	0.9575247489
1148.2789055605	0.9581542490
1149.2791997646	0.9582360660
1150.2794939688	0.9583505659
1151.2797881730	0.9586252063
1152.2800823772	0.9587210144
1153.2803765813	0.9584469901
1154.2806707855	0.9580414866
1155.2809649897	0.9574816212
1156.2812591939	0.9576137250
1157.2815533981	0.9574937137
1158.2818476022	0.9569350432
1159.2821418064	0.9565127562
1160.2824360106	0.9564225839
1161.2827302148	0.9565080370
1162.2830244189	0.9565006040
1163.2833186231	0.9561922622
1164.2836128273	0.9561565335
1165.2839070315	0.9558020161
1166.2842012357	0.9556516940
1167.2844954398	0.9557217734
1168.2847896440	0.9559172047
1169.2850838482	0.9559943159
1170.2853780524	0.9558384175
1171.2856722565	0.9557113424
1172.2859664607	0.9555142707
1173.2862606649	0.9549002031
1174.2865548691	0.9551233038
1175.2868490733	0.9549463317
1176.2871432774	0.9550418701
1177.2874374816	0.9552966471
1178.2877316858	0.9552448293
1179.2880258900	0.9551632883
1180.2883200941	0.9550239833
1181.2886142983	0.9549958320
1182.2889085025	0.9553312124
1183.2892027067	0.9553691629
1184.2894969109	0.9556042865
1185.2897911150	0.9556479884
1186.2900853192	0.9555046607
1187.2903795234	0.9557397495
1188.2906737276	0.9555768422
1189.2909679317	0.9560672767
1190.2912621359	0.9560896221
1191.2915563401	0.9565336256
1192.2918505443	0.9566024582
1193.2921447485	0.9566302070
1194.2924389526	0.9566898401
1195.2927331568	0.9566039666
1196.2930273610	0.9569219015
1197.2933215652	0.9568184194
1198.2936157693	0.9571177628
1199.2939099735	0.9573917956
1200.2942041777	0.9571450495
1201.2944983819	0.9567185247
1202.2947925861	0.9567544989
1203.2950867902	0.9571454902
1204.2953809944	0.9570261549
1205.2956751986	0.9572920506
1206.2959694028	0.9572822594
1207.2962636069	0.9572803733
1208.2965578111	0.9570910166
1209.2968520153	0.9569305545
1210.2971462195	0.9567162116
1211.2974404237	0.9565052862
1212.2977346278	0.9565794416
1213.2980288320	0.9566561184
1214.2983230362	0.9568146241
1215.2986172404	0.9567879879
1216.2989114445	0.9568227036
1217.2992056487	0.9566863243
1218.2994998529	0.9567416020
1219.2997940571	0.9569078514
1220.3000882613	0.9568028805
1221.3003824654	0.9567889693
1222.3006766696	0.9565527528
1223.3009708738	0.9566569104
1224.3012650780	0.9569851070
1225.3015592821	0.9570856750
1226.3018534863	0.9567728862
1227.3021476905	0.9564313612
1228.3024418947	0.9563471966
1229.3027360989	0.9562137032
1230.3030303030	0.9564124908
1231.3033245072	0.9564081207
1232.3036187114	0.9561865195
1233.3039129156	0.9558588966
1234.3042071197	0.9558150744
1235.3045013239	0.9557323685
1236.3047955281	0.9555652379
1237.3050897323	0.9557545027
1238.3053839365	0.9554498122
1239.3056781406	0.9555472204
1240.3059723448	0.9553900822
1241.3062665490	0.9548617297
1242.3065607532	0.9548314425
1243.3068549573	0.9552056095
1244.3071491615	0.9554321434
1245.3074433657	0.9554789674
1246.3077375699	0.9561635016
1247.3080317741	0.9567724740
1248.3083259782	0.9572494810
1249.3086201824	0.9571191736
1250.3089143866	0.9570301661
1251.3092085908	0.9572334227
1252.3095027949	0.9574943305
1253.3097969991	0.9576145548
1254.3100912033	0.9577383620
1255.3103854075	0.9572378690
1256.3106796117	0.9568844017
1257.3109738158	0.9566974322
1258.3112680200	0.9565412749
1259.3115622242	0.9566515472
1260.3118564284	0.9567630052
1261.3121506325	0.9565782298
1262.3124448367	0.9563765084
1263.3127390409	0.9567302531
1264.3130332451	0.9565477570
1265.3133274492	0.9563239697
1266.3136216534	0.9563526829
1267.3139158576	0.9561446418
1268.3142100618	0.9566522396
1269.3145042660	0.9575320831
1270.3147984701	0.9576318770
1271.3150926743	0.9587571215
1272.3153868785	0.9594972851
1273.3156810827	0.9601198915
1274.3159752868	0.9607333039
1275.3162694910	0.9621939099
1276.3165636952	0.9636662090
1277.3168578994	0.9647123412
1278.3171521036	0.9655353203
1279.3174463077	0.9659861786
1280.3177405119	0.9664057614
1281.3180347161	0.9660995979
1282.3183289203	0.9657301079
1283.3186231244	0.9654461367
1284.3189173286	0.9650837960
1285.3192115328	0.9646009752
1286.3195057370	0.9641043856
1287.3197999412	0.9636364352
1288.3200941453	0.9629624426
1289.3203883495	0.9621987325
1290.3206825537	0.9615212388
1291.3209767579	0.9607033104
1292.3212709620	0.9597063550
1293.3215651662	0.9590835995
1294.3218593704	0.9585960479
1295.3221535746	0.9577375935
1296.3224477788	0.9580776414
1297.3227419829	0.9576668360
1298.3230361871	0.9583010525
1299.3233303913	0.9581800597
1300.3236245955	0.9577359060
1301.3239187996	0.9581567606
1302.3242130038	0.9587910933
1303.3245072080	0.9585890311
1304.3248014122	0.9588661580
1305.3250956164	0.9586414184
1306.3253898205	0.9585459928
1307.3256840247	0.9588619197
1308.3259782289	0.9592061018
1309.3262724331	0.9595880450
1310.3265666372	0.9597522227
1311.3268608414	0.9596571821
1312.3271550456	0.9598982774
1313.3274492498	0.9607070682
1314.3277434540	0.9614716447
1315.3280376581	0.9619595541
1316.3283318623	0.9628654693
1317.3286260665	0.9639227024
1318.3289202707	0.9648561698
1319.3292144748	0.9655212830
1320.3295086790	0.9659406902
1321.3298028832	0.9664440493
1322.3300970874	0.9668605882
1323.3303912916	0.9669975352
1324.3306854957	0.9673037138
1325.3309796999	0.9676357363
1326.3312739041	0.9677036926
1327.3315681083	0.9675723808
1328.3318623124	0.9673193843
1329.3321565166	0.9665170899
1330.3324507208	0.9661326841
1331.3327449250	0.9654519131
1332.3330391292	0.9647521836
1333.3333333333	0.9640669326
1334.3336275375	0.9633523453
1335.3339217417	0.9624052362
1336.3342159459	0.9613056588
1337.3345101500	0.9604709461
1338.3348043542	0.9592163655
1339.3350985584	0.9583923681
1340.3353927626	0.9576279901
1341.3356869668	0.9576037554
1342.3359811709	0.9575243586
1343.3362753751	0.9571317561
1344.3365695793	0.9567091661
1345.3368637835	0.9566047060
1346.3371579876	0.9570839678
1347.3374521918	0.9566797969
1348.3377463960	0.9564866333
1349.3380406002	0.9563823837
1350.3383348044	0.9566568695
1351.3386290085	0.9570192140
1352.3389232127	0.9570723208
1353.3392174169	0.9568997816
1354.3395116211	0.9570298177
1355.3398058252	0.9563594020
1356.3401000294	0.9561251619
1357.3403942336	0.9562921714
1358.3406884378	0.9564618578
1359.3409826420	0.9565102192
1360.3412768461	0.9565870779
1361.3415710503	0.9569295119
1362.3418652545	0.9574491998
1363.3421594587	0.9569745013
1364.3424536628	0.9573554926
1365.3427478670	0.9574547334
1366.3430420712	0.9578360060
1367.3433362754	0.9583552150
1368.3436304796	0.9588021095
1369.3439246837	0.9590212353
1370.3442188879	0.9591069470
1371.3445130921	0.9598495349
1372.3448072963	0.9598657522
1373.3451015004	0.9601064700
1374.3453957046	0.9603794947
1375.3456899088	0.9604915102
1376.3459841130	0.9607359537
1377.3462783172	0.9612582233
1378.3465725213	0.9619436171
1379.3468667255	0.9629218312
1380.3471609297	0.9637652348
1381.3474551339	0.9635017940
1382.3477493380	0.9638274179
1383.3480435422	0.9638139848
1384.3483377464	0.9636612308
1385.3486319506	0.9633846879
1386.3489261548	0.9624632248
1387.3492203589	0.9608102006
1388.3495145631	0.9604674741
1389.3498087673	0.9600029165
1390.3501029715	0.9594298394
1391.3503971756	0.9587835959
1392.3506913798	0.9579632051
1393.3509855840	0.9570738115
1394.3512797882	0.9564988346
1395.3515739924	0.9563849646
1396.3518681965	0.9556105163
1397.3521624007	0.9551994374
1398.3524566049	0.9547716404
1399.3527508091	0.9547403206
1400.3530450132	0.9551394182
1401.3533392174	0.9555292843
1402.3536334216	0.9552876468
1403.3539276258	0.9545523382
1404.3542218300	0.9549386621
1405.3545160341	0.9550111063
1406.3548102383	0.9549713064
1407.3551044425	0.9552700651
1408.3553986467	0.9550656707
1409.3556928508	0.9544747933
1410.3559870550	0.9543958984
1411.3562812592	0.9551959738
1412.3565754634	0.9557642108
1413.3568696675	0.9556141736
1414.3571638717	0.9551269044
1415.3574580759	0.9557718874
1416.3577522801	0.9565212837
1417.3580464843	0.9570401222
1418.3583406884	0.9576941700
1419.3586348926	0.9587351502
1420.3589290968	0.9598446963
1421.3592233010	0.9610102250
1422.3595175051	0.9622003174
1423.3598117093	0.9636889713
1424.3601059135	0.9652044750
1425.3604001177	0.9667355743
1426.3606943219	0.9678932469
1427.3609885260	0.9686809614
1428.3612827302	0.9695428003
1429.3615769344	0.9702331502
1430.3618711386	0.9706977992
1431.3621653427	0.9708637674
1432.3624595469	0.9708387044
1433.3627537511	0.9710423992
1434.3630479553	0.9708730906
1435.3633421595	0.9705805055
1436.3636363636	0.9706556695
1437.3639305678	0.9701040787
1438.3642247720	0.9700807818
1439.3645189762	0.9695303652
1440.3648131803	0.9692800630
1441.3651073845	0.9692011607
1442.3654015887	0.9689701502
1443.3656957929	0.9682753055
1444.3659899971	0.9673911095
1445.3662842012	0.9670819120
1446.3665784054	0.9667666812
1447.3668726096	0.9661978057
1448.3671668138	0.9655022218
1449.3674610179	0.9646744809
1450.3677552221	0.9639001654
1451.3680494263	0.9632493173
1452.3683436305	0.9625924864
1453.3686378347	0.9617227990
1454.3689320388	0.9606636264
1455.3692262430	0.9604184151
1456.3695204472	0.9603395375
1457.3698146514	0.9596429197
1458.3701088555	0.9588778052
1459.3704030597	0.9582756765
1460.3706972639	0.9578091930
1461.3709914681	0.9573849228
1462.3712856723	0.9568992093
1463.3715798764	0.9564082048
1464.3718740806	0.9559634277
1465.3721682848	0.9554343708
1466.3724624890	0.9550040236
1467.3727566931	0.9544535403
1468.3730508973	0.9537768909
1469.3733451015	0.9534181847
1470.3736393057	0.9538177365
1471.3739335099	0.9541230766
1472.3742277140	0.9539238495
1473.3745219182	0.9539541242
1474.3748161224	0.9542745225
1475.3751103266	0.9548424527
1476.3754045307	0.9553717285
1477.3756987349	0.9556313773
1478.3759929391	0.9556205376
1479.3762871433	0.9553395210
1480.3765813475	0.9552158982
1481.3768755516	0.9543940948
1482.3771697558	0.9539938848
1483.3774639600	0.9540748755
1484.3777581642	0.9543394438
1485.3780523683	0.9544574547
1486.3783465725	0.9543104287
1487.3786407767	0.9540780179
1488.3789349809	0.9537722917
1489.3792291851	0.9536723290
1490.3795233892	0.9536439716
1491.3798175934	0.9535819383
1492.3801117976	0.9533522544
1493.3804060018	0.9531251355
1494.3807002059	0.9530669747
1495.3809944101	0.9529651208
1496.3812886143	0.9528817994
1497.3815828185	0.9530747965
1498.3818770227	0.9529869406
1499.3821712268	0.9531031478
1500.3824654310	0.9533232040
1501.3827596352	0.9533341230
1502.3830538394	0.9530446509
1503.3833480435	0.9527113737
1504.3836422477	0.9525658334
1505.3839364519	0.9528858312
1506.3842306561	0.9529408197
1507.3845248603	0.9528177538
1508.3848190644	0.9529271921
1509.3851132686	0.9530001093
1510.3854074728	0.9529246631
1511.3857016770	0.9529061079
1512.3859958811	0.9526757741
1513.3862900853	0.9526206739
1514.3865842895	0.9520193584
1515.3868784937	0.9521781834
1516.3871726979	0.9522772537
1517.3874669020	0.9523258811
1518.3877611062	0.9526086977
1519.3880553104	0.9527981922
1520.3883495146	0.9520943044
1521.3886437187	0.9522600810
1522.3889379229	0.9522041531
1523.3892321271	0.9519614208
1524.3895263313	0.9519259028
1525.3898205355	0.9521065405
1526.3901147396	0.9520711593
1527.3904089438	0.9518057984
1528.3907031480	0.9519680448
1529.3909973522	0.9523724793
1530.3912915563	0.9521799849
1531.3915857605	0.9518229537
1532.3918799647	0.9522029045
1533.3921741689	0.9526154701
1534.3924683731	0.9525260180
1535.3927625772	0.9521646154
1536.3930567814	0.9521293371
1537.3933509856	0.9523791908
1538.3936451898	0.9522193911
1539.3939393939	0.9517454612
1540.3942335981	0.9518027197
1541.3945278023	0.9521017547
1542.3948220065	0.9520873329
1543.3951162107	0.9518030345
1544.3954104148	0.9517096172
1545.3957046190	0.9518874803
1546.3959988232	0.9521097852
1547.3962930274	0.9517604500
1548.3965872315	0.9518361966
1549.3968814357	0.9520249264
1550.3971756399	0.9519059481
1551.3974698441	0.9517150331
1552.3977640482	0.9517769879
1553.3980582524	0.9519144822
1554.3983524566	0.9522073270
1555.3986466608	0.9519760682
1556.3989408650	0.9514049364
1557.3992350691	0.9516612808
1558.3995292733	0.9517927368
1559.3998234775	0.9516769166
1560.4001176817	0.9517066521
1561.4004118858	0.9518641255
1562.4007060900	0.9516415893
1563.4010002942	0.9517617654
1564.4012944984	0.9516170527
1565.4015887026	0.9516408414
1566.4018829067	0.9514781982
1567.4021771109	0.9511992075
1568.4024713151	0.9511467323
1569.4027655193	0.9514203141
1570.4030597234	0.9515369749
1571.4033539276	0.9511315232
1572.4036481318	0.9509746968
1573.4039423360	0.9512567820
1574.4042365402	0.9512906045
1575.4045307443	0.9514740415
1576.4048249485	0.9515834876
1577.4051191527	0.9513570736
1578.4054133569	0.9514086112
1579.4057075610	0.9515593114
1580.4060017652	0.9514252908
1581.4062959694	0.9512646575
1582.4065901736	0.9515374823
1583.4068843778	0.9516138677
1584.4071785819	0.9516498289
1585.4074727861	0.9517733392
1586.4077669903	0.9515486345
1587.4080611945	0.9511413009
1588.4083553986	0.9509806192
1589.4086496028	0.9508228894
1590.4089438070	0.9513979087
1591.4092380112	0.9514173143
1592.4095322154	0.9509475813
1593.4098264195	0.9507255932
1594.4101206237	0.9510043210
1595.4104148279	0.9511613617
1596.4107090321	0.9510004510
1597.4110032362	0.9507783957
1598.4112974404	0.9512678218
1599.4115916446	0.9514742451
1600.4118858488	0.9513632605
1601.4121800530	0.9513280486
1602.4124742571	0.9513510968
1603.4127684613	0.9509002471
1604.4130626655	0.9506134560
1605.4133568697	0.9517135815
1606.4136510738	0.9514485250
1607.4139452780	0.9511144005
1608.4142394822	0.9509728628
1609.4145336864	0.9510747345
1610.4148278906	0.9512696721
1611.4151220947	0.9511995360
1612.4154162989	0.9508241499
1613.4157105031	0.9512915561
1614.4160047073	0.9511080002
1615.4162989114	0.9510984956
1616.4165931156	0.9506882587
1617.4168873198	0.9504615457
1618.4171815240	0.9505793861
1619.4174757282	0.9505388800
1620.4177699323	0.9507187413
1621.4180641365	0.9504302568
1622.4183583407	0.9507804831
1623.4186525449	0.9508192335
1624.4189467490	0.9511657357
1625.4192409532	0.9514106597
1626.4195351574	0.9510372050
1627.4198293616	0.9505218921
1628.4201235658	0.9511965058
1629.4204177699	0.9521434599
1630.4207119741	0.9512743398
1631.4210061783	0.9516911055
1632.4213003825	0.9519478109
1633.4215945866	0.9519566979
1634.4218887908	0.9520697521
1635.4221829950	0.9523795811
1636.4224771992	0.9525713652
1637.4227714034	0.9524400315
1638.4230656075	0.9529235539
1639.4233598117	0.9532847160
1640.4236540159	0.9529669557
1641.4239482201	0.9528858212
1642.4242424242	0.9532004572
1643.4245366284	0.9535202792
1644.4248308326	0.9536346096
1645.4251250368	0.9538739607
1646.4254192410	0.9543438427
1647.4257134451	0.9546127885
1648.4260076493	0.9550530184
1649.4263018535	0.9557148186
1650.4265960577	0.9565217123
1651.4268902618	0.9573954554
1652.4271844660	0.9584969492
1653.4274786702	0.9602039349
1654.4277728744	0.9619816927
1655.4280670786	0.9651398825
1656.4283612827	0.9681547896
1657.4286554869	0.9713503930
1658.4289496911	0.9751266985
1659.4292438953	0.9796106001
1660.4295380994	0.9841816976
1661.4298323036	0.9880990297
1662.4301265078	0.9929558296
1663.4304207120	0.9956017013
1664.4307149162	0.9974790918
1665.4310091203	0.9994204845
1666.4313033245	1.0000000000
1667.4315975287	0.9998145724
1668.4318917329	0.9994224657
1669.4321859370	0.9982163812
1670.4324801412	0.9964477979
1671.4327743454	0.9933091015
1672.4330685496	0.9900681953
1673.4333627538	0.9859623568
1674.4336569579	0.9814415370
1675.4339511621	0.9767631684
1676.4342453663	0.9724292927
1677.4345395705	0.9687612066
1678.4348337746	0.9652061445
1679.4351279788	0.9621430177
1680.4354221830	0.9593681103
1681.4357163872	0.9572740497
1682.4360105914	0.9562043737
1683.4363047955	0.9552877274
1684.4365989997	0.9540444489
1685.4368932039	0.9529394205
1686.4371874081	0.9526442870
1687.4374816122	0.9522424444
1688.4377758164	0.9518490159
1689.4380700206	0.9517695806
1690.4383642248	0.9514466706
1691.4386584289	0.9512737992
1692.4389526331	0.9510688782
1693.4392468373	0.9507088989
1694.4395410415	0.9505224938
1695.4398352457	0.9504343951
1696.4401294498	0.9501854016
1697.4404236540	0.9502898821
1698.4407178582	0.9499640949
1699.4410120624	0.9498988999
1700.4413062665	0.9500249660
1701.4416004707	0.9499276955
1702.4418946749	0.9496289063
1703.4421888791	0.9497578075
1704.4424830833	0.9496603272
1705.4427772874	0.9494733795
1706.4430714916	0.9491195486
1707.4433656958	0.9490605611
1708.4436599000	0.9491525555
1709.4439541041	0.9493671895
1710.4442483083	0.9496499069
1711.4445425125	0.9496287790
1712.4448367167	0.9494203723
1713.4451309209	0.9493242426
1714.4454251250	0.9492980409
1715.4457193292	0.9491756329
1716.4460135334	0.9491600195
1717.4463077376	0.9492335039
1718.4466019417	0.9492502867
1719.4468961459	0.9492095854
1720.4471903501	0.9493194794
1721.4474845543	0.9493535592
1722.4477787585	0.9493953418
1723.4480729626	0.9490673329
1724.4483671668	0.9489081595
1725.4486613710	0.9488955905
1726.4489555752	0.9489639245
1727.4492497793	0.9490275960
1728.4495439835	0.9485839174
1729.4498381877	0.9489492111
1730.4501323919	0.9491445008
1731.4504265961	0.9488389604
1732.4507208002	0.9485310099
1733.4510150044	0.9485937523
1734.4513092086	0.9489804301
1735.4516034128	0.9491053911
1736.4518976169	0.9484219661
1737.4521918211	0.9485690816
1738.4524860253	0.9487176717
1739.4527802295	0.9488533039
1740.4530744337	0.9486497182
1741.4533686378	0.9487501546
1742.4536628420	0.9488922861
1743.4539570462	0.9486381803
1744.4542512504	0.9483740375
1745.4545454545	0.9487255909
1746.4548396587	0.9486749762
1747.4551338629	0.9486766246
1748.4554280671	0.9484342435
1749.4557222713	0.9484508517
1750.4560164754	0.9485295928
1751.4563106796	0.9485321549
1752.4566048838	0.9485778864
1753.4568990880	0.9483583976
1754.4571932921	0.9485765301
1755.4574874963	0.9483700248
1756.4577817005	0.9483456383
1757.4580759047	0.9483518932
1758.4583701089	0.9482762567
1759.4586643130	0.9482406211
1760.4589585172	0.9482611143
1761.4592527214	0.9480429930
1762.4595469256	0.9482281677
1763.4598411297	0.9480324285
1764.4601353339	0.9481295189
1765.4604295381	0.9482294607
1766.4607237423	0.9483100629
1767.4610179465	0.9483255825
1768.4613121506	0.9482245390
1769.4616063548	0.9480183086
1770.4619005590	0.9476676803
1771.4621947632	0.9479176573
1772.4624889673	0.9480431625
1773.4627831715	0.9479143518
1774.4630773757	0.9477981406
1775.4633715799	0.9475414974
1776.4636657841	0.9472499268
1777.4639599882	0.9474125974
1778.4642541924	0.9479612130
1779.4645483966	0.9478659728
1780.4648426008	0.9478133175
1781.4651368049	0.9479367987
1782.4654310091	0.9477892979
1783.4657252133	0.9476437585
1784.4660194175	0.9476414076
1785.4663136217	0.9476523408
1786.4666078258	0.9477126860
1787.4669020300	0.9475578969
1788.4671962342	0.9477608809
1789.4674904384	0.9477744061
1790.4677846425	0.9474949816
1791.4680788467	0.9474190865
1792.4683730509	0.9476222727
1793.4686672551	0.9478810328
1794.4689614593	0.9480943181
1795.4692556634	0.9480061393
1796.4695498676	0.9476133597
1797.4698440718	0.9478355555
1798.4701382760	0.9475938681
1799.4704324801	0.9471055874
1800.4707266843	0.9465794177
1801.4710208885	0.9460532479
1802.4713150927	0.9455270781
1803.4716092969	0.9450009084
1804.4719035010	0.9444747386
1805.4721977052	0.9439485688
1806.4724919094	0.9434223990
1807.4727861136	0.9428962293
1808.4730803177	0.9423700595
1809.4733745219	0.9418438897
1810.4736687261	0.9413177200
1811.4739629303	0.9407915502
1812.4742571345	0.9402653804
1813.4745513386	0.9397392107
1814.4748455428	0.9392130409
1815.4751397470	0.9386868711
1816.4754339512	0.9381607013
1817.4757281553	0.9376345316
1818.4760223595	0.9371083618
1819.4763165637	0.9365821920
1820.4766107679	0.9360560223
1821.4769049721	0.9355298525
1822.4771991762	0.9350036827
1823.4774933804	0.9344775129
1824.4777875846	0.9339513432
1825.4780817888	0.9334251734
1826.4783759929	0.9328990036
1827.4786701971	0.9323728339
1828.4789644013	0.9318466641
1829.4792586055	0.9313204943
1830.4795528097	0.9307943245
1831.4798470138	0.9302681548
1832.4801412180	0.9297419850
1833.4804354222	0.9292158152
1834.4807296264	0.9286896455
1835.4810238305	0.9281634757
1836.4813180347	0.9276373059
1837.4816122389	0.9271111362
1838.4819064431	0.9265849664
1839.4822006472	0.9260587966
1840.4824948514	0.9255326268
1841.4827890556	0.9250064571
1842.4830832598	0.9244802873
1843.4833774640	0.9239541175
1844.4836716681	0.9234279478
1845.4839658723	0.9229017780
1846.4842600765	0.9223756082
1847.4845542807	0.9218494384
1848.4848484848	0.9213232687
1849.4851426890	0.9207970989
1850.4854368932	0.9202709291
1851.4857310974	0.9197447594
1852.4860253016	0.9192185896
1853.4863195057	0.9186924198
1854.4866137099	0.9181662500
1855.4869079141	0.9176400803
1856.4872021183	0.9171139105
1857.4874963224	0.9165877407
1858.4877905266	0.9160615710
1859.4880847308	0.9155354012
1860.4883789350	0.9150092314
1861.4886731392	0.9144830617
1862.4889673433	0.9139568919
1863.4892615475	0.9134307221
1864.4895557517	0.9129045523
1865.4898499559	0.9123783826
1866.4901441600	0.9118522128
1867.4904383642	0.9113260430
1868.4907325684	0.9107998733
1869.4910267726	0.9102737035
1870.4913209768	0.9097475337
1871.4916151809	0.9092213639
1872.4919093851	0.9086951942
1873.4922035893	0.9081690244
1874.4924977935	0.9076428546
1875.4927919976	0.9071166849
1876.4930862018	0.9065905151
1877.4933804060	0.9060643453
1878.4936746102	0.9055381756
1879.4939688144	0.9050120058
1880.4942630185	0.9044858360
1881.4945572227	0.9039596662
1882.4948514269	0.9034334965
1883.4951456311	0.9029073267
1884.4954398352	0.9023811569
1885.4957340394	0.9018549872
1886.4960282436	0.9013288174
1887.4963224478	0.9008026476
1888.4966166520	0.9002764778
1889.4969108561	0.8997503081
1890.4972050603	0.8992241383
1891.4974992645	0.8986979685
1892.4977934687	0.8981717988
1893.4980876728	0.8976456290
1894.4983818770	0.8971194592
1895.4986760812	0.8965932894
1896.4989702854	0.8960671197
1897.4992644896	0.8955409499
1898.4995586937	0.8950147801
1899.4998528979	0.8944886104
1900.5001471021	0.8939624406
1901.5004413063	0.8934362708
1902.5007355104	0.8929101011
1903.5010297146	0.8923839313
1904.5013239188	0.8918577615
1905.5016181230	0.8913315917
1906.5019123272	0.8908054220
1907.5022065313	0.8902792522
1908.5025007355	0.8897530824
1909.5027949397	0.8892269127
1910.5030891439	0.8887007429
1911.5033833480	0.8881745731
1912.5036775522	0.8876484033
1913.5039717564	0.8871222336
1914.5042659606	0.8865960638
1915.5045601648	0.8860698940
1916.5048543689	0.8855437243
1917.5051485731	0.8850175545
1918.5054427773	0.8844913847
1919.5057369815	0.8839652149
1920.5060311856	0.8834390452
1921.5063253898	0.8829128754
1922.5066195940	0.8823867056
1923.5069137982	0.8818605359
1924.5072080024	0.8813343661
1925.5075022065	0.8808081963
1926.5077964107	0.8802820266
1927.5080906149	0.8797558568
1928.5083848191	0.8792296870
1929.5086790232	0.8787035172
1930.5089732274	0.8781773475
1931.5092674316	0.8776511777
1932.5095616358	0.8771250079
1933.5098558400	0.8765988382
1934.5101500441	0.8760726684
1935.5104442483	0.8755464986
1936.5107384525	0.8750203288
1937.5110326567	0.8744941591
1938.5113268608	0.8739679893
1939.5116210650	0.8734418195
1940.5119152692	0.8729156498
1941.5122094734	0.8723894800
1942.5125036776	0.8718633102
1943.5127978817	0.8713371404
1944.5130920859	0.8708109707
1945.5133862901	0.8702848009
1946.5136804943	0.8697586311
1947.5139746984	0.8692324614
1948.5142689026	0.8687062916
1949.5145631068	0.8681801218
1950.5148573110	0.8676539521
1951.5151515152	0.8671277823
1952.5154457193	0.8666016125
1953.5157399235	0.8660754427
1954.5160341277	0.8655492730
1955.5163283319	0.8650231032
1956.5166225360	0.8644969334
1957.5169167402	0.8639707637
1958.5172109444	0.8634445939
1959.5175051486	0.8629184241
1960.5177993528	0.8623922543
1961.5180935569	0.8618660846
1962.5183877611	0.8613399148
1963.5186819653	0.8608137450
1964.5189761695	0.8602875753
1965.5192703736	0.8597614055
1966.5195645778	0.8592352357
1967.5198587820	0.8587090659
1968.5201529862	0.8581828962
1969.5204471904	0.8576567264
1970.5207413945	0.8571305566
1971.5210355987	0.8566043869
1972.5213298029	0.8560782171
1973.5216240071	0.8555520473
1974.5219182112	0.8550258776
1975.5222124154	0.8544997078
1976.5225066196	0.8539735380
1977.5228008238	0.8534473682
1978.5230950279	0.8529211985
1979.5233892321	0.8523950287
1980.5236834363	0.8518688589
1981.5239776405	0.8513426892
1982.5242718447	0.8508165194
1983.5245660488	0.8502903496
1984.5248602530	0.8497641798
1985.5251544572	0.8492380101
1986.5254486614	0.8487118403
1987.5257428655	0.8481856705
1988.5260370697	0.8476595008
1989.5263312739	0.8471333310
1990.5266254781	0.8466071612
1991.5269196823	0.8460809914
1992.5272138864	0.8455548217
1993.5275080906	0.8450286519
1994.5278022948	0.8445024821
1995.5280964990	0.8439763124
1996.5283907031	0.8434501426
1997.5286849073	0.8429239728
1998.5289791115	0.8423978031
1999.5292733157	0.8418716333
2000.5295675199	0.8413454635
2001.5298617240	0.8408192937
2002.5301559282	0.8402931240
2003.5304501324	0.8397669542
2004.5307443366	0.8392407844
2005.5310385407	0.8387146147
2006.5313327449	0.8381884449
2007.5316269491	0.8376622751
2008.5319211533	0.8371361053
2009.5322153575	0.8366099356
2010.5325095616	0.8360837658
2011.5328037658	0.8355575960
2012.5330979700	0.8350314263
2013.5333921742	0.8345052565
2014.5336863783	0.8339790867
2015.5339805825	0.8334529170
2016.5342747867	0.8329267472
2017.5345689909	0.8324005774
2018.5348631951	0.8318744076
2019.5351573992	0.8313482379
2020.5354516034	0.8308220681
2021.5357458076	0.8302958983
2022.5360400118	0.8297697286
2023.5363342159	0.8292435588
2024.5366284201	0.8287173890
2025.5369226243	0.8281912192
2026.5372168285	0.8276650495
2027.5375110327	0.8271388797
2028.5378052368	0.8266127099
2029.5380994410	0.8260865402
2030.5383936452	0.8255603704
2031.5386878494	0.8250342006
2032.5389820535	0.8245080308
2033.5392762577	0.8239818611
2034.5395704619	0.8234556913
2035.5398646661	0.8229295215
2036.5401588703	0.8224033518
2037.5404530744	0.8218771820
2038.5407472786	0.8213510122
2039.5410414828	0.8208248425
2040.5413356870	0.8202986727
2041.5416298911	0.8197725029
2042.5419240953	0.8192463331
2043.5422182995	0.8187201634
2044.5425125037	0.8181939936
2045.5428067079	0.8176678238
2046.5431009120	0.8171416541
2047.5433951162	0.8166154843
2048.5436893204	0.8160893145
2049.5439835246	0.8155631447
2050.5442777287	0.8150369750
2051.5445719329	0.8145108052
2052.5448661371	0.8139846354
2053.5451603413	0.8134584657
2054.5454545455	0.8129322959
2055.5457487496	0.8124061261
2056.5460429538	0.8118799563
2057.5463371580	0.8113537866
2058.5466313622	0.8108276168
2059.5469255663	0.8103014470
2060.5472197705	0.8097752773
2061.5475139747	0.8092491075
2062.5478081789	0.8087229377
2063.5481023831	0.8081967680
2064.5483965872	0.8076705982
2065.5486907914	0.8071444284
2066.5489849956	0.8066182586
2067.5492791998	0.8060920889
2068.5495734039	0.8055659191
2069.5498676081	0.8050397493
2070.5501618123	0.8045135796
2071.5504560165	0.8039874098
2072.5507502207	0.8034612400
2073.5510444248	0.8029350702
2074.5513386290	0.8024089005
2075.5516328332	0.8018827307
2076.5519270374	0.8013565609
2077.5522212415	0.8008303912
2078.5525154457	0.8003042214
2079.5528096499	0.7997780516
2080.5531038541	0.7992518818
2081.5533980583	0.7987257121
2082.5536922624	0.7981995423
2083.5539864666	0.7976733725
2084.5542806708	0.7971472028
2085.5545748750	0.7966210330
2086.5548690791	0.7960948632
2087.5551632833	0.7955686935
2088.5554574875	0.7950425237
2089.5557516917	0.7945163539
2090.5560458959	0.7939901841
2091.5563401000	0.7934640144
2092.5566343042	0.7929378446
2093.5569285084	0.7924116748
2094.5572227126	0.7918855051
2095.5575169167	0.7913593353
2096.5578111209	0.7908331655
2097.5581053251	0.7903069957
2098.5583995293	0.7897808260
2099.5586937335	0.7892546562
2100.5589879376	0.7887284864
2101.5592821418	0.7882023167
2102.5595763460	0.7876761469
2103.5598705502	0.7871499771
2104.5601647543	0.7866238073
2105.5604589585	0.7860976376
2106.5607531627	0.7855714678
2107.5610473669	0.7850452980
2108.5613415711	0.7845191283
2109.5616357752	0.7839929585
2110.5619299794	0.7834667887
2111.5622241836	0.7829406190
2112.5625183878	0.7824144492
2113.5628125919	0.7818882794
2114.5631067961	0.7813621096
2115.5634010003	0.7808359399
2116.5636952045	0.7803097701
2117.5639894086	0.7797836003
2118.5642836128	0.7792574306
2119.5645778170	0.7787312608
2120.5648720212	0.7782050910
2121.5651662254	0.7776789212
2122.5654604295	0.7771527515
2123.5657546337	0.7766265817
2124.5660488379	0.7761004119
2125.5663430421	0.7755742422
2126.5666372462	0.7750480724
2127.5669314504	0.7745219026
2128.5672256546	0.7739957328
2129.5675198588	0.7734695631
2130.5678140630	0.7729433933
2131.5681082671	0.7724172235
2132.5684024713	0.7718910538
2133.5686966755	0.7713648840
2134.5689908797	0.7708387142
2135.5692850838	0.7703125445
2136.5695792880	0.7697863747
2137.5698734922	0.7692602049
2138.5701676964	0.7687340351
2139.5704619006	0.7682078654
2140.5707561047	0.7676816956
2141.5710503089	0.7671555258
2142.5713445131	0.7666293561
2143.5716387173	0.7661031863
2144.5719329214	0.7655770165
2145.5722271256	0.7650508467
2146.5725213298	0.7645246770
2147.5728155340	0.7639985072
2148.5731097382	0.7634723374
2149.5734039423	0.7629461677
2150.5736981465	0.7624199979
2151.5739923507	0.7618938281
2152.5742865549	0.7613676584
2153.5745807590	0.7608414886
2154.5748749632	0.7603153188
2155.5751691674	0.7597891490
2156.5754633716	0.7592629793
2157.5757575758	0.7587368095
2158.5760517799	0.7582106397
2159.5763459841	0.7576844700
2160.5766401883	0.7571583002
2161.5769343925	0.7566321304
2162.5772285966	0.7561059606
2163.5775228008	0.7555797909
2164.5778170050	0.7550536211
2165.5781112092	0.7545274513
2166.5784054134	0.7540012816
2167.5786996175	0.7534751118
2168.5789938217	0.7529489420
2169.5792880259	0.7524227722
2170.5795822301	0.7518966025
2171.5798764342	0.7513704327
2172.5801706384	0.7508442629
2173.5804648426	0.7503180932
2174.5807590468	0.7497919234
2175.5810532510	0.7492657536
2176.5813474551	0.7487395839
2177.5816416593	0.7482134141
2178.5819358635	0.7476872443
2179.5822300677	0.7471610745
2180.5825242718	0.7466349048
2181.5828184760	0.7461087350
2182.5831126802	0.7455825652
2183.5834068844	0.7450563955
2184.5837010886	0.7445302257
2185.5839952927	0.7440040559
2186.5842894969	0.7434778861
2187.5845837011	0.7429517164
2188.5848779053	0.7424255466
2189.5851721094	0.7418993768
2190.5854663136	0.7413732071
2191.5857605178	0.7408470373
2192.5860547220	0.7403208675
2193.5863489262	0.7397946977
2194.5866431303	0.7392685280
2195.5869373345	0.7387423582
2196.5872315387	0.7382161884
2197.5875257429	0.7376900187
2198.5878199470	0.7371638489
2199.5881141512	0.7366376791
2200.5884083554	0.7361115094
2201.5887025596	0.7355853396
2202.5889967638	0.7350591698
2203.5892909679	0.7345330000
2204.5895851721	0.7340068303
2205.5898793763	0.7334806605
2206.5901735805	0.7329544907
2207.5904677846	0.7324283210
2208.5907619888	0.7319021512
2209.5910561930	0.7313759814
2210.5913503972	0.7308498116
2211.5916446014	0.7303236419
2212.5919388055	0.7297974721
2213.5922330097	0.7292713023
2214.5925272139	0.7287451326
2215.5928214181	0.7282189628
2216.5931156222	0.7276927930
2217.5934098264	0.7271666232
2218.5937040306	0.7266404535
2219.5939982348	0.7261142837
2220.5942924390	0.7255881139
2221.5945866431	0.7250619442
2222.5948808473	0.7245357744
2223.5951750515	0.7240096046
2224.5954692557	0.7234834349
2225.5957634598	0.7229572651
2226.5960576640	0.7224310953
2227.5963518682	0.7219049255
2228.5966460724	0.7213787558
2229.5969402766	0.7208525860
2230.5972344807	0.7203264162
2231.5975286849	0.7198002465
2232.5978228891	0.7192740767
2233.5981170933	0.7187479069
2234.5984112974	0.7182217371
2235.5987055016	0.7176955674
2236.5989997058	0.7171693976
2237.5992939100	0.7166432278
2238.5995881142	0.7161170581
2239.5998823183	0.7155908883
2240.6001765225	0.7150647185
2241.6004707267	0.7145385487
2242.6007649309	0.7140123790
2243.6010591350	0.7134862092
2244.6013533392	0.7129600394
2245.6016475434	0.7124338697
2246.6019417476	0.7119076999
2247.6022359518	0.7113815301
2248.6025301559	0.7108553604
2249.6028243601	0.7103291906
2250.6031185643	0.7098030208
2251.6034127685	0.7092768510
2252.6037069726	0.7087506813
2253.6040011768	0.7082245115
2254.6042953810	0.7076983417
2255.6045895852	0.7071721720
2256.6048837893	0.7066460022
2257.6051779935	0.7061198324
2258.6054721977	0.7055936626
2259.6057664019	0.7050674929
2260.6060606061	0.7045413231
2261.6063548102	0.7040151533
2262.6066490144	0.7034889836
2263.6069432186	0.7029628138
2264.6072374228	0.7024366440
2265.6075316269	0.7019104742
2266.6078258311	0.7013843045
2267.6081200353	0.7008581347
2268.6084142395	0.7003319649
2269.6087084437	0.6998057952
2270.6090026478	0.6992796254
2271.6092968520	0.6987534556
2272.6095910562	0.6982272859
2273.6098852604	0.6977011161
2274.6101794645	0.6971749463
2275.6104736687	0.6966487765
2276.6107678729	0.6961226068
2277.6110620771	0.6955964370
2278.6113562813	0.6950702672
2279.6116504854	0.6945440975
2280.6119446896	0.6940179277
2281.6122388938	0.6934917579
2282.6125330980	0.6929655881
2283.6128273021	0.6924394184
2284.6131215063	0.6919132486
2285.6134157105	0.6913870788
2286.6137099147	0.6908609091
2287.6140041189	0.6903347393
2288.6142983230	0.6898085695
2289.6145925272	0.6892823998
2290.6148867314	0.6887562300
2291.6151809356	0.6882300602
2292.6154751397	0.6877038904
2293.6157693439	0.6871777207
2294.6160635481	0.6866515509
2295.6163577523	0.6861253811
2296.6166519565	0.6855992114
2297.6169461606	0.6850730416
2298.6172403648	0.6845468718
2299.6175345690	0.6840207020
2300.6178287732	0.6834945323
2301.6181229773	0.6829683625
2302.6184171815	0.6824421927
2303.6187113857	0.6819160230
2304.6190055899	0.6813898532
2305.6192997941	0.6808636834
2306.6195939982	0.6803375136
2307.6198882024	0.6798113439
2308.6201824066	0.6792851741
2309.6204766108	0.6787590043
2310.6207708149	0.6782328346
2311.6210650191	0.6777066648
2312.6213592233	0.6771804950
2313.6216534275	0.6766543253
2314.6219476317	0.6761281555
2315.6222418358	0.6756019857
2316.6225360400	0.6750758159
2317.6228302442	0.6745496462
2318.6231244484	0.6740234764
2319.6234186525	0.6734973066
2320.6237128567	0.6729711369
2321.6240070609	0.6724449671
2322.6243012651	0.6719187973
2323.6245954693	0.6713926275
2324.6248896734	0.6708664578
2325.6251838776	0.6703402880
2326.6254780818	0.6698141182
2327.6257722860	0.6692879485
2328.6260664901	0.6687617787
2329.6263606943	0.6682356089
2330.6266548985	0.6677094391
2331.6269491027	0.6671832694
2332.6272433069	0.6666570996
2333.6275375110	0.6661309298
2334.6278317152	0.6656047601
2335.6281259194	0.6650785903
2336.6284201236	0.6645524205
2337.6287143277	0.6640262508
2338.6290085319	0.6635000810
2339.6293027361	0.6629739112
2340.6295969403	0.6624477414
2341.6298911445	0.6619215717
2342.6301853486	0.6613954019
2343.6304795528	0.6608692321
2344.6307737570	0.6603430624
2345.6310679612	0.6598168926
2346.6313621653	0.6592907228
2347.6316563695	0.6587645530
2348.6319505737	0.6582383833
2349.6322447779	0.6577122135
2350.6325389821	0.6571860437
2351.6328331862	0.6566598740
2352.6331273904	0.6561337042
2353.6334215946	0.6556075344
2354.6337157988	0.6550813646
2355.6340100029	0.6545551949
2356.6343042071	0.6540290251
2357.6345984113	0.6535028553
2358.6348926155	0.6529766856
2359.6351868197	0.6524505158
2360.6354810238	0.6519243460
2361.6357752280	0.6513981763
2362.6360694322	0.6508720065
2363.6363636364	0.6503458367
2364.6366578405	0.6498196669
2365.6369520447	0.6492934972
2366.6372462489	0.6487673274
2367.6375404531	0.6482411576
2368.6378346573	0.6477149879
2369.6381288614	0.6471888181
2370.6384230656	0.6466626483
2371.6387172698	0.6461364785
2372.6390114740	0.6456103088
2373.6393056781	0.6450841390
2374.6395998823	0.6445579692
2375.6398940865	0.6440317995
2376.6401882907	0.6435056297
2377.6404824949	0.6429794599
2378.6407766990	0.6424532901
2379.6410709032	0.6419271204
2380.6413651074	0.6414009506
2381.6416593116	0.6408747808
2382.6419535157	0.6403486111
2383.6422477199	0.6398224413
2384.6425419241	0.6392962715
2385.6428361283	0.6387701018
2386.6431303325	0.6382439320
2387.6434245366	0.6377177622
2388.6437187408	0.6371915924
2389.6440129450	0.6366654227
2390.6443071492	0.6361392529
2391.6446013533	0.6356130831
2392.6448955575	0.6350869134
2393.6451897617	0.6345607436
2394.6454839659	0.6340345738
2395.6457781701	0.6335084040
2396.6460723742	0.6329822343
2397.6463665784	0.6324560645
2398.6466607826	0.6319298947
2399.6469549868	0.6314037250
2400.6472491909	0.6308775552
2401.6475433951	0.6303513854
2402.6478375993	0.6298252157
2403.6481318035	0.6292990459
2404.6484260076	0.6287728761
2405.6487202118	0.6282467063
2406.6490144160	0.6277205366
2407.6493086202	0.6271943668
2408.6496028244	0.6266681970
2409.6498970285	0.6261420273
2410.6501912327	0.6256158575
2411.6504854369	0.6250896877
2412.6507796411	0.6245635179
2413.6510738452	0.6240373482
2414.6513680494	0.6235111784
2415.6516622536	0.6229850086
2416.6519564578	0.6224588389
2417.6522506620	0.6219326691
2418.6525448661	0.6214064993
2419.6528390703	0.6208803295
2420.6531332745	0.6203541598
2421.6534274787	0.6198279900
2422.6537216828	0.6193018202
2423.6540158870	0.6187756505
2424.6543100912	0.6182494807
2425.6546042954	0.6177233109
2426.6548984996	0.6171971412
2427.6551927037	0.6166709714
2428.6554869079	0.6161448016
2429.6557811121	0.6156186318
2430.6560753163	0.6150924621
2431.6563695204	0.6145662923
2432.6566637246	0.6140401225
2433.6569579288	0.6135139528
2434.6572521330	0.6129877830
2435.6575463372	0.6124616132
2436.6578405413	0.6119354434
2437.6581347455	0.6114092737
2438.6584289497	0.6108831039
2439.6587231539	0.6103569341
2440.6590173580	0.6098307644
2441.6593115622	0.6093045946
2442.6596057664	0.6087784248
2443.6598999706	0.6082522550
2444.6601941748	0.6077260853
2445.6604883789	0.6071999155
2446.6607825831	0.6066737457
2447.6610767873	0.6061475760
2448.6613709915	0.6056214062
2449.6616651956	0.6050952364
2450.6619593998	0.6045690667
2451.6622536040	0.6040428969
2452.6625478082	0.6035167271
2453.6628420124	0.6029905573
2454.6631362165	0.6024643876
2455.6634304207	0.6019382178
2456.6637246249	0.6014120480
2457.6640188291	0.6008858783
2458.6643130332	0.6003597085
2459.6646072374	0.5998335387
2460.6649014416	0.5993073689
2461.6651956458	0.5987811992
2462.6654898500	0.5982550294
2463.6657840541	0.5977288596
2464.6660782583	0.5972026899
2465.6663724625	0.5966765201
2466.6666666667	0.5961503503
2467.6669608708	0.5956241805
2468.6672550750	0.5950980108
2469.6675492792	0.5945718410
2470.6678434834	0.5940456712
2471.6681376876	0.5935195015
2472.6684318917	0.5929933317
2473.6687260959	0.5924671619
2474.6690203001	0.5919409922
2475.6693145043	0.5914148224
2476.6696087084	0.5908886526
2477.6699029126	0.5903624828
2478.6701971168	0.5898363131
2479.6704913210	0.5893101433
2480.6707855252	0.5887839735
2481.6710797293	0.5882578038
2482.6713739335	0.5877316340
2483.6716681377	0.5872054642
2484.6719623419	0.5866792944
2485.6722565460	0.5861531247
2486.6725507502	0.5856269549
2487.6728449544	0.5851007851
2488.6731391586	0.5845746154
2489.6734333628	0.5840484456
2490.6737275669	0.5835222758
2491.6740217711	0.5829961060
2492.6743159753	0.5824699363
2493.6746101795	0.5819437665
2494.6749043836	0.5814175967
2495.6751985878	0.5808914270
2496.6754927920	0.5803652572
2497.6757869962	0.5798390874
2498.6760812004	0.5793129177
2499.6763754045	0.5787867479
2500.6766696087	0.5782605781
2501.6769638129	0.5777344083
2502.6772580171	0.5772082386
2503.6775522212	0.5766820688
2504.6778464254	0.5761558990
2505.6781406296	0.5756297293
2506.6784348338	0.5751035595
2507.6787290380	0.5745773897
2508.6790232421	0.5740512199
2509.6793174463	0.5735250502
2510.6796116505	0.5729988804
2511.6799058547	0.5724727106
2512.6802000588	0.5719465409
2513.6804942630	0.5714203711
2514.6807884672	0.5708942013
2515.6810826714	0.5703680315
2516.6813768756	0.5698418618
2517.6816710797	0.5693156920
2518.6819652839	0.5687895222
2519.6822594881	0.5682633525
2520.6825536923	0.5677371827
2521.6828478964	0.5672110129
2522.6831421006	0.5666848432
2523.6834363048	0.5661586734
2524.6837305090	0.5656325036
2525.6840247132	0.5651063338
2526.6843189173	0.5645801641
2527.6846131215	0.5640539943
2528.6849073257	0.5635278245
2529.6852015299	0.5630016548
2530.6854957340	0.5624754850
2531.6857899382	0.5619493152
2532.6860841424	0.5614231454
2533.6863783466	0.5608969757
2534.6866725508	0.5603708059
2535.6869667549	0.5598446361
2536.6872609591	0.5593184664
2537.6875551633	0.5587922966
2538.6878493675	0.5582661268
2539.6881435716	0.5577399571
2540.6884377758	0.5572137873
2541.6887319800	0.5566876175
2542.6890261842	0.5561614477
2543.6893203883	0.5556352780
2544.6896145925	0.5551091082
2545.6899087967	0.5545829384
2546.6902030009	0.5540567687
2547.6904972051	0.5535305989
2548.6907914092	0.5530044291
2549.6910856134	0.5524782593
2550.6913798176	0.5519520896
2551.6916740218	0.5514259198
2552.6919682259	0.5508997500
2553.6922624301	0.5503735803
2554.6925566343	0.5498474105
2555.6928508385	0.5493212407
2556.6931450427	0.5487950709
2557.6934392468	0.5482689012
2558.6937334510	0.5477427314
2559.6940276552	0.5472165616
2560.6943218594	0.5466903919
2561.6946160635	0.5461642221
2562.6949102677	0.5456380523
2563.6952044719	0.5451118826
2564.6954986761	0.5445857128
2565.6957928803	0.5440595430
2566.6960870844	0.5435333732
2567.6963812886	0.5430072035
2568.6966754928	0.5424810337
2569.6969696970	0.5419548639
2570.6972639011	0.5414286942
2571.6975581053	0.5409025244
2572.6978523095	0.5403763546
2573.6981465137	0.5398501848
2574.6984407179	0.5393240151
2575.6987349220	0.5387978453
2576.6990291262	0.5382716755
2577.6993233304	0.5377455058
2578.6996175346	0.5372193360
2579.6999117387	0.5366931662
2580.7002059429	0.5361669964
2581.7005001471	0.5356408267
2582.7007943513	0.5351146569
2583.7010885555	0.5345884871
2584.7013827596	0.5340623174
2585.7016769638	0.5335361476
2586.7019711680	0.5330099778
2587.7022653722	0.5324838081
2588.7025595763	0.5319576383
2589.7028537805	0.5314314685
2590.7031479847	0.5309052987
2591.7034421889	0.5303791290
2592.7037363931	0.5298529592
2593.7040305972	0.5293267894
2594.7043248014	0.5288006197
2595.7046190056	0.5282744499
2596.7049132098	0.5277482801
2597.7052074139	0.5272221103
2598.7055016181	0.5266959406
2599.7057958223	0.5261697708
2600.7060900265	0.5256436010
2601.7063842307	0.5251174313
2602.7066784348	0.5245912615
2603.7069726390	0.5240650917
2604.7072668432	0.5235389219
2605.7075610474	0.5230127522
2606.7078552515	0.5224865824
2607.7081494557	0.5219604126
2608.7084436599	0.5214342429
2609.7087378641	0.5209080731
2610.7090320683	0.5203819033
2611.7093262724	0.5198557336
2612.7096204766	0.5193295638
2613.7099146808	0.5188033940
2614.7102088850	0.5182772242
2615.7105030891	0.5177510545
2616.7107972933	0.5172248847
2617.7110914975	0.5166987149
2618.7113857017	0.5161725452
2619.7116799059	0.5156463754
2620.7119741100	0.5151202056
2621.7122683142	0.5145940358
2622.7125625184	0.5140678661
2623.7128567226	0.5135416963
2624.7131509267	0.5130155265
2625.7134451309	0.5124893568
2626.7137393351	0.5119631870
2627.7140335393	0.5114370172
2628.7143277435	0.5109108474
2629.7146219476	0.5103846777
2630.7149161518	0.5098585079
2631.7152103560	0.5093323381
2632.7155045602	0.5088061684
2633.7157987643	0.5082799986
2634.7160929685	0.5077538288
2635.7163871727	0.5072276591
2636.7166813769	0.5067014893
2637.7169755811	0.5061753195
2638.7172697852	0.5056491497
2639.7175639894	0.5051229800
2640.7178581936	0.5045968102
2641.7181523978	0.5040706404
2642.7184466019	0.5035444707
2643.7187408061	0.5030183009
2644.7190350103	0.5024921311
2645.7193292145	0.5019659613
2646.7196234187	0.5014397916
2647.7199176228	0.5009136218
2648.7202118270	0.5003874520
2649.7205060312	0.4998612823
2650.7208002354	0.4993351125
2651.7210944395	0.4988089427
2652.7213886437	0.4982827729
2653.7216828479	0.4977566032
2654.7219770521	0.4972304334
2655.7222712563	0.4967042636
2656.7225654604	0.4961780939
2657.7228596646	0.4956519241
2658.7231538688	0.4951257543
2659.7234480730	0.4945995846
2660.7237422771	0.4940734148
2661.7240364813	0.4935472450
2662.7243306855	0.4930210752
2663.7246248897	0.4924949055
2664.7249190939	0.4919687357
2665.7252132980	0.4914425659
2666.7255075022	0.4909163962
2667.7258017064	0.4903902264
2668.7260959106	0.4898640566
2669.7263901147	0.4893378868
2670.7266843189	0.4888117171
2671.7269785231	0.4882855473
2672.7272727273	0.4877593775
2673.7275669315	0.4872332078
2674.7278611356	0.4867070380
2675.7281553398	0.4861808682
2676.7284495440	0.4856546985
2677.7287437482	0.4851285287
2678.7290379523	0.4846023589
2679.7293321565	0.4840761891
2680.7296263607	0.4835500194
2681.7299205649	0.4830238496
2682.7302147690	0.4824976798
2683.7305089732	0.4819715101
2684.7308031774	0.4814453403
2685.7310973816	0.4809191705
2686.7313915858	0.4803930007
2687.7316857899	0.4798668310
2688.7319799941	0.4793406612
2689.7322741983	0.4788144914
2690.7325684025	0.4782883217
2691.7328626066	0.4777621519
2692.7331568108	0.4772359821
2693.7334510150	0.4767098123
2694.7337452192	0.4761836426
2695.7340394234	0.4756574728
2696.7343336275	0.4751313030
2697.7346278317	0.4746051333
2698.7349220359	0.4740789635
2699.7352162401	0.4735527937
2700.7355104442	0.4730266240
2701.7358046484	0.4725004542
2702.7360988526	0.4719742844
2703.7363930568	0.4714481146
2704.7366872610	0.4709219449
2705.7369814651	0.4703957751
2706.7372756693	0.4698696053
2707.7375698735	0.4693434356
2708.7378640777	0.4688172658
2709.7381582818	0.4682910960
2710.7384524860	0.4677649262
2711.7387466902	0.4672387565
2712.7390408944	0.4667125867
2713.7393350986	0.4661864169
2714.7396293027	0.4656602472
2715.7399235069	0.4651340774
2716.7402177111	0.4646079076
2717.7405119153	0.4640817378
2718.7408061194	0.4635555681
2719.7411003236	0.4630293983
2720.7413945278	0.4625032285
2721.7416887320	0.4619770588
2722.7419829362	0.4614508890
2723.7422771403	0.4609247192
2724.7425713445	0.4603985495
2725.7428655487	0.4598723797
2726.7431597529	0.4593462099
2727.7434539570	0.4588200401
2728.7437481612	0.4582938704
2729.7440423654	0.4577677006
2730.7443365696	0.4572415308
2731.7446307738	0.4567153611
2732.7449249779	0.4561891913
2733.7452191821	0.4556630215
2734.7455133863	0.4551368517
2735.7458075905	0.4546106820
2736.7461017946	0.4540845122
2737.7463959988	0.4535583424
2738.7466902030	0.4530321727
2739.7469844072	0.4525060029
2740.7472786114	0.4519798331
2741.7475728155	0.4514536633
2742.7478670197	0.4509274936
2743.7481612239	0.4504013238
2744.7484554281	0.4498751540
2745.7487496322	0.4493489843
2746.7490438364	0.4488228145
2747.7493380406	0.4482966447
2748.7496322448	0.4477704750
2749.7499264490	0.4472443052
2750.7502206531	0.4467181354
2751.7505148573	0.4461919656
2752.7508090615	0.4456657959
2753.7511032657	0.4451396261
2754.7513974698	0.4446134563
2755.7516916740	0.4440872866
2756.7519858782	0.4435611168
2757.7522800824	0.4430349470
2758.7525742866	0.4425087772
2759.7528684907	0.4419826075
2760.7531626949	0.4414564377
2761.7534568991	0.4409302679
2762.7537511033	0.4404040982
2763.7540453074	0.4398779284
2764.7543395116	0.4393517586
2765.7546337158	0.4388255888
2766.7549279200	0.4382994191
2767.7552221242	0.4377732493
2768.7555163283	0.4372470795
2769.7558105325	0.4367209098
2770.7561047367	0.4361947400
2771.7563989409	0.4356685702
2772.7566931450	0.4351424005
2773.7569873492	0.4346162307
2774.7572815534	0.4340900609
2775.7575757576	0.4335638911
2776.7578699618	0.4330377214
2777.7581641659	0.4325115516
2778.7584583701	0.4319853818
2779.7587525743	0.4314592121
2780.7590467785	0.4309330423
2781.7593409826	0.4304068725
2782.7596351868	0.4298807027
2783.7599293910	0.4293545330
2784.7602235952	0.4288283632
2785.7605177994	0.4283021934
2786.7608120035	0.4277760237
2787.7611062077	0.4272498539
2788.7614004119	0.4267236841
2789.7616946161	0.4261975143
2790.7619888202	0.4256713446
2791.7622830244	0.4251451748
2792.7625772286	0.4246190050
2793.7628714328	0.4240928353
2794.7631656370	0.4235666655
2795.7634598411	0.4230404957
2796.7637540453	0.4225143260
2797.7640482495	0.4219881562
2798.7643424537	0.4214619864
2799.7646366578	0.4209358166
2800.7649308620	0.4204096469
2801.7652250662	0.4198834771
2802.7655192704	0.4193573073
2803.7658134746	0.4188311376
2804.7661076787	0.4183049678
2805.7664018829	0.4177787980
2806.7666960871	0.4172526282
2807.7669902913	0.4167264585
2808.7672844954	0.4162002887
2809.7675786996	0.4156741189
2810.7678729038	0.4151479492
2811.7681671080	0.4146217794
2812.7684613122	0.4140956096
2813.7687555163	0.4135694399
2814.7690497205	0.4130432701
2815.7693439247	0.4125171003
2816.7696381289	0.4119909305
2817.7699323330	0.4114647608
2818.7702265372	0.4109385910
2819.7705207414	0.4104124212
2820.7708149456	0.4098862515
2821.7711091498	0.4093600817
2822.7714033539	0.4088339119
2823.7716975581	0.4083077421
2824.7719917623	0.4077815724
2825.7722859665	0.4072554026
2826.7725801706	0.4067292328
2827.7728743748	0.4062030631
2828.7731685790	0.4056768933
2829.7734627832	0.4051507235
2830.7737569873	0.4046245537
2831.7740511915	0.4040983840
2832.7743453957	0.4035722142
2833.7746395999	0.4030460444
2834.7749338041	0.4025198747
2835.7752280082	0.4019937049
2836.7755222124	0.4014675351
2837.7758164166	0.4009413654
2838.7761106208	0.4004151956
2839.7764048249	0.3998890258
2840.7766990291	0.3993628560
2841.7769932333	0.3988366863
2842.7772874375	0.3983105165
2843.7775816417	0.3977843467
2844.7778758458	0.3972581770
2845.7781700500	0.3967320072
2846.7784642542	0.3962058374
2847.7787584584	0.3956796676
2848.7790526625	0.3951534979
2849.7793468667	0.3946273281
2850.7796410709	0.3941011583
2851.7799352751	0.3935749886
2852.7802294793	0.3930488188
2853.7805236834	0.3925226490
2854.7808178876	0.3919964792
2855.7811120918	0.3914703095
2856.7814062960	0.3909441397
2857.7817005001	0.3904179699
2858.7819947043	0.3898918002
2859.7822889085	0.3893656304
2860.7825831127	0.3888394606
2861.7828773169	0.3883132909
2862.7831715210	0.3877871211
2863.7834657252	0.3872609513
2864.7837599294	0.3867347815
2865.7840541336	0.3862086118
2866.7843483377	0.3856824420
2867.7846425419	0.3851562722
2868.7849367461	0.3846301025
2869.7852309503	0.3841039327
2870.7855251545	0.3835777629
2871.7858193586	0.3830515931
2872.7861135628	0.3825254234
2873.7864077670	0.3819992536
2874.7867019712	0.3814730838
2875.7869961753	0.3809469141
2876.7872903795	0.3804207443
2877.7875845837	0.3798945745
2878.7878787879	0.3793684047
2879.7881729921	0.3788422350
2880.7884671962	0.3783160652
2881.7887614004	0.3777898954
2882.7890556046	0.3772637257
2883.7893498088	0.3767375559
2884.7896440129	0.3762113861
2885.7899382171	0.3756852164
2886.7902324213	0.3751590466
2887.7905266255	0.3746328768
2888.7908208297	0.3741067070
2889.7911150338	0.3735805373
2890.7914092380	0.3730543675
2891.7917034422	0.3725281977
2892.7919976464	0.3720020280
2893.7922918505	0.3714758582
2894.7925860547	0.3709496884
2895.7928802589	0.3704235186
2896.7931744631	0.3698973489
2897.7934686673	0.3693711791
2898.7937628714	0.3688450093
2899.7940570756	0.3683188396
2900.7943512798	0.3677926698
2901.7946454840	0.3672665000
2902.7949396881	0.3667403302
2903.7952338923	0.3662141605
2904.7955280965	0.3656879907
2905.7958223007	0.3651618209
2906.7961165049	0.3646356512
2907.7964107090	0.3641094814
2908.7967049132	0.3635833116
2909.7969991174	0.3630571419
2910.7972933216	0.3625309721
2911.7975875257	0.3620048023
2912.7978817299	0.3614786325
2913.7981759341	0.3609524628
2914.7984701383	0.3604262930
2915.7987643425	0.3599001232
2916.7990585466	0.3593739535
2917.7993527508	0.3588477837
2918.7996469550	0.3583216139
2919.7999411592	0.3577954441
2920.8002353633	0.3572692744
2921.8005295675	0.3567431046
2922.8008237717	0.3562169348
2923.8011179759	0.3556907651
2924.8014121801	0.3551645953
2925.8017063842	0.3546384255
2926.8020005884	0.3541122557
2927.8022947926	0.3535860860
2928.8025889968	0.3530599162
2929.8028832009	0.3525337464
2930.8031774051	0.3520075767
2931.8034716093	0.3514814069
2932.8037658135	0.3509552371
2933.8040600177	0.3504290674
2934.8043542218	0.3499028976
2935.8046484260	0.3493767278
2936.8049426302	0.3488505580
2937.8052368344	0.3483243883
2938.8055310385	0.3477982185
2939.8058252427	0.3472720487
2940.8061194469	0.3467458790
2941.8064136511	0.3462197092
2942.8067078553	0.3456935394
2943.8070020594	0.3451673696
2944.8072962636	0.3446411999
2945.8075904678	0.3441150301
2946.8078846720	0.3435888603
2947.8081788761	0.3430626906
2948.8084730803	0.3425365208
2949.8087672845	0.3420103510
2950.8090614887	0.3414841813
2951.8093556929	0.3409580115
2952.8096498970	0.3404318417
2953.8099441012	0.3399056719
2954.8102383054	0.3393795022
2955.8105325096	0.3388533324
2956.8108267137	0.3383271626
2957.8111209179	0.3378009929
2958.8114151221	0.3372748231
2959.8117093263	0.3367486533
2960.8120035305	0.3362224835
2961.8122977346	0.3356963138
2962.8125919388	0.3351701440
2963.8128861430	0.3346439742
2964.8131803472	0.3341178045
2965.8134745513	0.3335916347
2966.8137687555	0.3330654649
2967.8140629597	0.3325392951
2968.8143571639	0.3320131254
2969.8146513680	0.3314869556
2970.8149455722	0.3309607858
2971.8152397764	0.3304346161
2972.8155339806	0.3299084463
2973.8158281848	0.3293822765
2974.8161223889	0.3288561068
2975.8164165931	0.3283299370
2976.8167107973	0.3278037672
2977.8170050015	0.3272775974
2978.8172992056	0.3267514277
2979.8175934098	0.3262252579
2980.8178876140	0.3256990881
2981.8181818182	0.3251729184
2982.8184760224	0.3246467486
2983.8187702265	0.3241205788
2984.8190644307	0.3235944090
2985.8193586349	0.3230682393
2986.8196528391	0.3225420695
2987.8199470432	0.3220158997
2988.8202412474	0.3214897300
2989.8205354516	0.3209635602
2990.8208296558	0.3204373904
2991.8211238600	0.3199112206
2992.8214180641	0.3193850509
2993.8217122683	0.3188588811
2994.8220064725	0.3183327113
2995.8223006767	0.3178065416
2996.8225948808	0.3172803718
2997.8228890850	0.3167542020
2998.8231832892	0.3162280323
2999.8234774934	0.3157018625
3000.8237716976	0.3151756927
3001.8240659017	0.3146495229
3002.8243601059	0.3141233532
3003.8246543101	0.3135971834
3004.8249485143	0.3130710136
3005.8252427184	0.3125448439
3006.8255369226	0.3120186741
3007.8258311268	0.3114925043
3008.8261253310	0.3109663345
3009.8264195352	0.3104401648
3010.8267137393	0.3099139950
3011.8270079435	0.3093878252
3012.8273021477	0.3088616555
3013.8275963519	0.3083354857
3014.8278905560	0.3078093159
3015.8281847602	0.3072831461
3016.8284789644	0.3067569764
3017.8287731686	0.3062308066
3018.8290673728	0.3057046368
3019.8293615769	0.3051784671
3020.8296557811	0.3046522973
3021.8299499853	0.3041261275
3022.8302441895	0.3035999578
3023.8305383936	0.3030737880
3024.8308325978	0.3025476182
3025.8311268020	0.3020214484
3026.8314210062	0.3014952787
3027.8317152104	0.3009691089
3028.8320094145	0.3004429391
3029.8323036187	0.2999167694
3030.8325978229	0.2993905996
3031.8328920271	0.2988644298
3032.8331862312	0.2983382600
3033.8334804354	0.2978120903
3034.8337746396	0.2972859205
3035.8340688438	0.2967597507
3036.8343630480	0.2962335810
3037.8346572521	0.2957074112
3038.8349514563	0.2951812414
3039.8352456605	0.2946550716
3040.8355398647	0.2941289019
3041.8358340688	0.2936027321
3042.8361282730	0.2930765623
3043.8364224772	0.2925503926
3044.8367166814	0.2920242228
3045.8370108856	0.2914980530
3046.8373050897	0.2909718833
3047.8375992939	0.2904457135
3048.8378934981	0.2899195437
3049.8381877023	0.2893933739
3050.8384819064	0.2888672042
3051.8387761106	0.2883410344
3052.8390703148	0.2878148646
3053.8393645190	0.2872886949
3054.8396587232	0.2867625251
3055.8399529273	0.2862363553
3056.8402471315	0.2857101855
3057.8405413357	0.2851840158
3058.8408355399	0.2846578460
3059.8411297440	0.2841316762
3060.8414239482	0.2836055065
3061.8417181524	0.2830793367
3062.8420123566	0.2825531669
3063.8423065608	0.2820269971
3064.8426007649	0.2815008274
3065.8428949691	0.2809746576
3066.8431891733	0.2804484878
3067.8434833775	0.2799223181
3068.8437775816	0.2793961483
3069.8440717858	0.2788699785
3070.8443659900	0.2783438088
3071.8446601942	0.2778176390
3072.8449543984	0.2772914692
3073.8452486025	0.2767652994
3074.8455428067	0.2762391297
3075.8458370109	0.2757129599
3076.8461312151	0.2751867901
3077.8464254192	0.2746606204
3078.8467196234	0.2741344506
3079.8470138276	0.2736082808
3080.8473080318	0.2730821110
3081.8476022360	0.2725559413
3082.8478964401	0.2720297715
3083.8481906443	0.2715036017
3084.8484848485	0.2709774320
3085.8487790527	0.2704512622
3086.8490732568	0.2699250924
3087.8493674610	0.2693989227
3088.8496616652	0.2688727529
3089.8499558694	0.2683465831
3090.8502500736	0.2678204133
3091.8505442777	0.2672942436
3092.8508384819	0.2667680738
3093.8511326861	0.2662419040
3094.8514268903	0.2657157343
3095.8517210944	0.2651895645
3096.8520152986	0.2646633947
3097.8523095028	0.2641372249
3098.8526037070	0.2636110552
3099.8528979112	0.2630848854
3100.8531921153	0.2625587156
3101.8534863195	0.2620325459
3102.8537805237	0.2615063761
3103.8540747279	0.2609802063
3104.8543689320	0.2604540365
3105.8546631362	0.2599278668
3106.8549573404	0.2594016970
3107.8552515446	0.2588755272
3108.8555457488	0.2583493575
3109.8558399529	0.2578231877
3110.8561341571	0.2572970179
3111.8564283613	0.2567708482
3112.8567225655	0.2562446784
3113.8570167696	0.2557185086
3114.8573109738	0.2551923388
3115.8576051780	0.2546661691
3116.8578993822	0.2541399993
3117.8581935863	0.2536138295
3118.8584877905	0.2530876598
3119.8587819947	0.2525614900
3120.8590761989	0.2520353202
3121.8593704031	0.2515091504
3122.8596646072	0.2509829807
3123.8599588114	0.2504568109
3124.8602530156	0.2499306411
3125.8605472198	0.2494044714
3126.8608414239	0.2488783016
3127.8611356281	0.2483521318
3128.8614298323	0.2478259620
3129.8617240365	0.2472997923
3130.8620182407	0.2467736225
3131.8623124448	0.2462474527
3132.8626066490	0.2457212830
3133.8629008532	0.2451951132
3134.8631950574	0.2446689434
3135.8634892615	0.2441427737
3136.8637834657	0.2436166039
3137.8640776699	0.2430904341
3138.8643718741	0.2425642643
3139.8646660783	0.2420380946
3140.8649602824	0.2415119248
3141.8652544866	0.2409857550
3142.8655486908	0.2404595853
3143.8658428950	0.2399334155
3144.8661370991	0.2394072457
3145.8664313033	0.2388810759
3146.8667255075	0.2383549062
3147.8670197117	0.2378287364
3148.8673139159	0.2373025666
3149.8676081200	0.2367763969
3150.8679023242	0.2362502271
3151.8681965284	0.2357240573
3152.8684907326	0.2351978875
3153.8687849367	0.2346717178
3154.8690791409	0.2341455480
3155.8693733451	0.2336193782
3156.8696675493	0.2330932085
3157.8699617535	0.2325670387
3158.8702559576	0.2320408689
3159.8705501618	0.2315146992
3160.8708443660	0.2309885294
3161.8711385702	0.2304623596
3162.8714327743	0.2299361898
3163.8717269785	0.2294100201
3164.8720211827	0.2288838503
3165.8723153869	0.2283576805
3166.8726095911	0.2278315108
3167.8729037952	0.2273053410
3168.8731979994	0.2267791712
3169.8734922036	0.2262530014
3170.8737864078	0.2257268317
3171.8740806119	0.2252006619
3172.8743748161	0.2246744921
3173.8746690203	0.2241483224
3174.8749632245	0.2236221526
3175.8752574287	0.2230959828
3176.8755516328	0.2225698130
3177.8758458370	0.2220436433
3178.8761400412	0.2215174735
3179.8764342454	0.2209913037
3180.8767284495	0.2204651340
3181.8770226537	0.2199389642
3182.8773168579	0.2194127944
3183.8776110621	0.2188866247
3184.8779052663	0.2183604549
3185.8781994704	0.2178342851
3186.8784936746	0.2173081153
3187.8787878788	0.2167819456
3188.8790820830	0.2162557758
3189.8793762871	0.2157296060
3190.8796704913	0.2152034363
3191.8799646955	0.2146772665
3192.8802588997	0.2141510967
3193.8805531039	0.2136249269
3194.8808473080	0.2130987572
3195.8811415122	0.2125725874
3196.8814357164	0.2120464176
3197.8817299206	0.2115202479
3198.8820241247	0.2109940781
3199.8823183289	0.2104679083
3200.8826125331	0.2099417386
3201.8829067373	0.2094155688
3202.8832009415	0.2088893990
3203.8834951456	0.2083632292
3204.8837893498	0.2078370595
3205.8840835540	0.2073108897
3206.8843777582	0.2067847199
3207.8846719623	0.2062585502
3208.8849661665	0.2057323804
3209.8852603707	0.2052062106
3210.8855545749	0.2046800408
3211.8858487791	0.2041538711
3212.8861429832	0.2036277013
3213.8864371874	0.2031015315
3214.8867313916	0.2025753618
3215.8870255958	0.2020491920
3216.8873197999	0.2015230222
3217.8876140041	0.2009968524
3218.8879082083	0.2004706827
3219.8882024125	0.1999445129
3220.8884966167	0.1994183431
3221.8887908208	0.1988921734
3222.8890850250	0.1983660036
3223.8893792292	0.1978398338
3224.8896734334	0.1973136641
3225.8899676375	0.1967874943
3226.8902618417	0.1962613245
3227.8905560459	0.1957351547
3228.8908502501	0.1952089850
3229.8911444543	0.1946828152
3230.8914386584	0.1941566454
3231.8917328626	0.1936304757
3232.8920270668	0.1931043059
3233.8923212710	0.1925781361
3234.8926154751	0.1920519663
3235.8929096793	0.1915257966
3236.8932038835	0.1909996268
3237.8934980877	0.1904734570
3238.8937922919	0.1899472873
3239.8940864960	0.1894211175
3240.8943807002	0.1888949477
3241.8946749044	0.1883687779
3242.8949691086	0.1878426082
3243.8952633127	0.1873164384
3244.8955575169	0.1867902686
3245.8958517211	0.1862640989
3246.8961459253	0.1857379291
3247.8964401295	0.1852117593
3248.8967343336	0.1846855896
3249.8970285378	0.1841594198
3250.8973227420	0.1836332500
3251.8976169462	0.1831070802
3252.8979111503	0.1825809105
3253.8982053545	0.1820547407
3254.8984995587	0.1815285709
3255.8987937629	0.1810024012
3256.8990879670	0.1804762314
3257.8993821712	0.1799500616
3258.8996763754	0.1794238918
3259.8999705796	0.1788977221
3260.9002647838	0.1783715523
3261.9005589879	0.1778453825
3262.9008531921	0.1773192128
3263.9011473963	0.1767930430
3264.9014416005	0.1762668732
3265.9017358046	0.1757407034
3266.9020300088	0.1752145337
3267.9023242130	0.1746883639
3268.9026184172	0.1741621941
3269.9029126214	0.1736360244
3270.9032068255	0.1731098546
3271.9035010297	0.1725836848
3272.9037952339	0.1720575151
3273.9040894381	0.1715313453
3274.9043836422	0.1710051755
3275.9046778464	0.1704790057
3276.9049720506	0.1699528360
3277.9052662548	0.1694266662
3278.9055604590	0.1689004964
3279.9058546631	0.1683743267
3280.9061488673	0.1678481569
3281.9064430715	0.1673219871
3282.9067372757	0.1667958173
3283.9070314798	0.1662696476
3284.9073256840	0.1657434778
3285.9076198882	0.1652173080
3286.9079140924	0.1646911383
3287.9082082966	0.1641649685
3288.9085025007	0.1636387987
3289.9087967049	0.1631126289
3290.9090909091	0.1625864592
3291.9093851133	0.1620602894
3292.9096793174	0.1615341196
3293.9099735216	0.1610079499
3294.9102677258	0.1604817801
3295.9105619300	0.1599556103
3296.9108561342	0.1594294406
3297.9111503383	0.1589032708
3298.9114445425	0.1583771010
3299.9117387467	0.1578509312
3300.9120329509	0.1573247615
3301.9123271550	0.1567985917
3302.9126213592	0.1562724219
3303.9129155634	0.1557462522
3304.9132097676	0.1552200824
3305.9135039718	0.1546939126
3306.9137981759	0.1541677428
3307.9140923801	0.1536415731
3308.9143865843	0.1531154033
3309.9146807885	0.1525892335
3310.9149749926	0.1520630638
3311.9152691968	0.1515368940
3312.9155634010	0.1510107242
3313.9158576052	0.1504845544
3314.9161518094	0.1499583847
3315.9164460135	0.1494322149
3316.9167402177	0.1489060451
3317.9170344219	0.1483798754
3318.9173286261	0.1478537056
3319.9176228302	0.1473275358
3320.9179170344	0.1468013661
3321.9182112386	0.1462751963
3322.9185054428	0.1457490265
3323.9187996470	0.1452228567
3324.9190938511	0.1446966870
3325.9193880553	0.1441705172
3326.9196822595	0.1436443474
3327.9199764637	0.1431181777
3328.9202706678	0.1425920079
3329.9205648720	0.1420658381
3330.9208590762	0.1415396683
3331.9211532804	0.1410134986
3332.9214474846	0.1404873288
3333.9217416887	0.1399611590
3334.9220358929	0.1394349893
3335.9223300971	0.1389088195
3336.9226243013	0.1383826497
3337.9229185054	0.1378564800
3338.9232127096	0.1373303102
3339.9235069138	0.1368041404
3340.9238011180	0.1362779706
3341.9240953222	0.1357518009
3342.9243895263	0.1352256311
3343.9246837305	0.1346994613
3344.9249779347	0.1341732916
3345.9252721389	0.1336471218
3346.9255663430	0.1331209520
3347.9258605472	0.1325947822
3348.9261547514	0.1320686125
3349.9264489556	0.1315424427
3350.9267431598	0.1310162729
3351.9270373639	0.1304901032
3352.9273315681	0.1299639334
3353.9276257723	0.1294377636
3354.9279199765	0.1289115938
3355.9282141806	0.1283854241
3356.9285083848	0.1278592543
3357.9288025890	0.1273330845
3358.9290967932	0.1268069148
3359.9293909974	0.1262807450
3360.9296852015	0.1257545752
3361.9299794057	0.1252284055
3362.9302736099	0.1247022357
3363.9305678141	0.1241760659
3364.9308620182	0.1236498961
3365.9311562224	0.1231237264
3366.9314504266	0.1225975566
3367.9317446308	0.1220713868
3368.9320388350	0.1215452171
3369.9323330391	0.1210190473
3370.9326272433	0.1204928775
3371.9329214475	0.1199667077
3372.9332156517	0.1194405380
3373.9335098558	0.1189143682
3374.9338040600	0.1183881984
3375.9340982642	0.1178620287
3376.9343924684	0.1173358589
3377.9346866726	0.1168096891
3378.9349808767	0.1162835193
3379.9352750809	0.1157573496
3380.9355692851	0.1152311798
3381.9358634893	0.1147050100
3382.9361576934	0.1141788403
3383.9364518976	0.1136526705
3384.9367461018	0.1131265007
3385.9370403060	0.1126003310
3386.9373345102	0.1120741612
3387.9376287143	0.1115479914
3388.9379229185	0.1110218216
3389.9382171227	0.1104956519
3390.9385113269	0.1099694821
3391.9388055310	0.1094433123
3392.9390997352	0.1089171426
3393.9393939394	0.1083909728
3394.9396881436	0.1078648030
3395.9399823477	0.1073386332
3396.9402765519	0.1068124635
3397.9405707561	0.1062862937
3398.9408649603	0.1057601239
3399.9411591645	0.1052339542
3400.9414533686	0.1047077844
3401.9417475728	0.1041816146
3402.9420417770	0.1036554448
3403.9423359812	0.1031292751
3404.9426301853	0.1026031053
3405.9429243895	0.1020769355
3406.9432185937	0.1015507658
3407.9435127979	0.1010245960
3408.9438070021	0.1004984262
3409.9441012062	0.0999722565
3410.9443954104	0.0994460867
3411.9446896146	0.0989199169
3412.9449838188	0.0983937471
3413.9452780229	0.0978675774
3414.9455722271	0.0973414076
3415.9458664313	0.0968152378
3416.9461606355	0.0962890681
3417.9464548397	0.0957628983
3418.9467490438	0.0952367285
3419.9470432480	0.0947105587
3420.9473374522	0.0941843890
3421.9476316564	0.0936582192
3422.9479258605	0.0931320494
3423.9482200647	0.0926058797
3424.9485142689	0.0920797099
3425.9488084731	0.0915535401
3426.9491026773	0.0910273703
3427.9493968814	0.0905012006
3428.9496910856	0.0899750308
3429.9499852898	0.0894488610
3430.9502794940	0.0889226913
3431.9505736981	0.0883965215
3432.9508679023	0.0878703517
3433.9511621065	0.0873441820
3434.9514563107	0.0868180122
3435.9517505149	0.0862918424
3436.9520447190	0.0857656726
3437.9523389232	0.0852395029
3438.9526331274	0.0847133331
3439.9529273316	0.0841871633
3440.9532215357	0.0836609936
3441.9535157399	0.0831348238
3442.9538099441	0.0826086540
3443.9541041483	0.0820824842
3444.9543983525	0.0815563145
3445.9546925566	0.0810301447
3446.9549867608	0.0805039749
3447.9552809650	0.0799778052
3448.9555751692	0.0794516354
3449.9558693733	0.0789254656
3450.9561635775	0.0783992958
3451.9564577817	0.0778731261
3452.9567519859	0.0773469563
3453.9570461901	0.0768207865
3454.9573403942	0.0762946168
3455.9576345984	0.0757684470
3456.9579288026	0.0752422772
3457.9582230068	0.0747161075
3458.9585172109	0.0741899377
3459.9588114151	0.0736637679
3460.9591056193	0.0731375981
3461.9593998235	0.0726114284
3462.9596940277	0.0720852586
3463.9599882318	0.0715590888
3464.9602824360	0.0710329191
3465.9605766402	0.0705067493
3466.9608708444	0.0699805795
3467.9611650485	0.0694544097
3468.9614592527	0.0689282400
3469.9617534569	0.0684020702
3470.9620476611	0.0678759004
3471.9623418653	0.0673497307
3472.9626360694	0.0668235609
3473.9629302736	0.0662973911
3474.9632244778	0.0657712214
3475.9635186820	0.0652450516
3476.9638128861	0.0647188818
3477.9641070903	0.0641927120
3478.9644012945	0.0636665423
3479.9646954987	0.0631403725
3480.9649897029	0.0626142027
3481.9652839070	0.0620880330
3482.9655781112	0.0615618632
3483.9658723154	0.0610356934
3484.9661665196	0.0605095236
3485.9664607237	0.0599833539
3486.9667549279	0.0594571841
3487.9670491321	0.0589310143
3488.9673433363	0.0584048446
3489.9676375405	0.0578786748
3490.9679317446	0.0573525050
3491.9682259488	0.0568263352
3492.9685201530	0.0563001655
3493.9688143572	0.0557739957
3494.9691085613	0.0552478259
3495.9694027655	0.0547216562
3496.9696969697	0.0541954864
3497.9699911739	0.0536693166
3498.9702853781	0.0531431469
3499.9705795822	0.0526169771
3500.9708737864	0.0520908073
3501.9711679906	0.0515646375
3502.9714621948	0.0510384678
3503.9717563989	0.0505122980
3504.9720506031	0.0499861282
3505.9723448073	0.0494599585
3506.9726390115	0.0489337887
3507.9729332157	0.0484076189
3508.9732274198	0.0478814491
3509.9735216240	0.0473552794
3510.9738158282	0.0468291096
3511.9741100324	0.0463029398
3512.9744042365	0.0457767701
3513.9746984407	0.0452506003
3514.9749926449	0.0447244305
3515.9752868491	0.0441982607
3516.9755810533	0.0436720910
3517.9758752574	0.0431459212
3518.9761694616	0.0426197514
3519.9764636658	0.0420935817
3520.9767578700	0.0415674119
3521.9770520741	0.0410412421
3522.9773462783	0.0405150724
3523.9776404825	0.0399889026
3524.9779346867	0.0394627328
3525.9782288909	0.0389365630
3526.9785230950	0.0384103933
3527.9788172992	0.0378842235
3528.9791115034	0.0373580537
3529.9794057076	0.0368318840
3530.9796999117	0.0363057142
3531.9799941159	0.0357795444
3532.9802883201	0.0352533746
3533.9805825243	0.0347272049
3534.9808767284	0.0342010351
3535.9811709326	0.0336748653
3536.9814651368	0.0331486956
3537.9817593410	0.0326225258
3538.9820535452	0.0320963560
3539.9823477493	0.0315701862
3540.9826419535	0.0310440165
3541.9829361577	0.0305178467
3542.9832303619	0.0299916769
3543.9835245660	0.0294655072
3544.9838187702	0.0289393374
3545.9841129744	0.0284131676
3546.9844071786	0.0278869979
3547.9847013828	0.0273608281
3548.9849955869	0.0268346583
3549.9852897911	0.0263084885
3550.9855839953	0.0257823188
3551.9858781995	0.0252561490
3552.9861724036	0.0247299792
3553.9864666078	0.0242038095
3554.9867608120	0.0236776397
3555.9870550162	0.0231514699
3556.9873492204	0.0226253001
3557.9876434245	0.0220991304
3558.9879376287	0.0215729606
3559.9882318329	0.0210467908
3560.9885260371	0.0205206211
3561.9888202412	0.0199944513
3562.9891144454	0.0194682815
3563.9894086496	0.0189421117
3564.9897028538	0.0184159420
3565.9899970580	0.0178897722
3566.9902912621	0.0173636024
3567.9905854663	0.0168374327
3568.9908796705	0.0163112629
3569.9911738747	0.0157850931
3570.9914680788	0.0152589234
3571.9917622830	0.0147327536
3572.9920564872	0.0142065838
3573.9923506914	0.0136804140
3574.9926448956	0.0131542443
3575.9929390997	0.0126280745
3576.9932333039	0.0121019047
3577.9935275081	0.0115757350
3578.9938217123	0.0110495652
3579.9941159164	0.0105233954
3580.9944101206	0.0099972256
3581.9947043248	0.0094710559
3582.9949985290	0.0089448861
3583.9952927332	0.0084187163
3584.9955869373	0.0078925466
3585.9958811415	0.0073663768
3586.9961753457	0.0068402070
3587.9964695499	0.0063140372
3588.9967637540	0.0057878675
3589.9970579582	0.0052616977
3590.9973521624	0.0047355279
3591.9976463666	0.0042093582
3592.9979405708	0.0036831884
3593.9982347749	0.0031570186
3594.9985289791	0.0026308489
3595.9988231833	0.0021046791
3596.9991173875	0.0015785093
3597.9994115916	0.0010523395
3598.9997057958	0.0005261698
3600.0000000000	0.0000000000
