200.0000000000	0.6293524358
201.0002942042	0.6294676674
202.0005884084	0.6281480554
203.0008826125	0.6270725805
204.0011768167	0.6255057322
205.0014710209	0.6275518652
206.0017652251	0.6215130485
207.0020594292	0.6157994099
208.0023536334	0.6192447799
209.0026478376	0.6200777609
210.0029420418	0.6208289743
211.0032362460	0.6240881749
212.0035304501	0.6259633202
213.0038246543	0.6229795507
214.0041188585	0.6219185905
215.0044130627	0.6223226318
216.0047072668	0.6241218136
217.0050014710	0.6243559404
218.0052956752	0.6156390333
219.0055898794	0.6177543564
220.0058840836	0.6203053942
221.0061782877	0.6160404242
222.0064724919	0.6058155318
223.0067666961	0.6182151118
224.0070609003	0.6219551730
225.0073551044	0.6225881856
226.0076493086	0.6222968909
227.0079435128	0.6208406389
228.0082377170	0.6150649069
229.0085319212	0.6211539455
230.0088261253	0.6254375478
231.0091203295	0.6224700096
232.0094145337	0.6198833056
233.0097087379	0.6211117085
234.0100029420	0.6194894840
235.0102971462	0.6170441092
236.0105913504	0.6160283652
237.0108855546	0.6128904358
238.0111797588	0.6128214263
239.0114739629	0.6180835987
240.0117681671	0.6198441116
241.0120623713	0.6105380989
242.0123565755	0.6131526199
243.0126507796	0.6088829715
244.0129449838	0.6100102827
245.0132391880	0.6145834896
246.0135333922	0.6085073993
247.0138275964	0.6092860060
248.0141218005	0.6101257957
249.0144160047	0.6058795631
250.0147102089	0.5995457867
251.0150044131	0.5993298202
252.0152986172	0.6007417667
253.0155928214	0.6047279406
254.0158870256	0.6106346173
255.0161812298	0.6146828527
256.0164754340	0.6150854792
257.0167696381	0.6144145533
258.0170638423	0.6134260407
259.0173580465	0.6070137136
260.0176522507	0.6041574285
261.0179464548	0.6082251705
262.0182406590	0.6079825690
263.0185348632	0.6039754030
264.0188290674	0.5988024219
265.0191232716	0.5958059828
266.0194174757	0.5981472114
267.0197116799	0.6044132314
268.0200058841	0.6000139911
269.0203000883	0.6005471019
270.0205942924	0.6060076522
271.0208884966	0.6075961900
272.0211827008	0.6035545445
273.0214769050	0.5979558561
274.0217711091	0.5991990831
275.0220653133	0.6011971994
276.0223595175	0.5999089924
277.0226537217	0.5997210212
278.0229479259	0.5933644024
279.0232421300	0.5960150686
280.0235363342	0.6013309810
281.0238305384	0.6008523954
282.0241247426	0.5997077575
283.0244189467	0.5942821536
284.0247131509	0.5954331454
285.0250073551	0.5979788425
286.0253015593	0.5927337014
287.0255957635	0.5928179288
288.0258899676	0.5904677291
289.0261841718	0.5880141957
290.0264783760	0.5869924277
291.0267725802	0.5883728948
292.0270667843	0.5953624848
293.0273609885	0.5943991340
294.0276551927	0.5930606284
295.0279493969	0.5935183825
296.0282436011	0.5916712834
297.0285378052	0.5943927868
298.0288320094	0.5958384975
299.0291262136	0.5921550442
300.0294204178	0.5821658710
301.0297146219	0.5750504284
302.0300088261	0.5879251409
303.0303030303	0.5894204958
304.0305972345	0.5842471765
305.0308914387	0.5829456998
306.0311856428	0.5805250364
307.0314798470	0.5715836068
308.0317740512	0.5686638653
309.0320682554	0.5761049734
310.0323624595	0.5854873474
311.0326566637	0.5801661981
312.0329508679	0.5686858585
313.0332450721	0.5646699826
314.0335392763	0.5699999543
315.0338334804	0.5782583063
316.0341276846	0.5827123655
317.0344218888	0.5802210367
318.0347160930	0.5767965194
319.0350102971	0.5727931139
320.0353045013	0.5696558056
321.0355987055	0.5700044381
322.0358929097	0.5714388860
323.0361871139	0.5741301579
324.0364813180	0.5738106392
325.0367755222	0.5689635216
326.0370697264	0.5655734713
327.0373639306	0.5662104844
328.0376581347	0.5671429388
329.0379523389	0.5668666802
330.0382465431	0.5698983830
331.0385407473	0.5717921929
332.0388349515	0.5684388641
333.0391291556	0.5663796589
334.0394233598	0.5694325268
335.0397175640	0.5728560149
336.0400117682	0.5733509825
337.0403059723	0.5710278356
338.0406001765	0.5702670214
339.0408943807	0.5672271348
340.0411885849	0.5649964734
341.0414827891	0.5680174141
342.0417769932	0.5745599189
343.0420711974	0.5604962367
344.0423654016	0.5603073671
345.0426596058	0.5633101037
346.0429538099	0.5619006540
347.0432480141	0.5560146272
348.0435422183	0.5657764617
349.0438364225	0.5615671862
350.0441306267	0.5548630321
351.0444248308	0.5526063220
352.0447190350	0.5572294013
353.0450132392	0.5523137303
354.0453074434	0.5605838494
355.0456016475	0.5589693738
356.0458958517	0.5494186184
357.0461900559	0.5453511902
358.0464842601	0.5499505261
359.0467784643	0.5550972888
360.0470726684	0.5552071166
361.0473668726	0.5532666690
362.0476610768	0.5548384043
363.0479552810	0.5515202499
364.0482494851	0.5506515459
365.0485436893	0.5505853151
366.0488378935	0.5502010352
367.0491320977	0.5488349161
368.0494263019	0.5468428647
369.0497205060	0.5457603379
370.0500147102	0.5447244099
371.0503089144	0.5452624880
372.0506031186	0.5445915110
373.0508973227	0.5381397106
374.0511915269	0.5378193610
375.0514857311	0.5364718497
376.0517799353	0.5303066115
377.0520741395	0.5306127576
378.0523683436	0.5420003756
379.0526625478	0.5468051501
380.0529567520	0.5479950356
381.0532509562	0.5474169411
382.0535451603	0.5476838474
383.0538393645	0.5466687873
384.0541335687	0.5426758705
385.0544277729	0.5418685678
386.0547219771	0.5410026515
387.0550161812	0.5378752058
388.0553103854	0.5397493050
389.0556045896	0.5462201819
390.0558987938	0.5489296210
391.0561929979	0.5407866780
392.0564872021	0.5402231382
393.0567814063	0.5408533882
394.0570756105	0.5362454201
395.0573698147	0.5340082458
396.0576640188	0.5346042501
397.0579582230	0.5335659810
398.0582524272	0.5291937421
399.0585466314	0.5273061186
400.0588408355	0.5336741551
401.0591350397	0.5409795518
402.0594292439	0.5380456137
403.0597234481	0.5348199970
404.0600176523	0.5345604273
405.0603118564	0.5348776870
406.0606060606	0.5312905674
407.0609002648	0.5357233733
408.0611944690	0.5346374660
409.0614886731	0.5333363418
410.0617828773	0.5386255780
411.0620770815	0.5365798962
412.0623712857	0.5372940295
413.0626654899	0.5423226660
414.0629596940	0.5448780006
415.0632538982	0.5406947836
416.0635481024	0.5384817235
417.0638423066	0.5394468670
418.0641365107	0.5417114073
419.0644307149	0.5419064132
420.0647249191	0.5400531382
421.0650191233	0.5425837135
422.0653133274	0.5431529370
423.0656075316	0.5356236684
424.0659017358	0.5340959457
425.0661959400	0.5401209881
426.0664901442	0.5392832697
427.0667843483	0.5447138177
428.0670785525	0.5434575615
429.0673727567	0.5409898096
430.0676669609	0.5417367035
431.0679611650	0.5431026569
432.0682553692	0.5400916855
433.0685495734	0.5436745695
434.0688437776	0.5465257396
435.0691379818	0.5463788935
436.0694321859	0.5419786548
437.0697263901	0.5352501753
438.0700205943	0.5378724417
439.0703147985	0.5397188813
440.0706090026	0.5325994367
441.0709032068	0.5299303882
442.0711974110	0.5327589237
443.0714916152	0.5249465035
444.0717858194	0.5241151550
445.0720800235	0.5192684938
446.0723742277	0.5218077704
447.0726684319	0.5320319406
448.0729626361	0.5312784553
449.0732568402	0.5248150459
450.0735510444	0.5132471946
451.0738452486	0.5073812988
452.0741394528	0.5104309245
453.0744336570	0.5141674377
454.0747278611	0.5149200721
455.0750220653	0.5138227489
456.0753162695	0.5145145325
457.0756104737	0.5162817346
458.0759046778	0.5201796950
459.0761988820	0.5218908404
460.0764930862	0.5161924724
461.0767872904	0.5210731435
462.0770814946	0.5182671052
463.0773756987	0.5188882049
464.0776699029	0.5227067636
465.0779641071	0.5209911583
466.0782583113	0.5179067963
467.0785525154	0.5262766482
468.0788467196	0.5265160798
469.0791409238	0.5226653767
470.0794351280	0.5223423115
471.0797293322	0.5238469043
472.0800235363	0.5141268959
473.0803177405	0.5176303111
474.0806119447	0.5207149837
475.0809061489	0.5186378077
476.0812003530	0.5212382629
477.0814945572	0.5166634510
478.0817887614	0.5214638305
479.0820829656	0.5250853634
480.0823771698	0.5234919120
481.0826713739	0.5180022557
482.0829655781	0.5175317774
483.0832597823	0.5195958002
484.0835539865	0.5210079540
485.0838481906	0.5206153179
486.0841423948	0.5192609906
487.0844365990	0.5190145858
488.0847308032	0.5141850030
489.0850250074	0.5146614088
490.0853192115	0.5162155607
491.0856134157	0.5130879971
492.0859076199	0.5060635431
493.0862018241	0.5085128169
494.0864960282	0.5136396444
495.0867902324	0.5132037930
496.0870844366	0.5120082236
497.0873786408	0.5145293668
498.0876728450	0.5120137684
499.0879670491	0.5104667059
500.0882612533	0.5110128384
501.0885554575	0.5132340674
502.0888496617	0.5109065388
503.0891438658	0.5092178243
504.0894380700	0.5158930594
505.0897322742	0.5175436291
506.0900264784	0.5188479773
507.0903206826	0.5173094294
508.0906148867	0.5175055538
509.0909090909	0.5187635639
510.0912032951	0.5129535165
511.0914974993	0.5067001319
512.0917917034	0.5014756095
513.0920859076	0.5072481559
514.0923801118	0.5114726948
515.0926743160	0.5094684966
516.0929685202	0.5102686888
517.0932627243	0.5110740317
518.0935569285	0.5092467898
519.0938511327	0.5097881808
520.0941453369	0.5078018325
521.0944395410	0.5039537281
522.0947337452	0.5049994219
523.0950279494	0.5072305607
524.0953221536	0.5055143139
525.0956163578	0.5047951189
526.0959105619	0.5062335640
527.0962047661	0.5056798137
528.0964989703	0.4958018168
529.0967931745	0.5093054353
530.0970873786	0.5120204085
531.0973815828	0.5082595916
532.0976757870	0.5053902312
533.0979699912	0.5042255531
534.0982641954	0.5056487794
535.0985583995	0.5066468287
536.0988526037	0.5074578221
537.0991468079	0.5061296478
538.0994410121	0.5014374146
539.0997352162	0.4954479187
540.1000294204	0.4940568257
541.1003236246	0.5011875446
542.1006178288	0.5042971216
543.1009120330	0.5009313025
544.1012062371	0.4970317214
545.1015004413	0.4934528662
546.1017946455	0.4926589075
547.1020888497	0.4895045742
548.1023830538	0.4895272250
549.1026772580	0.4922595669
550.1029714622	0.4840509807
551.1032656664	0.4794257985
552.1035598706	0.4811186846
553.1038540747	0.4778428512
554.1041482789	0.4769768109
555.1044424831	0.4836555025
556.1047366873	0.4691484845
557.1050308914	0.4567047706
558.1053250956	0.4550112118
559.1056192998	0.4585367200
560.1059135040	0.4590639758
561.1062077081	0.4592626737
562.1065019123	0.4640012715
563.1067961165	0.4638521562
564.1070903207	0.4640410527
565.1073845249	0.4664989712
566.1076787290	0.4701054714
567.1079729332	0.4750574572
568.1082671374	0.4809935824
569.1085613416	0.4858799073
570.1088555457	0.4883930648
571.1091497499	0.4882369576
572.1094439541	0.4918291358
573.1097381583	0.4938152463
574.1100323625	0.4902171382
575.1103265666	0.4895998446
576.1106207708	0.4919675548
577.1109149750	0.4949685835
578.1112091792	0.4955762846
579.1115033833	0.4956911690
580.1117975875	0.4956399320
581.1120917917	0.4924898624
582.1123859959	0.4912491235
583.1126802001	0.4900595058
584.1129744042	0.4899229357
585.1132686084	0.4908525591
586.1135628126	0.4928794993
587.1138570168	0.4982084273
588.1141512209	0.4991627126
589.1144454251	0.4997387487
590.1147396293	0.5019057501
591.1150338335	0.4995742976
592.1153280377	0.4912438994
593.1156222418	0.4944324366
594.1159164460	0.5008849441
595.1162106502	0.5063191036
596.1165048544	0.5052894222
597.1167990585	0.5017545551
598.1170932627	0.5038078608
599.1173874669	0.4971880538
600.1176816711	0.5042814418
601.1179758753	0.5009134851
602.1182700794	0.4994631633
603.1185642836	0.5063265300
604.1188584878	0.5087700269
605.1191526920	0.5024333005
606.1194468961	0.5009482659
607.1197411003	0.4976913025
608.1200353045	0.4931526571
609.1203295087	0.4932484859
610.1206237129	0.5033021439
611.1209179170	0.4967683347
612.1212121212	0.4962677542
613.1215063254	0.4931194924
614.1218005296	0.4919550872
615.1220947337	0.4976698946
616.1223889379	0.4952561422
617.1226831421	0.4897784735
618.1229773463	0.4898001723
619.1232715505	0.4929629767
620.1235657546	0.4914078716
621.1238599588	0.4857660985
622.1241541630	0.4891022080
623.1244483672	0.4913550861
624.1247425713	0.4926255423
625.1250367755	0.4913351038
626.1253309797	0.4858456794
627.1256251839	0.4802164216
628.1259193881	0.4793522867
629.1262135922	0.4773992021
630.1265077964	0.4722631516
631.1268020006	0.4682660485
632.1270962048	0.4659030437
633.1273904089	0.4623348398
634.1276846131	0.4586288028
635.1279788173	0.4557341648
636.1282730215	0.4545407905
637.1285672257	0.4563079760
638.1288614298	0.4527565888
639.1291556340	0.4497156986
640.1294498382	0.4529212695
641.1297440424	0.4575310385
642.1300382465	0.4574263288
643.1303324507	0.4444240639
644.1306266549	0.4497658769
645.1309208591	0.4543427998
646.1312150633	0.4577166999
647.1315092674	0.4598933777
648.1318034716	0.4511796252
649.1320976758	0.4482808916
650.1323918800	0.4492241894
651.1326860841	0.4451593373
652.1329802883	0.4447408349
653.1332744925	0.4498413309
654.1335686967	0.4540618765
655.1338629009	0.4561404897
656.1341571050	0.4573826196
657.1344513092	0.4644109949
658.1347455134	0.4721554931
659.1350397176	0.4762928438
660.1353339217	0.4765619247
661.1356281259	0.4761416789
662.1359223301	0.4771198251
663.1362165343	0.4841676854
664.1365107385	0.4877838836
665.1368049426	0.4854582955
666.1370991468	0.4829208213
667.1373933510	0.4789324501
668.1376875552	0.4841730987
669.1379817593	0.4810927199
670.1382759635	0.4831632000
671.1385701677	0.4882386838
672.1388643719	0.4816968218
673.1391585761	0.4798335273
674.1394527802	0.4755901300
675.1397469844	0.4772319471
676.1400411886	0.4814698810
677.1403353928	0.4849377236
678.1406295969	0.4856650974
679.1409238011	0.4817266899
680.1412180053	0.4807836919
681.1415122095	0.4811608734
682.1418064137	0.4814276149
683.1421006178	0.4799461625
684.1423948220	0.4791944156
685.1426890262	0.4821440023
686.1429832304	0.4823219131
687.1432774345	0.4844772837
688.1435716387	0.4844564361
689.1438658429	0.4828678813
690.1441600471	0.4799192830
691.1444542513	0.4745667480
692.1447484554	0.4743647334
693.1450426596	0.4798837536
694.1453368638	0.4865278466
695.1456310680	0.4883765099
696.1459252721	0.4872059810
697.1462194763	0.4865852062
698.1465136805	0.4864604273
699.1468078847	0.4844539842
700.1471020888	0.4780869851
701.1473962930	0.4757721739
702.1476904972	0.4838560226
703.1479847014	0.4866460656
704.1482789056	0.4817029398
705.1485731097	0.4788280716
706.1488673139	0.4811834810
707.1491615181	0.4836397172
708.1494557223	0.4852749704
709.1497499264	0.4878203869
710.1500441306	0.4880859049
711.1503383348	0.4872936564
712.1506325390	0.4885069327
713.1509267432	0.4904729737
714.1512209473	0.4865947660
715.1515151515	0.4837806387
716.1518093557	0.4822256618
717.1521035599	0.4793050093
718.1523977640	0.4758332854
719.1526919682	0.4761272712
720.1529861724	0.4692124158
721.1532803766	0.4734541349
722.1535745808	0.4727674095
723.1538687849	0.4748457914
724.1541629891	0.4800668108
725.1544571933	0.4740420211
726.1547513975	0.4715439826
727.1550456016	0.4742940395
728.1553398058	0.4686444937
729.1556340100	0.4689722183
730.1559282142	0.4720334807
731.1562224184	0.4657571927
732.1565166225	0.4698651263
733.1568108267	0.4688191323
734.1571050309	0.4763710646
735.1573992351	0.4823812964
736.1576934392	0.4800441046
737.1579876434	0.4736739149
738.1582818476	0.4747768250
739.1585760518	0.4682588096
740.1588702560	0.4724414895
741.1591644601	0.4762012459
742.1594586643	0.4748425602
743.1597528685	0.4729264611
744.1600470727	0.4738276587
745.1603412768	0.4678007050
746.1606354810	0.4658326215
747.1609296852	0.4680513364
748.1612238894	0.4695228588
749.1615180936	0.4700796628
750.1618122977	0.4703702126
751.1621065019	0.4686732502
752.1624007061	0.4682256762
753.1626949103	0.4672053064
754.1629891144	0.4689250074
755.1632833186	0.4710430652
756.1635775228	0.4709101495
757.1638717270	0.4715662454
758.1641659312	0.4716130944
759.1644601353	0.4699678300
760.1647543395	0.4691047883
761.1650485437	0.4675462522
762.1653427479	0.4697635491
763.1656369520	0.4704704234
764.1659311562	0.4714685672
765.1662253604	0.4730722520
766.1665195646	0.4700549075
767.1668137688	0.4661013470
768.1671079729	0.4706913166
769.1674021771	0.4723572451
770.1676963813	0.4718252639
771.1679905855	0.4688838995
772.1682847896	0.4664351126
773.1685789938	0.4674539202
774.1688731980	0.4656670184
775.1691674022	0.4730511755
776.1694616064	0.4678573661
777.1697558105	0.4601296373
778.1700500147	0.4616785047
779.1703442189	0.4669210465
780.1706384231	0.4637218759
781.1709326272	0.4678018581
782.1712268314	0.4678739422
783.1715210356	0.4699267910
784.1718152398	0.4630158234
785.1721094440	0.4574350895
786.1724036481	0.4632431364
787.1726978523	0.4603887694
788.1729920565	0.4587746423
789.1732862607	0.4503616301
790.1735804648	0.4510560242
791.1738746690	0.4610949403
792.1741688732	0.4654024770
793.1744630774	0.4521252197
794.1747572816	0.4579268986
795.1750514857	0.4563631261
796.1753456899	0.4637568900
797.1756398941	0.4646351902
798.1759340983	0.4637672234
799.1762283024	0.4661479096
800.1765225066	0.4617073336
801.1768167108	0.4642765687
802.1771109150	0.4621248109
803.1774051192	0.4612840143
804.1776993233	0.4623628792
805.1779935275	0.4617689085
806.1782877317	0.4622089287
807.1785819359	0.4703084156
808.1788761400	0.4680384124
809.1791703442	0.4645358265
810.1794645484	0.4639873030
811.1797587526	0.4627021049
812.1800529568	0.4642925213
813.1803471609	0.4695487333
814.1806413651	0.4673127150
815.1809355693	0.4641173550
816.1812297735	0.4604326481
817.1815239776	0.4572999513
818.1818181818	0.4591848253
819.1821123860	0.4609318158
820.1824065902	0.4638935302
821.1827007944	0.4644887791
822.1829949985	0.4598384158
823.1832892027	0.4607455763
824.1835834069	0.4622010210
825.1838776111	0.4623631464
826.1841718152	0.4583609740
827.1844660194	0.4596794899
828.1847602236	0.4667602914
829.1850544278	0.4715790873
830.1853486320	0.4723262223
831.1856428361	0.4700577690
832.1859370403	0.4672777229
833.1862312445	0.4707830258
834.1865254487	0.4673583560
835.1868196528	0.4705084630
836.1871138570	0.4789110409
837.1874080612	0.4802596004
838.1877022654	0.4785492839
839.1879964695	0.4731564417
840.1882906737	0.4752049480
841.1885848779	0.4766170815
842.1888790821	0.4792689063
843.1891732863	0.4778459544
844.1894674904	0.4699816674
845.1897616946	0.4756476992
846.1900558988	0.4799458593
847.1903501030	0.4823220647
848.1906443071	0.4810827958
849.1909385113	0.4773444606
850.1912327155	0.4735149953
851.1915269197	0.4728622077
852.1918211239	0.4798333145
853.1921153280	0.4773639137
854.1924095322	0.4782089620
855.1927037364	0.4773947461
856.1929979406	0.4738306991
857.1932921447	0.4731679426
858.1935863489	0.4790552702
859.1938805531	0.4771280499
860.1941747573	0.4725699251
861.1944689615	0.4725986999
862.1947631656	0.4686256993
863.1950573698	0.4683338598
864.1953515740	0.4700200539
865.1956457782	0.4643558763
866.1959399823	0.4629109420
867.1962341865	0.4663144670
868.1965283907	0.4691080219
869.1968225949	0.4684430644
870.1971167991	0.4676521443
871.1974110032	0.4666937437
872.1977052074	0.4664920363
873.1979994116	0.4700593572
874.1982936158	0.4684601598
875.1985878199	0.4680438749
876.1988820241	0.4661667056
877.1991762283	0.4639988481
878.1994704325	0.4637147118
879.1997646367	0.4677034967
880.2000588408	0.4685892000
881.2003530450	0.4620829361
882.2006472492	0.4580581085
883.2009414534	0.4552864411
884.2012356575	0.4521265187
885.2015298617	0.4561159447
886.2018240659	0.4623346081
887.2021182701	0.4614470828
888.2024124743	0.4575909440
889.2027066784	0.4568177977
890.2030008826	0.4564546771
891.2032950868	0.4515001863
892.2035892910	0.4565409231
893.2038834951	0.4582580592
894.2041776993	0.4606553379
895.2044719035	0.4575430657
896.2047661077	0.4595902150
897.2050603119	0.4697690339
898.2053545160	0.4715768712
899.2056487202	0.4706728100
900.2059429244	0.4720695520
901.2062371286	0.4736317433
902.2065313327	0.4758371590
903.2068255369	0.4764194476
904.2071197411	0.4779069779
905.2074139453	0.4846411207
906.2077081495	0.4923085241
907.2080023536	0.4956532360
908.2082965578	0.4921595931
909.2085907620	0.4952956197
910.2088849662	0.4998917902
911.2091791703	0.4958792508
912.2094733745	0.4851833176
913.2097675787	0.4873930380
914.2100617829	0.4841559632
915.2103559871	0.4746400880
916.2106501912	0.4750121216
917.2109443954	0.4747733960
918.2112385996	0.4724534606
919.2115328038	0.4712081527
920.2118270079	0.4693307018
921.2121212121	0.4615717593
922.2124154163	0.4577512721
923.2127096205	0.4565775093
924.2130038247	0.4562397633
925.2132980288	0.4557964017
926.2135922330	0.4543243516
927.2138864372	0.4526903657
928.2141806414	0.4552127098
929.2144748455	0.4571149343
930.2147690497	0.4506849009
931.2150632539	0.4433365995
932.2153574581	0.4424809791
933.2156516623	0.4459694220
934.2159458664	0.4494738586
935.2162400706	0.4516937815
936.2165342748	0.4496488979
937.2168284790	0.4519525322
938.2171226831	0.4550461812
939.2174168873	0.4545823177
940.2177110915	0.4517087608
941.2180052957	0.4506743465
942.2182994999	0.4519004914
943.2185937040	0.4541286075
944.2188879082	0.4535364998
945.2191821124	0.4518653603
946.2194763166	0.4550267283
947.2197705207	0.4561536195
948.2200647249	0.4540156057
949.2203589291	0.4558766560
950.2206531333	0.4533347930
951.2209473375	0.4502563592
952.2212415416	0.4545558491
953.2215357458	0.4603155996
954.2218299500	0.4611522118
955.2221241542	0.4557614547
956.2224183583	0.4486322665
957.2227125625	0.4507155726
958.2230067667	0.4549595934
959.2233009709	0.4535961770
960.2235951751	0.4517830889
961.2238893792	0.4509038384
962.2241835834	0.4459587715
963.2244777876	0.4410913485
964.2247719918	0.4438679153
965.2250661959	0.4461405441
966.2253604001	0.4367457680
967.2256546043	0.4328766445
968.2259488085	0.4363625392
969.2262430127	0.4373879050
970.2265372168	0.4349198178
971.2268314210	0.4326468592
972.2271256252	0.4363688104
973.2274198294	0.4367989829
974.2277140335	0.4342149468
975.2280082377	0.4308271886
976.2283024419	0.4297167815
977.2285966461	0.4307296164
978.2288908503	0.4277527134
979.2291850544	0.4314081044
980.2294792586	0.4294584202
981.2297734628	0.4275937157
982.2300676670	0.4251039909
983.2303618711	0.4258020352
984.2306560753	0.4282932810
985.2309502795	0.4275945136
986.2312444837	0.4279189059
987.2315386878	0.4220656316
988.2318328920	0.4261757076
989.2321270962	0.4293339971
990.2324213004	0.4279249891
991.2327155046	0.4264367098
992.2330097087	0.4262411349
993.2333039129	0.4260902035
994.2335981171	0.4289682630
995.2338923213	0.4233482710
996.2341865254	0.4245047644
997.2344807296	0.4282633205
998.2347749338	0.4268378425
999.2350691380	0.4256178140
1000.2353633422	0.4264352894
1001.2356575463	0.4236099461
1002.2359517505	0.4236775518
1003.2362459547	0.4278754417
1004.2365401589	0.4298417126
1005.2368343630	0.4265942953
1006.2371285672	0.4260071382
1007.2374227714	0.4300920011
1008.2377169756	0.4347374441
1009.2380111798	0.4324206484
1010.2383053839	0.4308991768
1011.2385995881	0.4297774544
1012.2388937923	0.4265699334
1013.2391879965	0.4283750631
1014.2394822006	0.4297333699
1015.2397764048	0.4268453838
1016.2400706090	0.4369692660
1017.2403648132	0.4323999275
1018.2406590174	0.4290367617
1019.2409532215	0.4386063126
1020.2412474257	0.4449822965
1021.2415416299	0.4448838630
1022.2418358341	0.4474625383
1023.2421300382	0.4536909209
1024.2424242424	0.4537534406
1025.2427184466	0.4610670914
1026.2430126508	0.4619108772
1027.2433068550	0.4670720608
1028.2436010591	0.4707486609
1029.2438952633	0.4698515073
1030.2441894675	0.4741427220
1031.2444836717	0.4822872276
1032.2447778758	0.4702436856
1033.2450720800	0.4841135178
1034.2453662842	0.4803738553
1035.2456604884	0.4743501987
1036.2459546926	0.4722328762
1037.2462488967	0.4790462093
1038.2465431009	0.4895708778
1039.2468373051	0.4748763308
1040.2471315093	0.4683233570
1041.2474257134	0.4723178616
1042.2477199176	0.4639074875
1043.2480141218	0.4625465834
1044.2483083260	0.4600752827
1045.2486025302	0.4563461996
1046.2488967343	0.4593668226
1047.2491909385	0.4624169925
1048.2494851427	0.4484967173
1049.2497793469	0.4515781147
1050.2500735510	0.4515365444
1051.2503677552	0.4521953144
1052.2506619594	0.4563293251
1053.2509561636	0.4632965048
1054.2512503678	0.4693096008
1055.2515445719	0.4716116653
1056.2518387761	0.4763904562
1057.2521329803	0.4871620498
1058.2524271845	0.4889715747
1059.2527213886	0.4933135560
1060.2530155928	0.4997398679
1061.2533097970	0.4976675053
1062.2536040012	0.4915786813
1063.2538982054	0.4936785267
1064.2541924095	0.4915472301
1065.2544866137	0.4777499038
1066.2547808179	0.4700310107
1067.2550750221	0.4673901083
1068.2553692262	0.4613301246
1069.2556634304	0.4525738572
1070.2559576346	0.4430955961
1071.2562518388	0.4435426124
1072.2565460430	0.4445668369
1073.2568402471	0.4405681277
1074.2571344513	0.4403033306
1075.2574286555	0.4371200129
1076.2577228597	0.4308982832
1077.2580170638	0.4292880435
1078.2583112680	0.4339886422
1079.2586054722	0.4362491651
1080.2588996764	0.4341694644
1081.2591938806	0.4321504893
1082.2594880847	0.4310935121
1083.2597822889	0.4328164602
1084.2600764931	0.4349972824
1085.2603706973	0.4334202218
1086.2606649014	0.4326190259
1087.2609591056	0.4435182237
1088.2612533098	0.4470413621
1089.2615475140	0.4448228390
1090.2618417182	0.4480520320
1091.2621359223	0.4543320174
1092.2624301265	0.4621043918
1093.2627243307	0.4706882388
1094.2630185349	0.4783700662
1095.2633127390	0.4841054101
1096.2636069432	0.4914434565
1097.2639011474	0.5126703707
1098.2641953516	0.5195968890
1099.2644895558	0.5314149616
1100.2647837599	0.5524651032
1101.2650779641	0.5695044819
1102.2653721683	0.5853468468
1103.2656663725	0.6001825946
1104.2659605766	0.5978355070
1105.2662547808	0.6077691789
1106.2665489850	0.6148148128
1107.2668431892	0.5971182864
1108.2671373934	0.5882895672
1109.2674315975	0.5660145701
1110.2677258017	0.5398581246
1111.2680200059	0.5180731362
1112.2683142101	0.4973001191
1113.2686084142	0.4793265692
1114.2689026184	0.4573773500
1115.2691968226	0.4517912101
1116.2694910268	0.4345027889
1117.2697852310	0.4236020277
1118.2700794351	0.4151905860
1119.2703736393	0.4107756011
1120.2706678435	0.4093010314
1121.2709620477	0.4057180007
1122.2712562518	0.4025755496
1123.2715504560	0.4017667995
1124.2718446602	0.4005737797
1125.2721388644	0.3999947967
1126.2724330685	0.4003296822
1127.2727272727	0.3981365299
1128.2730214769	0.3935909124
1129.2733156811	0.3963057721
1130.2736098853	0.3979963386
1131.2739040894	0.3923841355
1132.2741982936	0.3901288586
1133.2744924978	0.3878513461
1134.2747867020	0.3851430990
1135.2750809061	0.3846788468
1136.2753751103	0.3875072885
1137.2756693145	0.3892048954
1138.2759635187	0.3916831012
1139.2762577229	0.3888769703
1140.2765519270	0.3949448547
1141.2768461312	0.3967972437
1142.2771403354	0.3896933533
1143.2774345396	0.3875382480
1144.2777287437	0.3895346500
1145.2780229479	0.3919265743
1146.2783171521	0.3935738707
1147.2786113563	0.3883724835
1148.2789055605	0.3895952087
1149.2791997646	0.3832719187
1150.2794939688	0.3802684363
1151.2797881730	0.3831152906
1152.2800823772	0.3878674945
1153.2803765813	0.3894464099
1154.2806707855	0.3869335355
1155.2809649897	0.3871442277
1156.2812591939	0.3947746851
1157.2815533981	0.3878669511
1158.2818476022	0.3829417824
1159.2821418064	0.3894084744
1160.2824360106	0.3849480785
1161.2827302148	0.3847560340
1162.2830244189	0.3870175408
1163.2833186231	0.3871174091
1164.2836128273	0.3866495500
1165.2839070315	0.3866844452
1166.2842012357	0.3874304008
1167.2844954398	0.3893076743
1168.2847896440	0.3876194545
1169.2850838482	0.3855976792
1170.2853780524	0.3874535945
1171.2856722565	0.3844835020
1172.2859664607	0.3847043989
1173.2862606649	0.3888827528
1174.2865548691	0.3867378434
1175.2868490733	0.3864974920
1176.2871432774	0.3855693629
1177.2874374816	0.3771727526
1178.2877316858	0.3846437127
1179.2880258900	0.3813249049
1180.2883200941	0.3834986361
1181.2886142983	0.3868713627
1182.2889085025	0.3859591783
1183.2892027067	0.3849830813
1184.2894969109	0.3852716568
1185.2897911150	0.3851522008
1186.2900853192	0.3843509976
1187.2903795234	0.3811031538
1188.2906737276	0.3795829651
1189.2909679317	0.3842121317
1190.2912621359	0.3855183853
1191.2915563401	0.3828783389
1192.2918505443	0.3820308393
1193.2921447485	0.3860051868
1194.2924389526	0.3893516389
1195.2927331568	0.3827233850
1196.2930273610	0.3769336803
1197.2933215652	0.3777859325
1198.2936157693	0.3773402768
1199.2939099735	0.3781722386
1200.2942041777	0.3800148601
1201.2944983819	0.3779184720
1202.2947925861	0.3788233913
1203.2950867902	0.3788063094
1204.2953809944	0.3774054275
1205.2956751986	0.3762519711
1206.2959694028	0.3749805891
1207.2962636069	0.3777071013
1208.2965578111	0.3804099060
1209.2968520153	0.3761188890
1210.2971462195	0.3722970957
1211.2974404237	0.3767788346
1212.2977346278	0.3657905269
1213.2980288320	0.3728748349
1214.2983230362	0.3818611420
1215.2986172404	0.3778160378
1216.2989114445	0.3756136057
1217.2992056487	0.3682038571
1218.2994998529	0.3678804754
1219.2997940571	0.3752544019
1220.3000882613	0.3756937118
1221.3003824654	0.3710054731
1222.3006766696	0.3730150834
1223.3009708738	0.3697219456
1224.3012650780	0.3715650007
1225.3015592821	0.3770701879
1226.3018534863	0.3761464774
1227.3021476905	0.3777533491
1228.3024418947	0.3728652019
1229.3027360989	0.3671463151
1230.3030303030	0.3700975077
1231.3033245072	0.3683270488
1232.3036187114	0.3514789543
1233.3039129156	0.3544965220
1234.3042071197	0.3534690588
1235.3045013239	0.3430884130
1236.3047955281	0.3350964887
1237.3050897323	0.3286842827
1238.3053839365	0.3212870306
1239.3056781406	0.3150697444
1240.3059723448	0.3109819386
1241.3062665490	0.3071081873
1242.3065607532	0.3039777626
1243.3068549573	0.3005756750
1244.3071491615	0.2978999811
1245.3074433657	0.2981531062
1246.3077375699	0.3023956222
1247.3080317741	0.3014245572
1248.3083259782	0.3021843494
1249.3086201824	0.3079888914
1250.3089143866	0.3132245360
1251.3092085908	0.3139276270
1252.3095027949	0.3159055809
1253.3097969991	0.3187187586
1254.3100912033	0.3206457528
1255.3103854075	0.3237642570
1256.3106796117	0.3248430105
1257.3109738158	0.3299717896
1258.3112680200	0.3376038094
1259.3115622242	0.3444394419
1260.3118564284	0.3458377688
1261.3121506325	0.3460497592
1262.3124448367	0.3466103661
1263.3127390409	0.3494693967
1264.3130332451	0.3559077583
1265.3133274492	0.3608818884
1266.3136216534	0.3672135424
1267.3139158576	0.3684874200
1268.3142100618	0.3712540919
1269.3145042660	0.3787108356
1270.3147984701	0.3851354187
1271.3150926743	0.3890199558
1272.3153868785	0.3933681174
1273.3156810827	0.3964609300
1274.3159752868	0.3954342709
1275.3162694910	0.4004235922
1276.3165636952	0.4059760289
1277.3168578994	0.4096120801
1278.3171521036	0.4097096521
1279.3174463077	0.4081219058
1280.3177405119	0.4108164518
1281.3180347161	0.4119576448
1282.3183289203	0.4086366567
1283.3186231244	0.4082825063
1284.3189173286	0.4022904164
1285.3192115328	0.4008406225
1286.3195057370	0.3904514702
1287.3197999412	0.3997219047
1288.3200941453	0.3979298830
1289.3203883495	0.3944816414
1290.3206825537	0.3982947008
1291.3209767579	0.4054976412
1292.3212709620	0.4082651785
1293.3215651662	0.4097049539
1294.3218593704	0.4212686272
1295.3221535746	0.4309233115
1296.3224477788	0.4252175485
1297.3227419829	0.4335532078
1298.3230361871	0.4363906630
1299.3233303913	0.4382875488
1300.3236245955	0.4341823224
1301.3239187996	0.4353704801
1302.3242130038	0.4306560723
1303.3245072080	0.4186094206
1304.3248014122	0.4113078953
1305.3250956164	0.4053173802
1306.3253898205	0.4028162467
1307.3256840247	0.3962673655
1308.3259782289	0.3853607798
1309.3262724331	0.3804504157
1310.3265666372	0.3831352050
1311.3268608414	0.3788473247
1312.3271550456	0.3766595597
1313.3274492498	0.3837203244
1314.3277434540	0.3828764134
1315.3280376581	0.3760741747
1316.3283318623	0.3742388595
1317.3286260665	0.3697979383
1318.3289202707	0.3646375822
1319.3292144748	0.3570258090
1320.3295086790	0.3561473263
1321.3298028832	0.3591322665
1322.3300970874	0.3598660506
1323.3303912916	0.3580403608
1324.3306854957	0.3579872909
1325.3309796999	0.3536812523
1326.3312739041	0.3504355009
1327.3315681083	0.3498550412
1328.3318623124	0.3572800174
1329.3321565166	0.3582249863
1330.3324507208	0.3580079891
1331.3327449250	0.3586348002
1332.3330391292	0.3559784751
1333.3333333333	0.3531970602
1334.3336275375	0.3520069136
1335.3339217417	0.3526077318
1336.3342159459	0.3567077197
1337.3345101500	0.3573578115
1338.3348043542	0.3491969437
1339.3350985584	0.3582365521
1340.3353927626	0.3640032877
1341.3356869668	0.3646396880
1342.3359811709	0.3625939873
1343.3362753751	0.3562274778
1344.3365695793	0.3575915072
1345.3368637835	0.3629019742
1346.3371579876	0.3603389352
1347.3374521918	0.3623637155
1348.3377463960	0.3654048403
1349.3380406002	0.3568371915
1350.3383348044	0.3606778684
1351.3386290085	0.3575932962
1352.3389232127	0.3500411035
1353.3392174169	0.3439440067
1354.3395116211	0.3405803389
1355.3398058252	0.3407997859
1356.3401000294	0.3440351778
1357.3403942336	0.3490592059
1358.3406884378	0.3524016904
1359.3409826420	0.3491092542
1360.3412768461	0.3464502156
1361.3415710503	0.3466160838
1362.3418652545	0.3467606778
1363.3421594587	0.3439453571
1364.3424536628	0.3425489056
1365.3427478670	0.3413564578
1366.3430420712	0.3406803049
1367.3433362754	0.3396377079
1368.3436304796	0.3404723079
1369.3439246837	0.3432720769
1370.3442188879	0.3488271659
1371.3445130921	0.3539112712
1372.3448072963	0.3462700732
1373.3451015004	0.3493613119
1374.3453957046	0.3529895610
1375.3456899088	0.3553245826
1376.3459841130	0.3589113608
1377.3462783172	0.3625782493
1378.3465725213	0.3657066895
1379.3468667255	0.3636948369
1380.3471609297	0.3565408054
1381.3474551339	0.3547507372
1382.3477493380	0.3492155792
1383.3480435422	0.3408847318
1384.3483377464	0.3394161855
1385.3486319506	0.3400732454
1386.3489261548	0.3398225775
1387.3492203589	0.3390841181
1388.3495145631	0.3421568190
1389.3498087673	0.3444852539
1390.3501029715	0.3459117036
1391.3503971756	0.3506631826
1392.3506913798	0.3548009630
1393.3509855840	0.3564653030
1394.3512797882	0.3605673418
1395.3515739924	0.3615946036
1396.3518681965	0.3633426493
1397.3521624007	0.3664616949
1398.3524566049	0.3663499137
1399.3527508091	0.3695444532
1400.3530450132	0.3792270884
1401.3533392174	0.3834048660
1402.3536334216	0.3834747693
1403.3539276258	0.3873333437
1404.3542218300	0.3920452546
1405.3545160341	0.4010647347
1406.3548102383	0.4089887971
1407.3551044425	0.4203882768
1408.3553986467	0.4237474301
1409.3556928508	0.4410870436
1410.3559870550	0.4567415624
1411.3562812592	0.4525451108
1412.3565754634	0.4453442357
1413.3568696675	0.4476436987
1414.3571638717	0.4546127422
1415.3574580759	0.4539016847
1416.3577522801	0.4458275052
1417.3580464843	0.4410641766
1418.3583406884	0.4368073016
1419.3586348926	0.4362493402
1420.3589290968	0.4367052966
1421.3592233010	0.4285573349
1422.3595175051	0.4333730892
1423.3598117093	0.4447166922
1424.3601059135	0.4440714389
1425.3604001177	0.4438348634
1426.3606943219	0.4597997074
1427.3609885260	0.4799298401
1428.3612827302	0.4890974878
1429.3615769344	0.4954360276
1430.3618711386	0.5144375691
1431.3621653427	0.5404903511
1432.3624595469	0.5535496933
1433.3627537511	0.5608872915
1434.3630479553	0.5696057574
1435.3633421595	0.5805635423
1436.3636363636	0.5837543751
1437.3639305678	0.5790336353
1438.3642247720	0.5661461618
1439.3645189762	0.5597274652
1440.3648131803	0.5571240792
1441.3651073845	0.5482884835
1442.3654015887	0.5358135153
1443.3656957929	0.5259777663
1444.3659899971	0.5164483885
1445.3662842012	0.5086910574
1446.3665784054	0.5040463536
1447.3668726096	0.4948115499
1448.3671668138	0.4881988734
1449.3674610179	0.4862244542
1450.3677552221	0.4803393031
1451.3680494263	0.4742573088
1452.3683436305	0.4757757094
1453.3686378347	0.4819408721
1454.3689320388	0.4850655548
1455.3692262430	0.4869541705
1456.3695204472	0.4912761819
1457.3698146514	0.4876184265
1458.3701088555	0.4885077417
1459.3704030597	0.4814024266
1460.3706972639	0.4807474282
1461.3709914681	0.4834138167
1462.3712856723	0.4860514367
1463.3715798764	0.4799408798
1464.3718740806	0.4742702132
1465.3721682848	0.4760149731
1466.3724624890	0.4770442827
1467.3727566931	0.4731952066
1468.3730508973	0.4656177041
1469.3733451015	0.4552499954
1470.3736393057	0.4700184299
1471.3739335099	0.4702361424
1472.3742277140	0.4667803059
1473.3745219182	0.4593762953
1474.3748161224	0.4596507804
1475.3751103266	0.4519229300
1476.3754045307	0.4476833410
1477.3756987349	0.4367844649
1478.3759929391	0.4256001571
1479.3762871433	0.4215602217
1480.3765813475	0.4200645940
1481.3768755516	0.4148651906
1482.3771697558	0.4054297395
1483.3774639600	0.3942447455
1484.3777581642	0.3893235959
1485.3780523683	0.3946456072
1486.3783465725	0.3889712939
1487.3786407767	0.3803341682
1488.3789349809	0.3775494762
1489.3792291851	0.3720961578
1490.3795233892	0.3717753326
1491.3798175934	0.3718834834
1492.3801117976	0.3705227218
1493.3804060018	0.3719856722
1494.3807002059	0.3756867337
1495.3809944101	0.3728225456
1496.3812886143	0.3719323094
1497.3815828185	0.3808844228
1498.3818770227	0.3868338130
1499.3821712268	0.3905430526
1500.3824654310	0.3858602613
1501.3827596352	0.3909265047
1502.3830538394	0.3974065132
1503.3833480435	0.3992348063
1504.3836422477	0.4002462486
1505.3839364519	0.3997257051
1506.3842306561	0.3964358303
1507.3845248603	0.3935579361
1508.3848190644	0.3961533233
1509.3851132686	0.3955636804
1510.3854074728	0.3865053252
1511.3857016770	0.3879527498
1512.3859958811	0.3947590302
1513.3862900853	0.3960475361
1514.3865842895	0.3890586885
1515.3868784937	0.3821537098
1516.3871726979	0.3856651338
1517.3874669020	0.3828841253
1518.3877611062	0.3837203840
1519.3880553104	0.3829607285
1520.3883495146	0.3808479365
1521.3886437187	0.3790878703
1522.3889379229	0.3772135538
1523.3892321271	0.3762955256
1524.3895263313	0.3730656270
1525.3898205355	0.3716213319
1526.3901147396	0.3816129035
1527.3904089438	0.3908586668
1528.3907031480	0.3929624224
1529.3909973522	0.3965374524
1530.3912915563	0.3993166282
1531.3915857605	0.4083168548
1532.3918799647	0.4018460505
1533.3921741689	0.4078144387
1534.3924683731	0.4061424337
1535.3927625772	0.4015706926
1536.3930567814	0.4032888068
1537.3933509856	0.4027167385
1538.3936451898	0.3958135528
1539.3939393939	0.3955433773
1540.3942335981	0.4034520886
1541.3945278023	0.4005274740
1542.3948220065	0.3876024241
1543.3951162107	0.3879354211
1544.3954104148	0.3885880226
1545.3957046190	0.3884223320
1546.3959988232	0.3765720417
1547.3962930274	0.3951069412
1548.3965872315	0.4078049402
1549.3968814357	0.4015539663
1550.3971756399	0.4066454618
1551.3974698441	0.4051718515
1552.3977640482	0.4047940927
1553.3980582524	0.4088599706
1554.3983524566	0.4095647555
1555.3986466608	0.4037128672
1556.3989408650	0.3994509657
1557.3992350691	0.4000762950
1558.3995292733	0.3990534634
1559.3998234775	0.3970906831
1560.4001176817	0.3932236462
1561.4004118858	0.3916873871
1562.4007060900	0.3964635580
1563.4010002942	0.3971721937
1564.4012944984	0.3979373643
1565.4015887026	0.3941471999
1566.4018829067	0.3959080296
1567.4021771109	0.3976596080
1568.4024713151	0.4009860815
1569.4027655193	0.4057999941
1570.4030597234	0.4146558641
1571.4033539276	0.4248072768
1572.4036481318	0.4317980120
1573.4039423360	0.4381869140
1574.4042365402	0.4495049553
1575.4045307443	0.4582772886
1576.4048249485	0.4558113953
1577.4051191527	0.4547738471
1578.4054133569	0.4608401382
1579.4057075610	0.4599560625
1580.4060017652	0.4618593980
1581.4062959694	0.4578477069
1582.4065901736	0.4525468325
1583.4068843778	0.4463878064
1584.4071785819	0.4400519657
1585.4074727861	0.4354660656
1586.4077669903	0.4290223595
1587.4080611945	0.4240547913
1588.4083553986	0.4217482193
1589.4086496028	0.4235831206
1590.4089438070	0.4273798333
1591.4092380112	0.4259414014
1592.4095322154	0.4305150859
1593.4098264195	0.4179473096
1594.4101206237	0.4283124217
1595.4104148279	0.4441462863
1596.4107090321	0.4420258922
1597.4110032362	0.4482053471
1598.4112974404	0.4515397682
1599.4115916446	0.4570918299
1600.4118858488	0.4617063713
1601.4121800530	0.4591164327
1602.4124742571	0.4677267246
1603.4127684613	0.4617664898
1604.4130626655	0.4569821897
1605.4133568697	0.4591780020
1606.4136510738	0.4620659901
1607.4139452780	0.4593589876
1608.4142394822	0.4537987748
1609.4145336864	0.4550360933
1610.4148278906	0.4558382563
1611.4151220947	0.4515322593
1612.4154162989	0.4474255820
1613.4157105031	0.4447600410
1614.4160047073	0.4345179704
1615.4162989114	0.4356080651
1616.4165931156	0.4397813544
1617.4168873198	0.4347148237
1618.4171815240	0.4393874691
1619.4174757282	0.4446354758
1620.4177699323	0.4471443658
1621.4180641365	0.4459789439
1622.4183583407	0.4487915221
1623.4186525449	0.4549646614
1624.4189467490	0.4564605186
1625.4192409532	0.4526373603
1626.4195351574	0.4522474361
1627.4198293616	0.4546045083
1628.4201235658	0.4529105863
1629.4204177699	0.4550923679
1630.4207119741	0.4581060972
1631.4210061783	0.4565461239
1632.4213003825	0.4623665023
1633.4215945866	0.4620545659
1634.4218887908	0.4614959114
1635.4221829950	0.4659163825
1636.4224771992	0.4595460017
1637.4227714034	0.4516131420
1638.4230656075	0.4561734502
1639.4233598117	0.4617113573
1640.4236540159	0.4577903900
1641.4239482201	0.4582617594
1642.4242424242	0.4607414789
1643.4245366284	0.4590634426
1644.4248308326	0.4596014704
1645.4251250368	0.4643880897
1646.4254192410	0.4692091796
1647.4257134451	0.4712784915
1648.4260076493	0.4728567271
1649.4263018535	0.4750870087
1650.4265960577	0.4733412346
1651.4268902618	0.4743641568
1652.4271844660	0.4755800375
1653.4274786702	0.4746566122
1654.4277728744	0.4812087150
1655.4280670786	0.4766932516
1656.4283612827	0.4809529743
1657.4286554869	0.4869527337
1658.4289496911	0.4894964634
1659.4292438953	0.4825660018
1660.4295380994	0.4812067028
1661.4298323036	0.4860746301
1662.4301265078	0.4820221296
1663.4304207120	0.4729154668
1664.4307149162	0.4793438308
1665.4310091203	0.4822390323
1666.4313033245	0.4838351005
1667.4315975287	0.4914270465
1668.4318917329	0.4886851245
1669.4321859370	0.4831818922
1670.4324801412	0.4854833586
1671.4327743454	0.4797550439
1672.4330685496	0.4798699008
1673.4333627538	0.4907128420
1674.4336569579	0.4869857268
1675.4339511621	0.4917419323
1676.4342453663	0.4962147445
1677.4345395705	0.5137176152
1678.4348337746	0.5030915670
1679.4351279788	0.5004577083
1680.4354221830	0.4970989800
1681.4357163872	0.5040293621
1682.4360105914	0.5039315702
1683.4363047955	0.5013013903
1684.4365989997	0.5007435492
1685.4368932039	0.5011965009
1686.4371874081	0.5024319504
1687.4374816122	0.4975632063
1688.4377758164	0.4957301241
1689.4380700206	0.4977849939
1690.4383642248	0.4982126330
1691.4386584289	0.4984433311
1692.4389526331	0.4987433870
1693.4392468373	0.5022333853
1694.4395410415	0.5063773759
1695.4398352457	0.5094727784
1696.4401294498	0.5148466873
1697.4404236540	0.5203407240
1698.4407178582	0.5173448840
1699.4410120624	0.5206539899
1700.4413062665	0.5223713847
1701.4416004707	0.5178770088
1702.4418946749	0.5160104258
1703.4421888791	0.5158633557
1704.4424830833	0.5170716898
1705.4427772874	0.5150239497
1706.4430714916	0.5130514664
1707.4433656958	0.5163205703
1708.4436599000	0.5171001312
1709.4439541041	0.5163943545
1710.4442483083	0.5266058297
1711.4445425125	0.5411655264
1712.4448367167	0.5568400543
1713.4451309209	0.5741735870
1714.4454251250	0.5877111064
1715.4457193292	0.5887772368
1716.4460135334	0.5911581675
1717.4463077376	0.6077853394
1718.4466019417	0.6123657642
1719.4468961459	0.6060148539
1720.4471903501	0.6001152504
1721.4474845543	0.5863638711
1722.4477787585	0.5744837897
1723.4480729626	0.5698797850
1724.4483671668	0.5596141569
1725.4486613710	0.5562918281
1726.4489555752	0.5468976414
1727.4492497793	0.5557861957
1728.4495439835	0.5460808136
1729.4498381877	0.5510184659
1730.4501323919	0.5526824713
1731.4504265961	0.5555295641
1732.4507208002	0.5563675764
1733.4510150044	0.5407041817
1734.4513092086	0.5492307358
1735.4516034128	0.5470014925
1736.4518976169	0.5482077712
1737.4521918211	0.5455035005
1738.4524860253	0.5452470170
1739.4527802295	0.5414898175
1740.4530744337	0.5372068205
1741.4533686378	0.5402358811
1742.4536628420	0.5459852609
1743.4539570462	0.5412839297
1744.4542512504	0.5380701707
1745.4545454545	0.5448137575
1746.4548396587	0.5422509542
1747.4551338629	0.5341705357
1748.4554280671	0.5388716157
1749.4557222713	0.5438173793
1750.4560164754	0.5365722560
1751.4563106796	0.5365105190
1752.4566048838	0.5371132638
1753.4568990880	0.5358804567
1754.4571932921	0.5336900191
1755.4574874963	0.5346199665
1756.4577817005	0.5395968622
1757.4580759047	0.5385036464
1758.4583701089	0.5436026765
1759.4586643130	0.5476952841
1760.4589585172	0.5448820009
1761.4592527214	0.5463759879
1762.4595469256	0.5501164287
1763.4598411297	0.5517777823
1764.4601353339	0.5484094971
1765.4604295381	0.5395233958
1766.4607237423	0.5387884554
1767.4610179465	0.5397164895
1768.4613121506	0.5386827424
1769.4616063548	0.5395361208
1770.4619005590	0.5408361956
1771.4621947632	0.5352750777
1772.4624889673	0.5339190991
1773.4627831715	0.5367232197
1774.4630773757	0.5352093147
1775.4633715799	0.5341490238
1776.4636657841	0.5379405522
1777.4639599882	0.5483426747
1778.4642541924	0.5528858709
1779.4645483966	0.5512847802
1780.4648426008	0.5462857840
1781.4651368049	0.5506183504
1782.4654310091	0.5553252183
1783.4657252133	0.5518452145
1784.4660194175	0.5533425666
1785.4663136217	0.5543384017
1786.4666078258	0.5541225026
1787.4669020300	0.5602485676
1788.4671962342	0.5506035866
1789.4674904384	0.5550097314
1790.4677846425	0.5454090536
1791.4680788467	0.5553602019
1792.4683730509	0.5605401242
1793.4686672551	0.5627107619
1794.4689614593	0.5635423588
1795.4692556634	0.5440804986
1796.4695498676	0.5512941289
1797.4698440718	0.5578892170
1798.4701382760	0.5595936867
1799.4704324801	0.5535470513
1800.4707266843	0.5466770543
1801.4710208885	0.5417620962
1802.4713150927	0.5468143056
1803.4716092969	0.5463109335
1804.4719035010	0.5363239780
1805.4721977052	0.5299067395
1806.4724919094	0.5292890488
1807.4727861136	0.5275823115
1808.4730803177	0.5225374503
1809.4733745219	0.5208124629
1810.4736687261	0.5247782602
1811.4739629303	0.5239658499
1812.4742571345	0.5216905726
1813.4745513386	0.5277312610
1814.4748455428	0.5361757917
1815.4751397470	0.5387464866
1816.4754339512	0.5356152036
1817.4757281553	0.5373897326
1818.4760223595	0.5462666797
1819.4763165637	0.5525332825
1820.4766107679	0.5526456267
1821.4769049721	0.5533237112
1822.4771991762	0.5515649645
1823.4774933804	0.5486937125
1824.4777875846	0.5538030263
1825.4780817888	0.5523881300
1826.4783759929	0.5481475745
1827.4786701971	0.5479959644
1828.4789644013	0.5397916625
1829.4792586055	0.5312070758
1830.4795528097	0.5363803230
1831.4798470138	0.5371865711
1832.4801412180	0.5296112289
1833.4804354222	0.5300291754
1834.4807296264	0.5255791784
1835.4810238305	0.5057493784
1836.4813180347	0.4926955378
1837.4816122389	0.4883942487
1838.4819064431	0.4789259260
1839.4822006472	0.4473641478
1840.4824948514	0.4450295375
1841.4827890556	0.4422139388
1842.4830832598	0.4224744938
1843.4833774640	0.4114123356
1844.4836716681	0.4031205449
1845.4839658723	0.3931032165
1846.4842600765	0.3809880975
1847.4845542807	0.3849767624
1848.4848484848	0.3720914401
1849.4851426890	0.3678459513
1850.4854368932	0.3657438395
1851.4857310974	0.3644319839
1852.4860253016	0.3587048374
1853.4863195057	0.3524664282
1854.4866137099	0.3445761378
1855.4869079141	0.3383803253
1856.4872021183	0.3382274273
1857.4874963224	0.3334456286
1858.4877905266	0.3308157542
1859.4880847308	0.3354142722
1860.4883789350	0.3387819985
1861.4886731392	0.3378196037
1862.4889673433	0.3363592918
1863.4892615475	0.3422975361
1864.4895557517	0.3459759599
1865.4898499559	0.3495978304
1866.4901441600	0.3635138070
1867.4904383642	0.3734309931
1868.4907325684	0.3729445508
1869.4910267726	0.3737160856
1870.4913209768	0.3837870531
1871.4916151809	0.3917331526
1872.4919093851	0.3890503441
1873.4922035893	0.3774727565
1874.4924977935	0.3688545450
1875.4927919976	0.3655596467
1876.4930862018	0.3559939599
1877.4933804060	0.3385248949
1878.4936746102	0.3235595477
1879.4939688144	0.3153392888
1880.4942630185	0.3031480050
1881.4945572227	0.3034107855
1882.4948514269	0.3091793107
1883.4951456311	0.3148561470
1884.4954398352	0.3245128509
1885.4957340394	0.3302576269
1886.4960282436	0.3364966985
1887.4963224478	0.3495055546
1888.4966166520	0.3599740203
1889.4969108561	0.3609718290
1890.4972050603	0.3595273486
1891.4974992645	0.3505269846
1892.4977934687	0.3336235386
1893.4980876728	0.3326857173
1894.4983818770	0.3300529762
1895.4986760812	0.3283024452
1896.4989702854	0.3212475939
1897.4992644896	0.3310820922
1898.4995586937	0.3263909054
1899.4998528979	0.3367910839
1900.5001471021	0.3416366059
1901.5004413063	0.3421729019
1902.5007355104	0.3470610042
1903.5010297146	0.3386113532
1904.5013239188	0.3419166844
1905.5016181230	0.3427857688
1906.5019123272	0.3343769203
1907.5022065313	0.3334654252
1908.5025007355	0.3244821690
1909.5027949397	0.3298763945
1910.5030891439	0.3242679081
1911.5033833480	0.3256848713
1912.5036775522	0.3261209076
1913.5039717564	0.3284162524
1914.5042659606	0.3321181824
1915.5045601648	0.3408691667
1916.5048543689	0.3376710912
1917.5051485731	0.3465173834
1918.5054427773	0.3491173801
1919.5057369815	0.3624858244
1920.5060311856	0.3765960401
1921.5063253898	0.3832362481
1922.5066195940	0.3971247375
1923.5069137982	0.4101310004
1924.5072080024	0.4285283356
1925.5075022065	0.4466031765
1926.5077964107	0.4595907434
1927.5080906149	0.4721530285
1928.5083848191	0.4927028070
1929.5086790232	0.5077874424
1930.5089732274	0.5205544034
1931.5092674316	0.5327296152
1932.5095616358	0.5492358673
1933.5098558400	0.5549663737
1934.5101500441	0.5583540344
1935.5104442483	0.5594330053
1936.5107384525	0.5570902031
1937.5110326567	0.5495551441
1938.5113268608	0.5448473683
1939.5116210650	0.5393017199
1940.5119152692	0.5348312557
1941.5122094734	0.5347445938
1942.5125036776	0.5381304613
1943.5127978817	0.5393621615
1944.5130920859	0.5455010048
1945.5133862901	0.5553172838
1946.5136804943	0.5577105497
1947.5139746984	0.5554542729
1948.5142689026	0.5601878281
1949.5145631068	0.5644533290
1950.5148573110	0.5634198245
1951.5151515152	0.5618835161
1952.5154457193	0.5608066353
1953.5157399235	0.5530949167
1954.5160341277	0.5398924287
1955.5163283319	0.5385150714
1956.5166225360	0.5416548511
1957.5169167402	0.5344728246
1958.5172109444	0.5355310342
1959.5175051486	0.5390422381
1960.5177993528	0.5394321520
1961.5180935569	0.5347387548
1962.5183877611	0.5343970040
1963.5186819653	0.5367468183
1964.5189761695	0.5241341863
1965.5192703736	0.5162269351
1966.5195645778	0.5044276714
1967.5198587820	0.4912053424
1968.5201529862	0.4768583980
1969.5204471904	0.4493517504
1970.5207413945	0.4287610486
1971.5210355987	0.4019359074
1972.5213298029	0.3794002229
1973.5216240071	0.3748006996
1974.5219182112	0.3655775241
1975.5222124154	0.3637612884
1976.5225066196	0.3697192895
1977.5228008238	0.3826395752
1978.5230950279	0.3908612277
1979.5233892321	0.4089057915
1980.5236834363	0.4172225951
1981.5239776405	0.4327952322
1982.5242718447	0.4395927786
1983.5245660488	0.4411148486
1984.5248602530	0.4420378195
1985.5251544572	0.4421341259
1986.5254486614	0.4309793894
1987.5257428655	0.4256110382
1988.5260370697	0.4251257550
1989.5263312739	0.4190327271
1990.5266254781	0.4089450593
1991.5269196823	0.4103497151
1992.5272138864	0.4054386741
1993.5275080906	0.4078487003
1994.5278022948	0.4122017060
1995.5280964990	0.4259194868
1996.5283907031	0.4321590312
1997.5286849073	0.4372784540
1998.5289791115	0.4442805379
1999.5292733157	0.4541801097
2000.5295675199	0.4556666620
2001.5298617240	0.4577338663
2002.5301559282	0.4588888883
2003.5304501324	0.4582069971
2004.5307443366	0.4457137110
2005.5310385407	0.4317526338
2006.5313327449	0.4181912494
2007.5316269491	0.4055687337
2008.5319211533	0.4015220897
2009.5322153575	0.3985652419
2010.5325095616	0.3983130128
2011.5328037658	0.4030498421
2012.5330979700	0.4143676431
2013.5333921742	0.4217223598
2014.5336863783	0.4337105500
2015.5339805825	0.4455609388
2016.5342747867	0.4611194605
2017.5345689909	0.4706613874
2018.5348631951	0.4756231021
2019.5351573992	0.4787396829
2020.5354516034	0.4722871296
2021.5357458076	0.4668455922
2022.5360400118	0.4680316209
2023.5363342159	0.4597245563
2024.5366284201	0.4561468530
2025.5369226243	0.4419310178
2026.5372168285	0.4300943679
2027.5375110327	0.4165858957
2028.5378052368	0.4125560059
2029.5380994410	0.4089552791
2030.5383936452	0.3962666712
2031.5386878494	0.4062939094
2032.5389820535	0.4222688512
2033.5392762577	0.4230051087
2034.5395704619	0.4432817277
2035.5398646661	0.4649965642
2036.5401588703	0.4714603024
2037.5404530744	0.4949608091
2038.5407472786	0.5096513995
2039.5410414828	0.5165283860
2040.5413356870	0.5229652037
2041.5416298911	0.5257073676
2042.5419240953	0.5255824223
2043.5422182995	0.5170324426
2044.5425125037	0.5085603656
2045.5428067079	0.5023647775
2046.5431009120	0.4859588691
2047.5433951162	0.4722984738
2048.5436893204	0.4544693120
2049.5439835246	0.4388969794
2050.5442777287	0.4147328314
2051.5445719329	0.3952324077
2052.5448661371	0.3775153194
2053.5451603413	0.3566304988
2054.5454545455	0.3489503746
2055.5457487496	0.3487667168
2056.5460429538	0.3530684514
2057.5463371580	0.3601796496
2058.5466313622	0.3730409894
2059.5469255663	0.3976470948
2060.5472197705	0.4229298181
2061.5475139747	0.4450091937
2062.5478081789	0.4732848194
2063.5481023831	0.4980056358
2064.5483965872	0.5155418663
2065.5486907914	0.5351969330
2066.5489849956	0.5525934088
2067.5492791998	0.5611554089
2068.5495734039	0.5651924629
2069.5498676081	0.5665973475
2070.5501618123	0.5631148207
2071.5504560165	0.5573047910
2072.5507502207	0.5499715605
2073.5510444248	0.5345626584
2074.5513386290	0.5118494442
2075.5516328332	0.4920725978
2076.5519270374	0.4646049356
2077.5522212415	0.4383421110
2078.5525154457	0.4222337780
2079.5528096499	0.4105688169
2080.5531038541	0.3978829827
2081.5533980583	0.3817407474
2082.5536922624	0.3719538178
2083.5539864666	0.3631547772
2084.5542806708	0.3756178828
2085.5545748750	0.3930046481
2086.5548690791	0.4113009478
2087.5551632833	0.4248890080
2088.5554574875	0.4368365609
2089.5557516917	0.4607694514
2090.5560458959	0.4786174535
2091.5563401000	0.5030936589
2092.5566343042	0.5163548424
2093.5569285084	0.5263502003
2094.5572227126	0.5379070299
2095.5575169167	0.5531629819
2096.5578111209	0.5451337991
2097.5581053251	0.5373706076
2098.5583995293	0.5188859607
2099.5586937335	0.5048929956
2100.5589879376	0.4874769126
2101.5592821418	0.4702652727
2102.5595763460	0.4600505874
2103.5598705502	0.4460668827
2104.5601647543	0.4301534821
2105.5604589585	0.4269798814
2106.5607531627	0.4360724506
2107.5610473669	0.4499349823
2108.5613415711	0.4613630935
2109.5616357752	0.4702321235
2110.5619299794	0.4818659237
2111.5622241836	0.4901733121
2112.5625183878	0.4976813057
2113.5628125919	0.4952307680
2114.5631067961	0.4921526261
2115.5634010003	0.4898056220
2116.5636952045	0.4783607417
2117.5639894086	0.4693144099
2118.5642836128	0.4645906347
2119.5645778170	0.4694960971
2120.5648720212	0.4695345025
2121.5651662254	0.4724008019
2122.5654604295	0.4809672443
2123.5657546337	0.4912387930
2124.5660488379	0.5006022650
2125.5663430421	0.5055896787
2126.5666372462	0.5068773199
2127.5669314504	0.5021066195
2128.5672256546	0.4926513647
2129.5675198588	0.4916684782
2130.5678140630	0.4825114546
2131.5681082671	0.4778258442
2132.5684024713	0.4864437142
2133.5686966755	0.4972506798
2134.5689908797	0.5116581266
2135.5692850838	0.5267988262
2136.5695792880	0.5420134306
2137.5698734922	0.5567330842
2138.5701676964	0.5788168367
2139.5704619006	0.5995877397
2140.5707561047	0.6146077895
2141.5710503089	0.6262916980
2142.5713445131	0.6235153838
2143.5716387173	0.6277634700
2144.5719329214	0.6224012813
2145.5722271256	0.6145428867
2146.5725213298	0.6097768448
2147.5728155340	0.6066394495
2148.5731097382	0.5991276724
2149.5734039423	0.6001412423
2150.5736981465	0.6046385627
2151.5739923507	0.6014120428
2152.5742865549	0.6023582276
2153.5745807590	0.6006730449
2154.5748749632	0.5993161200
2155.5751691674	0.6016854516
2156.5754633716	0.6019208757
2157.5757575758	0.5987261954
2158.5760517799	0.5851471746
2159.5763459841	0.5962863029
2160.5766401883	0.5839896196
2161.5769343925	0.5922587514
2162.5772285966	0.5845168595
2163.5775228008	0.5990685958
2164.5778170050	0.6065003737
2165.5781112092	0.6225030900
2166.5784054134	0.6251884722
2167.5786996175	0.6372411276
2168.5789938217	0.6569053092
2169.5792880259	0.6789318419
2170.5795822301	0.6822144704
2171.5798764342	0.6889827543
2172.5801706384	0.6965290810
2173.5804648426	0.6948518476
2174.5807590468	0.6897007879
2175.5810532510	0.6869834504
2176.5813474551	0.6822978468
2177.5816416593	0.6724198907
2178.5819358635	0.6616580411
2179.5822300677	0.6506061589
2180.5825242718	0.6528054767
2181.5828184760	0.6502548645
2182.5831126802	0.6451489888
2183.5834068844	0.6392875876
2184.5837010886	0.6280816193
2185.5839952927	0.6230974914
2186.5842894969	0.6235561538
2187.5845837011	0.6226844655
2188.5848779053	0.6169625240
2189.5851721094	0.6166011032
2190.5854663136	0.6123124704
2191.5857605178	0.6068045646
2192.5860547220	0.6094626225
2193.5863489262	0.6172701117
2194.5866431303	0.6102898310
2195.5869373345	0.6100906326
2196.5872315387	0.6163273394
2197.5875257429	0.6197823575
2198.5878199470	0.6215817505
2199.5881141512	0.6251191778
2200.5884083554	0.6273833006
2201.5887025596	0.6224645148
2202.5889967638	0.6192245172
2203.5892909679	0.6229111882
2204.5895851721	0.6234759752
2205.5898793763	0.6187156453
2206.5901735805	0.6120340473
2207.5904677846	0.6056852693
2208.5907619888	0.6077289558
2209.5910561930	0.6131948098
2210.5913503972	0.6091656356
2211.5916446014	0.5931744172
2212.5919388055	0.5976315251
2213.5922330097	0.5893824024
2214.5925272139	0.5865640163
2215.5928214181	0.5972003142
2216.5931156222	0.6043997495
2217.5934098264	0.5884218282
2218.5937040306	0.5997007722
2219.5939982348	0.6030733730
2220.5942924390	0.6034620319
2221.5945866431	0.6057949404
2222.5948808473	0.6096374339
2223.5951750515	0.6109448051
2224.5954692557	0.6081661564
2225.5957634598	0.6109805064
2226.5960576640	0.6039742245
2227.5963518682	0.6090410686
2228.5966460724	0.6146078500
2229.5969402766	0.6151310316
2230.5972344807	0.6117348056
2231.5975286849	0.6106902458
2232.5978228891	0.6242904978
2233.5981170933	0.6354810499
2234.5984112974	0.6322162942
2235.5987055016	0.6345249587
2236.5989997058	0.6400878296
2237.5992939100	0.6498869842
2238.5995881142	0.6506006246
2239.5998823183	0.6390101528
2240.6001765225	0.6509883752
2241.6004707267	0.6540081885
2242.6007649309	0.6520697765
2243.6010591350	0.6492374777
2244.6013533392	0.6385569899
2245.6016475434	0.6401502886
2246.6019417476	0.6417848964
2247.6022359518	0.6371079596
2248.6025301559	0.6357164759
2249.6028243601	0.6312831634
2250.6031185643	0.6244657564
2251.6034127685	0.6181145339
2252.6037069726	0.6159614334
2253.6040011768	0.6169440801
2254.6042953810	0.6200095194
2255.6045895852	0.6202069616
2256.6048837893	0.6240943543
2257.6051779935	0.6279497937
2258.6054721977	0.6306555338
2259.6057664019	0.6294152338
2260.6060606061	0.6275760650
2261.6063548102	0.6240158847
2262.6066490144	0.6225519026
2263.6069432186	0.6263540619
2264.6072374228	0.6242260858
2265.6075316269	0.6199173876
2266.6078258311	0.6193948776
2267.6081200353	0.6239891764
2268.6084142395	0.6282106397
2269.6087084437	0.6260045964
2270.6090026478	0.6276424322
2271.6092968520	0.6357798808
2272.6095910562	0.6418090782
2273.6098852604	0.6408503224
2274.6101794645	0.6443026770
2275.6104736687	0.6444104517
2276.6107678729	0.6384694540
2277.6110620771	0.6405519768
2278.6113562813	0.6447021870
2279.6116504854	0.6561482587
2280.6119446896	0.6479384589
2281.6122388938	0.6611416034
2282.6125330980	0.6534090429
2283.6128273021	0.6587616408
2284.6131215063	0.6603300420
2285.6134157105	0.6653389340
2286.6137099147	0.6613294041
2287.6140041189	0.6642624362
2288.6142983230	0.6717958290
2289.6145925272	0.6653385567
2290.6148867314	0.6635620164
2291.6151809356	0.6744791262
2292.6154751397	0.6728262504
2293.6157693439	0.6666842219
2294.6160635481	0.6636997605
2295.6163577523	0.6618222720
2296.6166519565	0.6583420097
2297.6169461606	0.6586102407
2298.6172403648	0.6537614828
2299.6175345690	0.6439276265
2300.6178287732	0.6481068811
2301.6181229773	0.6415622367
2302.6184171815	0.6439041534
2303.6187113857	0.6452017473
2304.6190055899	0.6511897253
2305.6192997941	0.6522059295
2306.6195939982	0.6510651539
2307.6198882024	0.6571763617
2308.6201824066	0.6619398763
2309.6204766108	0.6626582377
2310.6207708149	0.6621232468
2311.6210650191	0.6632192128
2312.6213592233	0.6668230191
2313.6216534275	0.6687035317
2314.6219476317	0.6689210743
2315.6222418358	0.6696481038
2316.6225360400	0.6763793616
2317.6228302442	0.6748717949
2318.6231244484	0.6712148516
2319.6234186525	0.6739593856
2320.6237128567	0.6721000336
2321.6240070609	0.6732174340
2322.6243012651	0.6709147673
2323.6245954693	0.6680811868
2324.6248896734	0.6684167520
2325.6251838776	0.6668845709
2326.6254780818	0.6656857756
2327.6257722860	0.6685524073
2328.6260664901	0.6736530083
2329.6263606943	0.6751625442
2330.6266548985	0.6710163656
2331.6269491027	0.6731108226
2332.6272433069	0.6773780612
2333.6275375110	0.6813625107
2334.6278317152	0.6917141267
2335.6281259194	0.6900771917
2336.6284201236	0.6917444056
2337.6287143277	0.6890173224
2338.6290085319	0.6928840415
2339.6293027361	0.7030251913
2340.6295969403	0.7005621067
2341.6298911445	0.7034870131
2342.6301853486	0.6996388747
2343.6304795528	0.7046799060
2344.6307737570	0.7009273103
2345.6310679612	0.7037470526
2346.6313621653	0.6998443021
2347.6316563695	0.6988820288
2348.6319505737	0.7063475135
2349.6322447779	0.7036467391
2350.6325389821	0.7013959423
2351.6328331862	0.7010040545
2352.6331273904	0.6956673197
2353.6334215946	0.7005051217
2354.6337157988	0.6875858224
2355.6340100029	0.6968837153
2356.6343042071	0.7056305337
2357.6345984113	0.6938163481
2358.6348926155	0.6905227678
2359.6351868197	0.6877403895
2360.6354810238	0.6902297373
2361.6357752280	0.6926965822
2362.6360694322	0.6836225407
2363.6363636364	0.6783871948
2364.6366578405	0.6861290550
2365.6369520447	0.6914349073
2366.6372462489	0.6900787518
2367.6375404531	0.6866766510
2368.6378346573	0.6830514129
2369.6381288614	0.6814235278
2370.6384230656	0.6886211609
2371.6387172698	0.6915696553
2372.6390114740	0.6884501179
2373.6393056781	0.6844516590
2374.6395998823	0.6927589242
2375.6398940865	0.6968400120
2376.6401882907	0.7025305724
2377.6404824949	0.7048981713
2378.6407766990	0.7047641734
2379.6410709032	0.7110106668
2380.6413651074	0.7097311393
2381.6416593116	0.7086511494
2382.6419535157	0.7092636330
2383.6422477199	0.7029187792
2384.6425419241	0.7020736396
2385.6428361283	0.7005206719
2386.6431303325	0.6980652931
2387.6434245366	0.7075169094
2388.6437187408	0.7114427615
2389.6440129450	0.7053361744
2390.6443071492	0.7023769490
2391.6446013533	0.7051727085
2392.6448955575	0.7016867591
2393.6451897617	0.6995520736
2394.6454839659	0.7064096296
2395.6457781701	0.7077787038
2396.6460723742	0.6999411293
2397.6463665784	0.6996868426
2398.6466607826	0.6976809189
2399.6469549868	0.6935239724
2400.6472491909	0.7077793285
2401.6475433951	0.7137700734
2402.6478375993	0.6982149503
2403.6481318035	0.7017185540
2404.6484260076	0.7065681097
2405.6487202118	0.7142702589
2406.6490144160	0.7062253645
2407.6493086202	0.7093121558
2408.6496028244	0.7218801739
2409.6498970285	0.7261948926
2410.6501912327	0.7148656663
2411.6504854369	0.7082333993
2412.6507796411	0.7122963061
2413.6510738452	0.7141199279
2414.6513680494	0.7115955292
2415.6516622536	0.7109097532
2416.6519564578	0.7072442858
2417.6522506620	0.7130872735
2418.6525448661	0.7075093825
2419.6528390703	0.7167635924
2420.6531332745	0.7100478048
2421.6534274787	0.7065538434
2422.6537216828	0.7077817352
2423.6540158870	0.7054271204
2424.6543100912	0.7055452139
2425.6546042954	0.7102089361
2426.6548984996	0.7093828676
2427.6551927037	0.7137806804
2428.6554869079	0.7112465791
2429.6557811121	0.7018878263
2430.6560753163	0.7040625171
2431.6563695204	0.7000613299
2432.6566637246	0.6998546067
2433.6569579288	0.7085246217
2434.6572521330	0.7093878549
2435.6575463372	0.7042043573
2436.6578405413	0.7027317369
2437.6581347455	0.7046371512
2438.6584289497	0.7093282806
2439.6587231539	0.7145606085
2440.6590173580	0.7149399405
2441.6593115622	0.7134980088
2442.6596057664	0.7082099662
2443.6598999706	0.7015992725
2444.6601941748	0.7015061850
2445.6604883789	0.7021552908
2446.6607825831	0.7035426851
2447.6610767873	0.7047266062
2448.6613709915	0.6967433699
2449.6616651956	0.6904916637
2450.6619593998	0.6856208454
2451.6622536040	0.6880327574
2452.6625478082	0.6898129237
2453.6628420124	0.6875115151
2454.6631362165	0.6867017651
2455.6634304207	0.6854516188
2456.6637246249	0.6894294916
2457.6640188291	0.6858312716
2458.6643130332	0.6867704013
2459.6646072374	0.6899280332
2460.6649014416	0.6886355240
2461.6651956458	0.6917119939
2462.6654898500	0.7030957236
2463.6657840541	0.7040333914
2464.6660782583	0.6993793126
2465.6663724625	0.7064669382
2466.6666666667	0.7112879228
2467.6669608708	0.7047108643
2468.6672550750	0.7057990301
2469.6675492792	0.6956810790
2470.6678434834	0.7108803508
2471.6681376876	0.6992461854
2472.6684318917	0.6997371114
2473.6687260959	0.6968204027
2474.6690203001	0.6929756728
2475.6693145043	0.6931238246
2476.6696087084	0.6924065012
2477.6699029126	0.6891452764
2478.6701971168	0.6880258894
2479.6704913210	0.6883835506
2480.6707855252	0.6869570103
2481.6710797293	0.6809857005
2482.6713739335	0.6856659934
2483.6716681377	0.6854768840
2484.6719623419	0.6870399515
2485.6722565460	0.6829876855
2486.6725507502	0.6808172195
2487.6728449544	0.6857261968
2488.6731391586	0.6870412311
2489.6734333628	0.6912708244
2490.6737275669	0.6926210420
2491.6740217711	0.6994205650
2492.6743159753	0.7006994285
2493.6746101795	0.7064071829
2494.6749043836	0.7001378504
2495.6751985878	0.7009297439
2496.6754927920	0.7039969006
2497.6757869962	0.7054131304
2498.6760812004	0.6989874647
2499.6763754045	0.6970737948
2500.6766696087	0.6962103852
2501.6769638129	0.6926851881
2502.6772580171	0.6900345712
2503.6775522212	0.6908354421
2504.6778464254	0.6929478066
2505.6781406296	0.6891399733
2506.6784348338	0.6851750003
2507.6787290380	0.6839817848
2508.6790232421	0.6847108261
2509.6793174463	0.6848479727
2510.6796116505	0.6892817176
2511.6799058547	0.6910735761
2512.6802000588	0.6855214349
2513.6804942630	0.6855182811
2514.6807884672	0.6905431848
2515.6810826714	0.6953002772
2516.6813768756	0.6956021024
2517.6816710797	0.6965897754
2518.6819652839	0.6943434166
2519.6822594881	0.6888694970
2520.6825536923	0.6928160389
2521.6828478964	0.6871699429
2522.6831421006	0.6831399607
2523.6834363048	0.6890044421
2524.6837305090	0.6928383106
2525.6840247132	0.6923673832
2526.6843189173	0.7008836346
2527.6846131215	0.6943887014
2528.6849073257	0.6955840954
2529.6852015299	0.7043872117
2530.6854957340	0.6945490056
2531.6857899382	0.6932975319
2532.6860841424	0.6999364031
2533.6863783466	0.6990511854
2534.6866725508	0.7002386745
2535.6869667549	0.6985836376
2536.6872609591	0.6970494598
2537.6875551633	0.6994528587
2538.6878493675	0.6924188591
2539.6881435716	0.6969940665
2540.6884377758	0.6981934121
2541.6887319800	0.6946293394
2542.6890261842	0.6935222421
2543.6893203883	0.6896291550
2544.6896145925	0.6976697071
2545.6899087967	0.6988349390
2546.6902030009	0.6934794463
2547.6904972051	0.6930342181
2548.6907914092	0.6924310721
2549.6910856134	0.6904122647
2550.6913798176	0.6847063445
2551.6916740218	0.6826668899
2552.6919682259	0.6933649111
2553.6922624301	0.6890933926
2554.6925566343	0.6912068498
2555.6928508385	0.6971392496
2556.6931450427	0.6916384084
2557.6934392468	0.6882862678
2558.6937334510	0.6878404325
2559.6940276552	0.6835064179
2560.6943218594	0.6854025954
2561.6946160635	0.6846636902
2562.6949102677	0.6804960502
2563.6952044719	0.6866604314
2564.6954986761	0.6817294561
2565.6957928803	0.6790479705
2566.6960870844	0.6798463944
2567.6963812886	0.6812363260
2568.6966754928	0.6802785392
2569.6969696970	0.6771168001
2570.6972639011	0.6828342090
2571.6975581053	0.6847709856
2572.6978523095	0.6779977223
2573.6981465137	0.6761035438
2574.6984407179	0.6842383862
2575.6987349220	0.6875412043
2576.6990291262	0.6872313535
2577.6993233304	0.6908835320
2578.6996175346	0.6900810583
2579.6999117387	0.6856741774
2580.7002059429	0.6855777861
2581.7005001471	0.6799593805
2582.7007943513	0.6831138315
2583.7010885555	0.6783188325
2584.7013827596	0.6815782604
2585.7016769638	0.6840099317
2586.7019711680	0.6777054256
2587.7022653722	0.6769090071
2588.7025595763	0.6826554481
2589.7028537805	0.6810685456
2590.7031479847	0.6791893634
2591.7034421889	0.6738987563
2592.7037363931	0.6790541316
2593.7040305972	0.6721783625
2594.7043248014	0.6772325241
2595.7046190056	0.6682044229
2596.7049132098	0.6802595430
2597.7052074139	0.6767138729
2598.7055016181	0.6769137993
2599.7057958223	0.6722932990
2600.7060900265	0.6820238788
2601.7063842307	0.6794811504
2602.7066784348	0.6781725076
2603.7069726390	0.6862493202
2604.7072668432	0.6731646782
2605.7075610474	0.6796827496
2606.7078552515	0.6803970369
2607.7081494557	0.6741307684
2608.7084436599	0.6732973570
2609.7087378641	0.6638364876
2610.7090320683	0.6667099385
2611.7093262724	0.6702416771
2612.7096204766	0.6671685960
2613.7099146808	0.6479669180
2614.7102088850	0.6532184968
2615.7105030891	0.6574789276
2616.7107972933	0.6514527989
2617.7110914975	0.6523056301
2618.7113857017	0.6564205220
2619.7116799059	0.6545766006
2620.7119741100	0.6571085758
2621.7122683142	0.6566650325
2622.7125625184	0.6484601863
2623.7128567226	0.6457245125
2624.7131509267	0.6319815293
2625.7134451309	0.6109809230
2626.7137393351	0.5875436965
2627.7140335393	0.5553773081
2628.7143277435	0.5096789580
2629.7146219476	0.4602838334
2630.7149161518	0.4055457931
2631.7152103560	0.3388162805
2632.7155045602	0.2851678025
2633.7157987643	0.2377655352
2634.7160929685	0.1924280082
2635.7163871727	0.1563649728
2636.7166813769	0.1291550306
2637.7169755811	0.1072926095
2638.7172697852	0.0921197341
2639.7175639894	0.0787139000
2640.7178581936	0.0636098949
2641.7181523978	0.0516786021
2642.7184466019	0.0384148090
2643.7187408061	0.0265891476
2644.7190350103	0.0204081913
2645.7193292145	0.0123893460
2646.7196234187	0.0036519371
2647.7199176228	0.0029477050
2648.7202118270	0.0019364626
2649.7205060312	0.0000000000
2650.7208002354	0.0011327959
2651.7210944395	0.0087756991
2652.7213886437	0.0185201294
2653.7216828479	0.0266940633
2654.7219770521	0.0341285421
2655.7222712563	0.0484326177
2656.7225654604	0.0564382485
2657.7228596646	0.0682811892
2658.7231538688	0.0876534599
2659.7234480730	0.1104724323
2660.7237422771	0.1183181755
2661.7240364813	0.1357102955
2662.7243306855	0.1535613040
2663.7246248897	0.1805040747
2664.7249190939	0.2119833004
2665.7252132980	0.2313995872
2666.7255075022	0.2740929142
2667.7258017064	0.3029103134
2668.7260959106	0.3460311085
2669.7263901147	0.3791345820
2670.7266843189	0.4091132568
2671.7269785231	0.4303827399
2672.7272727273	0.4513767713
2673.7275669315	0.4589062866
2674.7278611356	0.4515264927
2675.7281553398	0.4404040666
2676.7284495440	0.4110486050
2677.7287437482	0.3824896284
2678.7290379523	0.3572381975
2679.7293321565	0.3292911474
2680.7296263607	0.3040079380
2681.7299205649	0.2836469914
2682.7302147690	0.2635452709
2683.7305089732	0.2565534978
2684.7308031774	0.2473985645
2685.7310973816	0.2376084227
2686.7313915858	0.2357432185
2687.7316857899	0.2350315834
2688.7319799941	0.2304717808
2689.7322741983	0.2253458048
2690.7325684025	0.2262170358
2691.7328626066	0.2245924947
2692.7331568108	0.2271154360
2693.7334510150	0.2310403703
2694.7337452192	0.2338339683
2695.7340394234	0.2367168924
2696.7343336275	0.2370141976
2697.7346278317	0.2375772726
2698.7349220359	0.2398691099
2699.7352162401	0.2440594499
2700.7355104442	0.2516824404
2701.7358046484	0.2520682650
2702.7360988526	0.2547014995
2703.7363930568	0.2662247216
2704.7366872610	0.2764365661
2705.7369814651	0.2738571626
2706.7372756693	0.2729552130
2707.7375698735	0.2850690537
2708.7378640777	0.2942145479
2709.7381582818	0.2923584993
2710.7384524860	0.3009978255
2711.7387466902	0.3070211277
2712.7390408944	0.3119416932
2713.7393350986	0.3109263349
2714.7396293027	0.3185805891
2715.7399235069	0.3224808473
2716.7402177111	0.3263811898
2717.7405119153	0.3355334422
2718.7408061194	0.3406314322
2719.7411003236	0.3536327347
2720.7413945278	0.3622150816
2721.7416887320	0.3701013348
2722.7419829362	0.3738380160
2723.7422771403	0.3806661789
2724.7425713445	0.3741164984
2725.7428655487	0.3948391979
2726.7431597529	0.3953278939
2727.7434539570	0.3998781682
2728.7437481612	0.4072667990
2729.7440423654	0.4148511858
2730.7443365696	0.4212441519
2731.7446307738	0.4225284726
2732.7449249779	0.4154498922
2733.7452191821	0.4287707559
2734.7455133863	0.4392086564
2735.7458075905	0.4385480739
2736.7461017946	0.4403365901
2737.7463959988	0.4424700110
2738.7466902030	0.4458549653
2739.7469844072	0.4506200197
2740.7472786114	0.4560479167
2741.7475728155	0.4592547509
2742.7478670197	0.4612331112
2743.7481612239	0.4640190257
2744.7484554281	0.4680329079
2745.7487496322	0.4741925075
2746.7490438364	0.4808581071
2747.7493380406	0.4893673234
2748.7496322448	0.4966803371
2749.7499264490	0.5029639665
2750.7502206531	0.5036671019
2751.7505148573	0.5015763385
2752.7508090615	0.5037889279
2753.7511032657	0.5057781091
2754.7513974698	0.5132643779
2755.7516916740	0.5269087201
2756.7519858782	0.5332497021
2757.7522800824	0.5341548658
2758.7525742866	0.5389577485
2759.7528684907	0.5440824499
2760.7531626949	0.5455917207
2761.7534568991	0.5488216713
2762.7537511033	0.5471910417
2763.7540453074	0.5507390525
2764.7543395116	0.5531899771
2765.7546337158	0.5601204946
2766.7549279200	0.5673840208
2767.7552221242	0.5685106938
2768.7555163283	0.5657120140
2769.7558105325	0.5733759830
2770.7561047367	0.5649858203
2771.7563989409	0.5676108182
2772.7566931450	0.5669885662
2773.7569873492	0.5725675828
2774.7572815534	0.5733703032
2775.7575757576	0.5728650252
2776.7578699618	0.5780203414
2777.7581641659	0.5666415764
2778.7584583701	0.5712069127
2779.7587525743	0.5771327332
2780.7590467785	0.5764152767
2781.7593409826	0.5822011631
2782.7596351868	0.5829826840
2783.7599293910	0.5927729880
2784.7602235952	0.5792126151
2785.7605177994	0.5857504226
2786.7608120035	0.5866448247
2787.7611062077	0.5887602522
2788.7614004119	0.5815982524
2789.7616946161	0.5838581065
2790.7619888202	0.5905724079
2791.7622830244	0.5813142742
2792.7625772286	0.5762054303
2793.7628714328	0.5757945634
2794.7631656370	0.5798688499
2795.7634598411	0.5716154681
2796.7637540453	0.5702767943
2797.7640482495	0.5730430743
2798.7643424537	0.5731229594
2799.7646366578	0.5662938604
2800.7649308620	0.5663438528
2801.7652250662	0.5791626415
2802.7655192704	0.5730513043
2803.7658134746	0.5744374831
2804.7661076787	0.5768911387
2805.7664018829	0.5739110162
2806.7666960871	0.5737529340
2807.7669902913	0.5708495053
2808.7672844954	0.5719747594
2809.7675786996	0.5746409177
2810.7678729038	0.5780155258
2811.7681671080	0.5788640575
2812.7684613122	0.5798095143
2813.7687555163	0.5889611716
2814.7690497205	0.5891056627
2815.7693439247	0.5890048103
2816.7696381289	0.5922588600
2817.7699323330	0.5933109420
2818.7702265372	0.5956031883
2819.7705207414	0.5972168819
2820.7708149456	0.5976374410
2821.7711091498	0.5962385360
2822.7714033539	0.5952237230
2823.7716975581	0.5949629635
2824.7719917623	0.5921295786
2825.7722859665	0.5899232122
2826.7725801706	0.5946950655
2827.7728743748	0.5931275489
2828.7731685790	0.5861983872
2829.7734627832	0.5848831142
2830.7737569873	0.5838427950
2831.7740511915	0.5775020091
2832.7743453957	0.5772140016
2833.7746395999	0.5774045410
2834.7749338041	0.5780885050
2835.7752280082	0.5680719319
2836.7755222124	0.5822404077
2837.7758164166	0.5819689302
2838.7761106208	0.5890598105
2839.7764048249	0.5976047125
2840.7766990291	0.6045821422
2841.7769932333	0.6050651818
2842.7772874375	0.6097733742
2843.7775816417	0.6139473811
2844.7778758458	0.6199110479
2845.7781700500	0.6313915405
2846.7784642542	0.6303606494
2847.7787584584	0.6432171182
2848.7790526625	0.6603234307
2849.7793468667	0.6592156644
2850.7796410709	0.6761313119
2851.7799352751	0.6821107349
2852.7802294793	0.6904022157
2853.7805236834	0.6976879189
2854.7808178876	0.7148503513
2855.7811120918	0.7254536824
2856.7814062960	0.7368345188
2857.7817005001	0.7351786895
2858.7819947043	0.7386220008
2859.7822889085	0.7513507682
2860.7825831127	0.7673793758
2861.7828773169	0.7741461225
2862.7831715210	0.7854366980
2863.7834657252	0.7884471465
2864.7837599294	0.7862018178
2865.7840541336	0.7782419546
2866.7843483377	0.7817154803
2867.7846425419	0.7825854482
2868.7849367461	0.7846260070
2869.7852309503	0.7827241462
2870.7855251545	0.7746171664
2871.7858193586	0.7709869760
2872.7861135628	0.7660929605
2873.7864077670	0.7713617382
2874.7867019712	0.7684033250
2875.7869961753	0.7605618123
2876.7872903795	0.7605760251
2877.7875845837	0.7576819852
2878.7878787879	0.7584155985
2879.7881729921	0.7542884556
2880.7884671962	0.7503145057
2881.7887614004	0.7447798427
2882.7890556046	0.7337039060
2883.7893498088	0.7252405843
2884.7896440129	0.7316186798
2885.7899382171	0.7376307703
2886.7902324213	0.7430169993
2887.7905266255	0.7469869912
2888.7908208297	0.7518924673
2889.7911150338	0.7615123712
2890.7914092380	0.7669385917
2891.7917034422	0.7714983777
2892.7919976464	0.7751315456
2893.7922918505	0.7927972545
2894.7925860547	0.7965398348
2895.7928802589	0.8087846431
2896.7931744631	0.8176529320
2897.7934686673	0.8340913534
2898.7937628714	0.8421778108
2899.7940570756	0.8557797390
2900.7943512798	0.8810912589
2901.7946454840	0.8973055968
2902.7949396881	0.9158415638
2903.7952338923	0.9317210200
2904.7955280965	0.9415771195
2905.7958223007	0.9536580437
2906.7961165049	0.9607536186
2907.7964107090	0.9590231019
2908.7967049132	0.9732338757
2909.7969991174	0.9807734717
2910.7972933216	0.9820046793
2911.7975875257	0.9702786739
2912.7978817299	0.9792938327
2913.7981759341	0.9807651262
2914.7984701383	0.9841084206
2915.7987643425	0.9883248183
2916.7990585466	1.0000000000
2917.7993527508	0.9963200050
2918.7996469550	0.9724508104
2919.7999411592	0.9702018615
2920.8002353633	0.9535408662
2921.8005295675	0.9315871031
2922.8008237717	0.9164964148
2923.8011179759	0.8991618784
2924.8014121801	0.8864157203
2925.8017063842	0.8670348200
2926.8020005884	0.8348953179
2927.8022947926	0.8291070735
2928.8025889968	0.8227408356
2929.8028832009	0.8084823603
2930.8031774051	0.7976845262
2931.8034716093	0.7802547014
2932.8037658135	0.7779359891
2933.8040600177	0.7682399635
2934.8043542218	0.7650109283
2935.8046484260	0.7595595524
2936.8049426302	0.7490246212
2937.8052368344	0.7369141786
2938.8055310385	0.7261600921
2939.8058252427	0.7154549225
2940.8061194469	0.7163393841
2941.8064136511	0.7057700904
2942.8067078553	0.6881945489
2943.8070020594	0.6841051689
2944.8072962636	0.6812382036
2945.8075904678	0.6677185335
2946.8078846720	0.6629970601
2947.8081788761	0.6556861049
2948.8084730803	0.6423435492
2949.8087672845	0.6340346574
2950.8090614887	0.6246425702
2951.8093556929	0.6208300684
2952.8096498970	0.6208328292
2953.8099441012	0.6193783489
2954.8102383054	0.6234849985
2955.8105325096	0.6161761161
2956.8108267137	0.6038025867
2957.8111209179	0.5937898173
2958.8114151221	0.5892213756
2959.8117093263	0.5807690542
2960.8120035305	0.5775171923
2961.8122977346	0.5780017100
2962.8125919388	0.5697822678
2963.8128861430	0.5688681864
2964.8131803472	0.5583341184
2965.8134745513	0.5536161239
2966.8137687555	0.5599454649
2967.8140629597	0.5530273119
2968.8143571639	0.5463775101
2969.8146513680	0.5348772430
2970.8149455722	0.5362170405
2971.8152397764	0.5265798008
2972.8155339806	0.5117955358
2973.8158281848	0.5122221400
2974.8161223889	0.5054341341
2975.8164165931	0.5026956100
2976.8167107973	0.4973132661
2977.8170050015	0.4975249562
2978.8172992056	0.4927300809
2979.8175934098	0.4880000462
2980.8178876140	0.4905118188
2981.8181818182	0.4902960064
2982.8184760224	0.4852978764
2983.8187702265	0.4861714085
2984.8190644307	0.4812373684
2985.8193586349	0.4809126157
2986.8196528391	0.4803160991
2987.8199470432	0.4782347281
2988.8202412474	0.4778238339
2989.8205354516	0.4660843077
2990.8208296558	0.4671273439
2991.8211238600	0.4630984667
2992.8214180641	0.4595517639
2993.8217122683	0.4581797972
2994.8220064725	0.4582971499
2995.8223006767	0.4548423605
2996.8225948808	0.4546875410
2997.8228890850	0.4560849135
2998.8231832892	0.4582817091
2999.8234774934	0.4561584520
3000.8237716976	0.4516081019
3001.8240659017	0.4567747937
3002.8243601059	0.4554244187
3003.8246543101	0.4530520428
3004.8249485143	0.4520064794
3005.8252427184	0.4508298345
3006.8255369226	0.4498674914
3007.8258311268	0.4485391182
3008.8261253310	0.4438299290
3009.8264195352	0.4408755945
3010.8267137393	0.4433979596
3011.8270079435	0.4443770221
3012.8273021477	0.4437935250
3013.8275963519	0.4409442555
3014.8278905560	0.4416158005
3015.8281847602	0.4416873804
3016.8284789644	0.4381341523
3017.8287731686	0.4340378346
3018.8290673728	0.4338711676
3019.8293615769	0.4328060121
3020.8296557811	0.4324328427
3021.8299499853	0.4238299411
3022.8302441895	0.4264673501
3023.8305383936	0.4256371459
3024.8308325978	0.4225272284
3025.8311268020	0.4196363318
3026.8314210062	0.4203384802
3027.8317152104	0.4203708952
3028.8320094145	0.4190561038
3029.8323036187	0.4116126713
3030.8325978229	0.4092646213
3031.8328920271	0.4043177682
3032.8331862312	0.4043478369
3033.8334804354	0.4013488722
3034.8337746396	0.4038908958
3035.8340688438	0.4036975337
3036.8343630480	0.3995396644
3037.8346572521	0.3996387574
3038.8349514563	0.4052988737
3039.8352456605	0.4038195017
3040.8355398647	0.4064690209
3041.8358340688	0.4066547273
3042.8361282730	0.4034952880
3043.8364224772	0.4090364071
3044.8367166814	0.4107335853
3045.8370108856	0.4099516010
3046.8373050897	0.4098521895
3047.8375992939	0.4098121996
3048.8378934981	0.4000750392
3049.8381877023	0.4044680249
3050.8384819064	0.4049191894
3051.8387761106	0.4029397509
3052.8390703148	0.4011371119
3053.8393645190	0.4010283012
3054.8396587232	0.3952825902
3055.8399529273	0.3948569705
3056.8402471315	0.3941184863
3057.8405413357	0.3921166349
3058.8408355399	0.3945298264
3059.8411297440	0.3929901791
3060.8414239482	0.3950990418
3061.8417181524	0.3922886910
3062.8420123566	0.3917433635
3063.8423065608	0.3925413310
3064.8426007649	0.3882950872
3065.8428949691	0.3913576042
3066.8431891733	0.3912953777
3067.8434833775	0.3877118964
3068.8437775816	0.3883102059
3069.8440717858	0.3895405038
3070.8443659900	0.3860970865
3071.8446601942	0.3865898619
3072.8449543984	0.3874268271
3073.8452486025	0.3856722442
3074.8455428067	0.3873431912
3075.8458370109	0.3875822896
3076.8461312151	0.3844824068
3077.8464254192	0.3806144539
3078.8467196234	0.3819830897
3079.8470138276	0.3762812998
3080.8473080318	0.3719066365
3081.8476022360	0.3709502511
3082.8478964401	0.3686644700
3083.8481906443	0.3644627089
3084.8484848485	0.3616182381
3085.8487790527	0.3586224219
3086.8490732568	0.3609732282
3087.8493674610	0.3648640013
3088.8496616652	0.3605465907
3089.8499558694	0.3655736982
3090.8502500736	0.3671141916
3091.8505442777	0.3620221520
3092.8508384819	0.3597317934
3093.8511326861	0.3571253483
3094.8514268903	0.3648209424
3095.8517210944	0.3633671668
3096.8520152986	0.3570842224
3097.8523095028	0.3601930905
3098.8526037070	0.3576727119
3099.8528979112	0.3551903547
3100.8531921153	0.3556673460
3101.8534863195	0.3534321442
3102.8537805237	0.3582991146
3103.8540747279	0.3547385787
3104.8543689320	0.3499155710
3105.8546631362	0.3492024991
3106.8549573404	0.3509081196
3107.8552515446	0.3597523400
3108.8555457488	0.3582950361
3109.8558399529	0.3566646417
3110.8561341571	0.3541501333
3111.8564283613	0.3556361242
3112.8567225655	0.3603526494
3113.8570167696	0.3554821956
3114.8573109738	0.3570211655
3115.8576051780	0.3579921950
3116.8578993822	0.3564798868
3117.8581935863	0.3558446274
3118.8584877905	0.3475943219
3119.8587819947	0.3467962217
3120.8590761989	0.3472590323
3121.8593704031	0.3475204906
3122.8596646072	0.3425039444
3123.8599588114	0.3381353750
3124.8602530156	0.3371513654
3125.8605472198	0.3350664105
3126.8608414239	0.3342796194
3127.8611356281	0.3307946250
3128.8614298323	0.3312485957
3129.8617240365	0.3300630685
3130.8620182407	0.3320317275
3131.8623124448	0.3362139838
3132.8626066490	0.3376140963
3133.8629008532	0.3362918636
3134.8631950574	0.3386698146
3135.8634892615	0.3455188899
3136.8637834657	0.3490063520
3137.8640776699	0.3513045533
3138.8643718741	0.3467232036
3139.8646660783	0.3446929338
3140.8649602824	0.3475419785
3141.8652544866	0.3454737108
3142.8655486908	0.3418469810
3143.8658428950	0.3409746808
3144.8661370991	0.3460267964
3145.8664313033	0.3470154982
3146.8667255075	0.3490189691
3147.8670197117	0.3548508909
3148.8673139159	0.3521772811
3149.8676081200	0.3508615033
3150.8679023242	0.3514810700
3151.8681965284	0.3487973642
3152.8684907326	0.3524248510
3153.8687849367	0.3431764228
3154.8690791409	0.3389814299
3155.8693733451	0.3404173461
3156.8696675493	0.3384213727
3157.8699617535	0.3472132303
3158.8702559576	0.3440980793
3159.8705501618	0.3414509865
3160.8708443660	0.3455198892
3161.8711385702	0.3440809292
3162.8714327743	0.3438640159
3163.8717269785	0.3502515081
3164.8720211827	0.3443547836
3165.8723153869	0.3396726245
3166.8726095911	0.3357258367
3167.8729037952	0.3407585710
3168.8731979994	0.3311469355
3169.8734922036	0.3335275429
3170.8737864078	0.3363756454
3171.8740806119	0.3377476490
3172.8743748161	0.3329588478
3173.8746690203	0.3395957847
3174.8749632245	0.3389295897
3175.8752574287	0.3442858646
3176.8755516328	0.3448824024
3177.8758458370	0.3438460532
3178.8761400412	0.3452388986
3179.8764342454	0.3411429880
3180.8767284495	0.3360193833
3181.8770226537	0.3357053739
3182.8773168579	0.3385225777
3183.8776110621	0.3348389474
3184.8779052663	0.3309027995
3185.8781994704	0.3288543222
3186.8784936746	0.3296307640
3187.8787878788	0.3266808489
3188.8790820830	0.3255534379
3189.8793762871	0.3302588458
3190.8796704913	0.3346726866
3191.8799646955	0.3365535348
3192.8802588997	0.3421165139
3193.8805531039	0.3445931324
3194.8808473080	0.3474041251
3195.8811415122	0.3483776612
3196.8814357164	0.3511317728
3197.8817299206	0.3502789906
3198.8820241247	0.3448822607
3199.8823183289	0.3458207865
3200.8826125331	0.3469869925
3201.8829067373	0.3456882559
3202.8832009415	0.3416780577
3203.8834951456	0.3442206522
3204.8837893498	0.3484058783
3205.8840835540	0.3441028523
3206.8843777582	0.3425292289
3207.8846719623	0.3377304829
3208.8849661665	0.3350882752
3209.8852603707	0.3426225605
3210.8855545749	0.3409369156
3211.8858487791	0.3383585562
3212.8861429832	0.3394836673
3213.8864371874	0.3362491698
3214.8867313916	0.3327953094
3215.8870255958	0.3329369712
3216.8873197999	0.3351218045
3217.8876140041	0.3419892555
3218.8879082083	0.3337156836
3219.8882024125	0.3389107212
3220.8884966167	0.3391083310
3221.8887908208	0.3356513427
3222.8890850250	0.3408002585
3223.8893792292	0.3369072739
3224.8896734334	0.3306526475
3225.8899676375	0.3384386572
3226.8902618417	0.3389434273
3227.8905560459	0.3314144069
3228.8908502501	0.3325239351
3229.8911444543	0.3276865725
3230.8914386584	0.3274884969
3231.8917328626	0.3277317569
3232.8920270668	0.3222560178
3233.8923212710	0.3113880541
3234.8926154751	0.3073750255
3235.8929096793	0.3007855302
3236.8932038835	0.2993229420
3237.8934980877	0.2954719726
3238.8937922919	0.2943814865
3239.8940864960	0.2975385722
3240.8943807002	0.2977191920
3241.8946749044	0.3006896502
3242.8949691086	0.3018387533
3243.8952633127	0.3085836202
3244.8955575169	0.3134218356
3245.8958517211	0.3189958982
3246.8961459253	0.3226962305
3247.8964401295	0.3183499177
3248.8967343336	0.3199783373
3249.8970285378	0.3231166440
3250.8973227420	0.3234830850
3251.8976169462	0.3206614919
3252.8979111503	0.3212263942
3253.8982053545	0.3255327512
3254.8984995587	0.3254542778
3255.8987937629	0.3256463381
3256.8990879670	0.3251686971
3257.8993821712	0.3281374139
3258.8996763754	0.3275707809
3259.8999705796	0.3262379458
3260.9002647838	0.3304886870
3261.9005589879	0.3327219822
3262.9008531921	0.3317144705
3263.9011473963	0.3249390285
3264.9014416005	0.3265823737
3265.9017358046	0.3263741089
3266.9020300088	0.3273029321
3267.9023242130	0.3271568685
3268.9026184172	0.3275858970
3269.9029126214	0.3281951827
3270.9032068255	0.3277471466
3271.9035010297	0.3194818706
3272.9037952339	0.3234559303
3273.9040894381	0.3192417843
3274.9043836422	0.3174957396
3275.9046778464	0.3221719240
3276.9049720506	0.3218381018
3277.9052662548	0.3176025451
3278.9055604590	0.3183027038
3279.9058546631	0.3175182556
3280.9061488673	0.3271111578
3281.9064430715	0.3230867816
3282.9067372757	0.3256363288
3283.9070314798	0.3213798971
3284.9073256840	0.3287601518
3285.9076198882	0.3290750892
3286.9079140924	0.3251901898
3287.9082082966	0.3266257708
3288.9085025007	0.3206740147
3289.9087967049	0.3120848414
3290.9090909091	0.3093253153
3291.9093851133	0.3067476063
3292.9096793174	0.3016538465
3293.9099735216	0.2977927653
3294.9102677258	0.2896376617
3295.9105619300	0.2854319250
3296.9108561342	0.2847446568
3297.9111503383	0.2840452234
3298.9114445425	0.2773196123
3299.9117387467	0.2820932485
3300.9120329509	0.2852515820
3301.9123271550	0.2918006986
3302.9126213592	0.2931712626
3303.9129155634	0.2980019458
3304.9132097676	0.3000163984
3305.9135039718	0.2986913551
3306.9137981759	0.2954049315
3307.9140923801	0.2967491184
3308.9143865843	0.3035022790
3309.9146807885	0.3075858709
3310.9149749926	0.3063950189
3311.9152691968	0.3066730849
3312.9155634010	0.3059593571
3313.9158576052	0.3068549971
3314.9161518094	0.3056366233
3315.9164460135	0.3039808569
3316.9167402177	0.3021646294
3317.9170344219	0.3027521685
3318.9173286261	0.3014926143
3319.9176228302	0.3021704919
3320.9179170344	0.3038762931
3321.9182112386	0.3047062938
3322.9185054428	0.3066119089
3323.9187996470	0.3091975421
3324.9190938511	0.3096701680
3325.9193880553	0.3132449588
3326.9196822595	0.3133711274
3327.9199764637	0.3107713644
3328.9202706678	0.3095690390
3329.9205648720	0.3103794247
3330.9208590762	0.3090574062
3331.9211532804	0.3027092855
3332.9214474846	0.2965503204
3333.9217416887	0.2887503621
3334.9220358929	0.2942637202
3335.9223300971	0.2961881068
3336.9226243013	0.2881937191
3337.9229185054	0.2911872999
3338.9232127096	0.2892317575
3339.9235069138	0.2856589891
3340.9238011180	0.2886484334
3341.9240953222	0.2881037360
3342.9243895263	0.2886295894
3343.9246837305	0.2909543959
3344.9249779347	0.2954617586
3345.9252721389	0.3003983568
3346.9255663430	0.3014637572
3347.9258605472	0.3013405910
3348.9261547514	0.3001103957
3349.9264489556	0.3021425621
3350.9267431598	0.3003220649
3351.9270373639	0.2982375591
3352.9273315681	0.2939806503
3353.9276257723	0.2964405532
3354.9279199765	0.3017317020
3355.9282141806	0.2958618095
3356.9285083848	0.2940807730
3357.9288025890	0.3034552949
3358.9290967932	0.3062139717
3359.9293909974	0.3049511125
3360.9296852015	0.3062198108
3361.9299794057	0.3066172444
3362.9302736099	0.3000607927
3363.9305678141	0.2976763134
3364.9308620182	0.2906777036
3365.9311562224	0.2850915377
3366.9314504266	0.2838611826
3367.9317446308	0.2776630230
3368.9320388350	0.2770733213
3369.9323330391	0.2776699147
3370.9326272433	0.2819184313
3371.9329214475	0.2902220916
3372.9332156517	0.2938868370
3373.9335098558	0.2994685946
3374.9338040600	0.3006864332
3375.9340982642	0.3024501308
3376.9343924684	0.3020429460
3377.9346866726	0.3023773588
3378.9349808767	0.3056318615
3379.9352750809	0.3080276100
3380.9355692851	0.3046958918
3381.9358634893	0.2999481291
3382.9361576934	0.3018528727
3383.9364518976	0.3056737925
3384.9367461018	0.3053501263
3385.9370403060	0.3033563637
3386.9373345102	0.3059906975
3387.9376287143	0.3096530645
3388.9379229185	0.3081360801
3389.9382171227	0.3089194512
3390.9385113269	0.3063758269
3391.9388055310	0.3061342304
3392.9390997352	0.3036447679
3393.9393939394	0.3006806083
3394.9396881436	0.2997957854
3395.9399823477	0.2989636778
3396.9402765519	0.3020844840
3397.9405707561	0.3012193216
3398.9408649603	0.3022253608
3399.9411591645	0.3068224120
3400.9414533686	0.3003491534
3401.9417475728	0.2995898443
3402.9420417770	0.3025317275
3403.9423359812	0.3027689969
3404.9426301853	0.3074487970
3405.9429243895	0.3000571532
3406.9432185937	0.2929000501
3407.9435127979	0.2958529644
3408.9438070021	0.2983064373
3409.9441012062	0.3005356089
3410.9443954104	0.3012986799
3411.9446896146	0.2961195496
3412.9449838188	0.3041634414
3413.9452780229	0.3026808310
3414.9455722271	0.2996982992
3415.9458664313	0.3008856963
3416.9461606355	0.3002941574
3417.9464548397	0.3024524591
3418.9467490438	0.2980833592
3419.9470432480	0.2975218485
3420.9473374522	0.2909873174
3421.9476316564	0.2952922182
3422.9479258605	0.2943197914
3423.9482200647	0.2981572483
3424.9485142689	0.2964944991
3425.9488084731	0.2887009819
3426.9491026773	0.2890522919
3427.9493968814	0.2861260844
3428.9496910856	0.2859796750
3429.9499852898	0.2844203789
3430.9502794940	0.2803358619
3431.9505736981	0.2824261659
3432.9508679023	0.2840771596
3433.9511621065	0.2863175233
3434.9514563107	0.2878799589
3435.9517505149	0.2924927765
3436.9520447190	0.2929750933
3437.9523389232	0.2908109212
3438.9526331274	0.2861944194
3439.9529273316	0.2833978463
3440.9532215357	0.2817752578
3441.9535157399	0.2803431893
3442.9538099441	0.2802393946
3443.9541041483	0.2749830414
3444.9543983525	0.2682101506
3445.9546925566	0.2662898238
3446.9549867608	0.2657286747
3447.9552809650	0.2607818407
3448.9555751692	0.2539827871
3449.9558693733	0.2574571799
3450.9561635775	0.2631224988
3451.9564577817	0.2640701156
3452.9567519859	0.2606536698
3453.9570461901	0.2681411745
3454.9573403942	0.2743748760
3455.9576345984	0.2735670262
3456.9579288026	0.2739530815
3457.9582230068	0.2739162972
3458.9585172109	0.2736666184
3459.9588114151	0.2687078197
3460.9591056193	0.2695254342
3461.9593998235	0.2705449917
3462.9596940277	0.2651650133
3463.9599882318	0.2584786848
3464.9602824360	0.2609049103
3465.9605766402	0.2602845239
3466.9608708444	0.2555237804
3467.9611650485	0.2496416743
3468.9614592527	0.2487536385
3469.9617534569	0.2391280235
3470.9620476611	0.2424303917
3471.9623418653	0.2350273624
3472.9626360694	0.2376040363
3473.9629302736	0.2370430194
3474.9632244778	0.2452771999
3475.9635186820	0.2459764092
3476.9638128861	0.2446781947
3477.9641070903	0.2489724713
3478.9644012945	0.2503386767
3479.9646954987	0.2483958495
3480.9649897029	0.2462621123
3481.9652839070	0.2447521054
3482.9655781112	0.2405390207
3483.9658723154	0.2346441837
3484.9661665196	0.2314725234
3485.9664607237	0.2216661440
3486.9667549279	0.2138775796
3487.9670491321	0.2183569183
3488.9673433363	0.2170757108
3489.9676375405	0.2207620415
3490.9679317446	0.2212470992
3491.9682259488	0.2252227142
3492.9685201530	0.2313238068
3493.9688143572	0.2311790160
3494.9691085613	0.2343000258
3495.9694027655	0.2311369889
3496.9696969697	0.2236350168
3497.9699911739	0.2168805190
3498.9702853781	0.2112447821
3499.9705795822	0.2014534844
3500.9708737864	0.1904478808
3501.9711679906	0.1773614982
3502.9714621948	0.1692933476
3503.9717563989	0.1612458563
3504.9720506031	0.1605135929
3505.9723448073	0.1641168464
3506.9726390115	0.1664955504
3507.9729332157	0.1679842923
3508.9732274198	0.1758668395
3509.9735216240	0.1855304213
3510.9738158282	0.1891469256
3511.9741100324	0.1887219826
3512.9744042365	0.1890194272
3513.9746984407	0.1870088246
3514.9749926449	0.1839567323
3515.9752868491	0.1754408700
3516.9755810533	0.1731569123
3517.9758752574	0.1736411665
3518.9761694616	0.1697878317
3519.9764636658	0.1697001101
3520.9767578700	0.1690658282
3521.9770520741	0.1674144041
3522.9773462783	0.1600079699
3523.9776404825	0.1536119009
3524.9779346867	0.1454287306
3525.9782288909	0.1448640238
3526.9785230950	0.1411511205
3527.9788172992	0.1421907241
3528.9791115034	0.1475181692
3529.9794057076	0.1469909583
3530.9796999117	0.1447254249
3531.9799941159	0.1449421436
3532.9802883201	0.1532389415
3533.9805825243	0.1464286544
3534.9808767284	0.1489371803
3535.9811709326	0.1469884246
3536.9814651368	0.1475536662
3537.9817593410	0.1552425194
3538.9820535452	0.1543596486
3539.9823477493	0.1681883833
3540.9826419535	0.1648328003
3541.9829361577	0.1660300836
3542.9832303619	0.1668754596
3543.9835245660	0.1570374685
3544.9838187702	0.1410645906
3545.9841129744	0.1277988766
3546.9844071786	0.1133815003
3547.9847013828	0.1018302295
3548.9849955869	0.1012669632
3549.9852897911	0.1097394476
3550.9855839953	0.1094090136
3551.9858781995	0.1151385670
3552.9861724036	0.1242826033
3553.9864666078	0.1289064803
3554.9867608120	0.1362749330
3555.9870550162	0.1355677720
3556.9873492204	0.1403961182
3557.9876434245	0.1404622323
3558.9879376287	0.1428488209
3559.9882318329	0.1521978786
3560.9885260371	0.1604420356
3561.9888202412	0.1687091893
3562.9891144454	0.1749009034
3563.9894086496	0.1807200684
3564.9897028538	0.1836216675
3565.9899970580	0.1774684581
3566.9902912621	0.1639692523
3567.9905854663	0.1478101408
3568.9908796705	0.1331619254
3569.9911738747	0.1202149094
3570.9914680788	0.1087384743
3571.9917622830	0.1042374192
3572.9920564872	0.1048085286
3573.9923506914	0.1062344541
3574.9926448956	0.1130177863
3575.9929390997	0.1299255997
3576.9932333039	0.1398290083
3577.9935275081	0.1478147556
3578.9938217123	0.1554157063
3579.9941159164	0.1602666546
3580.9944101206	0.1629886732
3581.9947043248	0.1635524662
3582.9949985290	0.1605086233
3583.9952927332	0.1608741991
3584.9955869373	0.1603298660
3585.9958811415	0.1599013642
3586.9961753457	0.1520788815
3587.9964695499	0.1486706991
3588.9967637540	0.1474751832
3589.9970579582	0.1553915770
3590.9973521624	0.1560443312
3591.9976463666	0.1588883638
3592.9979405708	0.1552143092
3593.9982347749	0.1582009597
3594.9985289791	0.1569053578
3595.9988231833	0.1597174071
3596.9991173875	0.1534061250
3597.9994115916	0.1501769335
3598.9997057958	0.1391758911
3600.0000000000	0.1416693442
