200.0000000000	0.1817716831
201.0002942042	0.1796896073
202.0005884084	0.1760151959
203.0008826125	0.1735587624
204.0011768167	0.1718286749
205.0014710209	0.1688336861
206.0017652251	0.1655839996
207.0020594292	0.1638480927
208.0023536334	0.1634224361
209.0026478376	0.1610922613
210.0029420418	0.1585834958
211.0032362460	0.1555158861
212.0035304501	0.1532101529
213.0038246543	0.1542095060
214.0041188585	0.1508441983
215.0044130627	0.1479853279
216.0047072668	0.1463378231
217.0050014710	0.1448772501
218.0052956752	0.1429812610
219.0055898794	0.1432895068
220.0058840836	0.1415273739
221.0061782877	0.1400088887
222.0064724919	0.1417782351
223.0067666961	0.1394973341
224.0070609003	0.1372759972
225.0073551044	0.1376959805
226.0076493086	0.1393654348
227.0079435128	0.1372523192
228.0082377170	0.1372468297
229.0085319212	0.1358816466
230.0088261253	0.1352578274
231.0091203295	0.1363137368
232.0094145337	0.1361955603
233.0097087379	0.1361502779
234.0100029420	0.1350301328
235.0102971462	0.1341585038
236.0105913504	0.1351798238
237.0108855546	0.1355552738
238.0111797588	0.1347871150
239.0114739629	0.1335725569
240.0117681671	0.1329848011
241.0120623713	0.1336851476
242.0123565755	0.1335481192
243.0126507796	0.1340153870
244.0129449838	0.1328777313
245.0132391880	0.1312875557
246.0135333922	0.1323682182
247.0138275964	0.1298468743
248.0141218005	0.1298948158
249.0144160047	0.1294953518
250.0147102089	0.1267497129
251.0150044131	0.1265035583
252.0152986172	0.1256921900
253.0155928214	0.1239738586
254.0158870256	0.1231636319
255.0161812298	0.1231563194
256.0164754340	0.1220052249
257.0167696381	0.1212014851
258.0170638423	0.1208686766
259.0173580465	0.1193785627
260.0176522507	0.1176458649
261.0179464548	0.1169086772
262.0182406590	0.1160916184
263.0185348632	0.1161920216
264.0188290674	0.1152899558
265.0191232716	0.1134970310
266.0194174757	0.1125956352
267.0197116799	0.1126492420
268.0200058841	0.1120243725
269.0203000883	0.1102671314
270.0205942924	0.1090216318
271.0208884966	0.1085824826
272.0211827008	0.1075241953
273.0214769050	0.1057452390
274.0217711091	0.1032983726
275.0220653133	0.1023307908
276.0223595175	0.1032453265
277.0226537217	0.1014657780
278.0229479259	0.1002632448
279.0232421300	0.0988880066
280.0235363342	0.0980889920
281.0238305384	0.0985810247
282.0241247426	0.0954975060
283.0244189467	0.0963232066
284.0247131509	0.0967622255
285.0250073551	0.0953235794
286.0253015593	0.0928835194
287.0255957635	0.0937884928
288.0258899676	0.0923473796
289.0261841718	0.0921895142
290.0264783760	0.0931801560
291.0267725802	0.0905073584
292.0270667843	0.0909523979
293.0273609885	0.0920966322
294.0276551927	0.0923762482
295.0279493969	0.0913148584
296.0282436011	0.0904966586
297.0285378052	0.0897726810
298.0288320094	0.0894671348
299.0291262136	0.0895183094
300.0294204178	0.0891928470
301.0297146219	0.0874722633
302.0300088261	0.0887325242
303.0303030303	0.0890909253
304.0305972345	0.0880730088
305.0308914387	0.0879032603
306.0311856428	0.0908864951
307.0314798470	0.0915869781
308.0317740512	0.0913494786
309.0320682554	0.0898807156
310.0323624595	0.0882530840
311.0326566637	0.0891272338
312.0329508679	0.0891317833
313.0332450721	0.0898570922
314.0335392763	0.0902942442
315.0338334804	0.0892626775
316.0341276846	0.0891471860
317.0344218888	0.0897463483
318.0347160930	0.0895434138
319.0350102971	0.0891876170
320.0353045013	0.0887977301
321.0355987055	0.0878687160
322.0358929097	0.0875617768
323.0361871139	0.0871285122
324.0364813180	0.0884355234
325.0367755222	0.0886093536
326.0370697264	0.0873391419
327.0373639306	0.0878552529
328.0376581347	0.0878442196
329.0379523389	0.0867901314
330.0382465431	0.0865155385
331.0385407473	0.0865582268
332.0388349515	0.0862285757
333.0391291556	0.0873969755
334.0394233598	0.0862293943
335.0397175640	0.0850073127
336.0400117682	0.0843517050
337.0403059723	0.0832764326
338.0406001765	0.0852315578
339.0408943807	0.0867101822
340.0411885849	0.0872853636
341.0414827891	0.0869909810
342.0417769932	0.0860376887
343.0420711974	0.0894352534
344.0423654016	0.0910173942
345.0426596058	0.0936193886
346.0429538099	0.0967594354
347.0432480141	0.0977525509
348.0435422183	0.1007687420
349.0438364225	0.1034135001
350.0441306267	0.1048967247
351.0444248308	0.1065378758
352.0447190350	0.1108468278
353.0450132392	0.1141920616
354.0453074434	0.1180283783
355.0456016475	0.1214905270
356.0458958517	0.1234605798
357.0461900559	0.1230403180
358.0464842601	0.1247103271
359.0467784643	0.1267365013
360.0470726684	0.1274344613
361.0473668726	0.1263654003
362.0476610768	0.1249393943
363.0479552810	0.1262420570
364.0482494851	0.1268503822
365.0485436893	0.1259068520
366.0488378935	0.1237742535
367.0491320977	0.1223319027
368.0494263019	0.1222950501
369.0497205060	0.1203730520
370.0500147102	0.1177530513
371.0503089144	0.1162784128
372.0506031186	0.1157587789
373.0508973227	0.1135284364
374.0511915269	0.1117330210
375.0514857311	0.1096838067
376.0517799353	0.1081983233
377.0520741395	0.1080428376
378.0523683436	0.1071801287
379.0526625478	0.1049448223
380.0529567520	0.1019769460
381.0532509562	0.1013147706
382.0535451603	0.1006506099
383.0538393645	0.0981628799
384.0541335687	0.0974160214
385.0544277729	0.0967360933
386.0547219771	0.0959444565
387.0550161812	0.0946062747
388.0553103854	0.0930603583
389.0556045896	0.0923479240
390.0558987938	0.0919880988
391.0561929979	0.0901168794
392.0564872021	0.0885430344
393.0567814063	0.0886349943
394.0570756105	0.0890035029
395.0573698147	0.0879798758
396.0576640188	0.0872419666
397.0579582230	0.0860435189
398.0582524272	0.0842635526
399.0585466314	0.0831974905
400.0588408355	0.0836467060
401.0591350397	0.0809075874
402.0594292439	0.0804912157
403.0597234481	0.0807896114
404.0600176523	0.0802150839
405.0603118564	0.0789975593
406.0606060606	0.0790582185
407.0609002648	0.0797247108
408.0611944690	0.0796685094
409.0614886731	0.0788222079
410.0617828773	0.0776679697
411.0620770815	0.0764930326
412.0623712857	0.0760988377
413.0626654899	0.0756780356
414.0629596940	0.0753048304
415.0632538982	0.0749595201
416.0635481024	0.0726670305
417.0638423066	0.0743103131
418.0641365107	0.0740425257
419.0644307149	0.0728182549
420.0647249191	0.0720268982
421.0650191233	0.0700417494
422.0653133274	0.0709605633
423.0656075316	0.0704655646
424.0659017358	0.0692780942
425.0661959400	0.0687861353
426.0664901442	0.0690666913
427.0667843483	0.0686713595
428.0670785525	0.0696708419
429.0673727567	0.0704236021
430.0676669609	0.0695384819
431.0679611650	0.0674958983
432.0682553692	0.0665204403
433.0685495734	0.0675497220
434.0688437776	0.0678140387
435.0691379818	0.0666798120
436.0694321859	0.0662873717
437.0697263901	0.0664148073
438.0700205943	0.0656472449
439.0703147985	0.0659401185
440.0706090026	0.0665941427
441.0709032068	0.0663610196
442.0711974110	0.0660440369
443.0714916152	0.0656282142
444.0717858194	0.0651834171
445.0720800235	0.0641806969
446.0723742277	0.0645624266
447.0726684319	0.0656647751
448.0729626361	0.0654679098
449.0732568402	0.0653853523
450.0735510444	0.0658030838
451.0738452486	0.0655689481
452.0741394528	0.0643091354
453.0744336570	0.0632312875
454.0747278611	0.0626798112
455.0750220653	0.0615940210
456.0753162695	0.0616657907
457.0756104737	0.0618733624
458.0759046778	0.0628367178
459.0761988820	0.0646908355
460.0764930862	0.0655062141
461.0767872904	0.0650174921
462.0770814946	0.0646673033
463.0773756987	0.0641007365
464.0776699029	0.0636818766
465.0779641071	0.0644157806
466.0782583113	0.0663685305
467.0785525154	0.0666383519
468.0788467196	0.0662284552
469.0791409238	0.0664612842
470.0794351280	0.0675894189
471.0797293322	0.0675207663
472.0800235363	0.0684663766
473.0803177405	0.0680950985
474.0806119447	0.0679366605
475.0809061489	0.0687085972
476.0812003530	0.0685701096
477.0814945572	0.0697283618
478.0817887614	0.0692469069
479.0820829656	0.0695094471
480.0823771698	0.0704088369
481.0826713739	0.0700309240
482.0829655781	0.0697545296
483.0832597823	0.0696381586
484.0835539865	0.0708900870
485.0838481906	0.0714329863
486.0841423948	0.0704460833
487.0844365990	0.0735647505
488.0847308032	0.0735222278
489.0850250074	0.0734543175
490.0853192115	0.0736776230
491.0856134157	0.0740711677
492.0859076199	0.0741264636
493.0862018241	0.0729603344
494.0864960282	0.0739301040
495.0867902324	0.0743568829
496.0870844366	0.0739621271
497.0873786408	0.0742942280
498.0876728450	0.0745882161
499.0879670491	0.0747573376
500.0882612533	0.0746649776
501.0885554575	0.0748080008
502.0888496617	0.0766200166
503.0891438658	0.0786354244
504.0894380700	0.0776859811
505.0897322742	0.0762961525
506.0900264784	0.0770270270
507.0903206826	0.0788133211
508.0906148867	0.0794307983
509.0909090909	0.0802625361
510.0912032951	0.0814444237
511.0914974993	0.0815606842
512.0917917034	0.0821556194
513.0920859076	0.0837752167
514.0923801118	0.0861565116
515.0926743160	0.0883100065
516.0929685202	0.0893013654
517.0932627243	0.0905376557
518.0935569285	0.0898915213
519.0938511327	0.0907692011
520.0941453369	0.0938970885
521.0944395410	0.0968997579
522.0947337452	0.0984355917
523.0950279494	0.1004816373
524.0953221536	0.1007284447
525.0956163578	0.1026410475
526.0959105619	0.1058692797
527.0962047661	0.1076525447
528.0964989703	0.1071288620
529.0967931745	0.1073602094
530.0970873786	0.1097069861
531.0973815828	0.1115760698
532.0976757870	0.1122624058
533.0979699912	0.1136523510
534.0982641954	0.1143204415
535.0985583995	0.1146185059
536.0988526037	0.1170422873
537.0991468079	0.1189968672
538.0994410121	0.1180464287
539.0997352162	0.1203495182
540.1000294204	0.1219879249
541.1003236246	0.1231413338
542.1006178288	0.1245975237
543.1009120330	0.1266364455
544.1012062371	0.1291208042
545.1015004413	0.1337819613
546.1017946455	0.1353552540
547.1020888497	0.1361305549
548.1023830538	0.1383211198
549.1026772580	0.1412539951
550.1029714622	0.1400187073
551.1032656664	0.1431275914
552.1035598706	0.1448993961
553.1038540747	0.1458505395
554.1041482789	0.1470979295
555.1044424831	0.1486934879
556.1047366873	0.1492600211
557.1050308914	0.1484145311
558.1053250956	0.1460552124
559.1056192998	0.1451635953
560.1059135040	0.1462631720
561.1062077081	0.1459363740
562.1065019123	0.1445845451
563.1067961165	0.1412604261
564.1070903207	0.1370107707
565.1073845249	0.1341170042
566.1076787290	0.1308391808
567.1079729332	0.1272961693
568.1082671374	0.1256979821
569.1085613416	0.1217936368
570.1088555457	0.1202767442
571.1091497499	0.1212242762
572.1094439541	0.1206343222
573.1097381583	0.1178342950
574.1100323625	0.1150852210
575.1103265666	0.1148927458
576.1106207708	0.1120557682
577.1109149750	0.1110731528
578.1112091792	0.1124655461
579.1115033833	0.1122693560
580.1117975875	0.1108135603
581.1120917917	0.1095048751
582.1123859959	0.1090870807
583.1126802001	0.1087471480
584.1129744042	0.1091142995
585.1132686084	0.1092107482
586.1135628126	0.1085507038
587.1138570168	0.1097060461
588.1141512209	0.1099441905
589.1144454251	0.1094470515
590.1147396293	0.1077666774
591.1150338335	0.1061606559
592.1153280377	0.1065282256
593.1156222418	0.1074597368
594.1159164460	0.1071517600
595.1162106502	0.1065657661
596.1165048544	0.1052356548
597.1167990585	0.1043035141
598.1170932627	0.1062711518
599.1173874669	0.1052499643
600.1176816711	0.1064628664
601.1179758753	0.1047018411
602.1182700794	0.1040724581
603.1185642836	0.1066841547
604.1188584878	0.1053223775
605.1191526920	0.1045753658
606.1194468961	0.1067578773
607.1197411003	0.1083124499
608.1200353045	0.1081576520
609.1203295087	0.1076151893
610.1206237129	0.1090579842
611.1209179170	0.1065957690
612.1212121212	0.1039586202
613.1215063254	0.1035901555
614.1218005296	0.1038547389
615.1220947337	0.1017950496
616.1223889379	0.0999434061
617.1226831421	0.0976403530
618.1229773463	0.0959437595
619.1232715505	0.0946345965
620.1235657546	0.0932224870
621.1238599588	0.0911405726
622.1241541630	0.0889293474
623.1244483672	0.0879619695
624.1247425713	0.0863016728
625.1250367755	0.0858580040
626.1253309797	0.0866342100
627.1256251839	0.0869835176
628.1259193881	0.0874516165
629.1262135922	0.0867990566
630.1265077964	0.0857915110
631.1268020006	0.0854785535
632.1270962048	0.0869955452
633.1273904089	0.0885485576
634.1276846131	0.0879117805
635.1279788173	0.0868658315
636.1282730215	0.0871995534
637.1285672257	0.0877273469
638.1288614298	0.0882450398
639.1291556340	0.0891947548
640.1294498382	0.0899964547
641.1297440424	0.0900771203
642.1300382465	0.0894131411
643.1303324507	0.0895517921
644.1306266549	0.0909230263
645.1309208591	0.0898559242
646.1312150633	0.0887441810
647.1315092674	0.0893171177
648.1318034716	0.0896536639
649.1320976758	0.0898119959
650.1323918800	0.0899105580
651.1326860841	0.0892724895
652.1329802883	0.0888598294
653.1332744925	0.0885602986
654.1335686967	0.0874008266
655.1338629009	0.0893607847
656.1341571050	0.0883780775
657.1344513092	0.0894157713
658.1347455134	0.0906101769
659.1350397176	0.0903427305
660.1353339217	0.0901158034
661.1356281259	0.0894541647
662.1359223301	0.0896421791
663.1362165343	0.0907790419
664.1365107385	0.0912518927
665.1368049426	0.0912132598
666.1370991468	0.0929457774
667.1373933510	0.0925262343
668.1376875552	0.0913104095
669.1379817593	0.0929988468
670.1382759635	0.0942936290
671.1385701677	0.0941955358
672.1388643719	0.0958430372
673.1391585761	0.0954450725
674.1394527802	0.0950551032
675.1397469844	0.0954458739
676.1400411886	0.0955947896
677.1403353928	0.0953630379
678.1406295969	0.0954709957
679.1409238011	0.0942040250
680.1412180053	0.0932484963
681.1415122095	0.0930818177
682.1418064137	0.0925710791
683.1421006178	0.0913898747
684.1423948220	0.0896512982
685.1426890262	0.0869599180
686.1429832304	0.0852114593
687.1432774345	0.0827632917
688.1435716387	0.0798915613
689.1438658429	0.0777310384
690.1441600471	0.0767388499
691.1444542513	0.0750255947
692.1447484554	0.0730016388
693.1450426596	0.0726027618
694.1453368638	0.0711109202
695.1456310680	0.0696397998
696.1459252721	0.0700612924
697.1462194763	0.0703276427
698.1465136805	0.0697314447
699.1468078847	0.0689086510
700.1471020888	0.0682561086
701.1473962930	0.0675220972
702.1476904972	0.0660539904
703.1479847014	0.0653970722
704.1482789056	0.0659195601
705.1485731097	0.0664165500
706.1488673139	0.0664560995
707.1491615181	0.0672547787
708.1494557223	0.0668606970
709.1497499264	0.0665609961
710.1500441306	0.0683989073
711.1503383348	0.0704512444
712.1506325390	0.0704469665
713.1509267432	0.0710938526
714.1512209473	0.0724273383
715.1515151515	0.0738073964
716.1518093557	0.0760720992
717.1521035599	0.0787098318
718.1523977640	0.0813851843
719.1526919682	0.0857790880
720.1529861724	0.0889775908
721.1532803766	0.0925420928
722.1535745808	0.0966561655
723.1538687849	0.1006021252
724.1541629891	0.1046608758
725.1544571933	0.1106734694
726.1547513975	0.1155613307
727.1550456016	0.1232825969
728.1553398058	0.1305665080
729.1556340100	0.1383695372
730.1559282142	0.1472565326
731.1562224184	0.1562540164
732.1565166225	0.1648753530
733.1568108267	0.1723025103
734.1571050309	0.1787937424
735.1573992351	0.1859108332
736.1576934392	0.1935400395
737.1579876434	0.1997447373
738.1582818476	0.2032418378
739.1585760518	0.2079673529
740.1588702560	0.2144023732
741.1591644601	0.2193573689
742.1594586643	0.2240558135
743.1597528685	0.2292616411
744.1600470727	0.2328003781
745.1603412768	0.2383994150
746.1606354810	0.2443516183
747.1609296852	0.2500286502
748.1612238894	0.2555033943
749.1615180936	0.2611985586
750.1618122977	0.2666524905
751.1621065019	0.2713729501
752.1624007061	0.2763678508
753.1626949103	0.2799998589
754.1629891144	0.2808796650
755.1632833186	0.2820528614
756.1635775228	0.2828232830
757.1638717270	0.2803238374
758.1641659312	0.2763861703
759.1644601353	0.2713389693
760.1647543395	0.2652264410
761.1650485437	0.2562281603
762.1653427479	0.2467660384
763.1656369520	0.2374133044
764.1659311562	0.2266725317
765.1662253604	0.2148868887
766.1665195646	0.2024564708
767.1668137688	0.1902772809
768.1671079729	0.1805631510
769.1674021771	0.1729623765
770.1676963813	0.1637782402
771.1679905855	0.1548912307
772.1682847896	0.1478527780
773.1685789938	0.1417803476
774.1688731980	0.1367674593
775.1691674022	0.1312625217
776.1694616064	0.1240768662
777.1697558105	0.1192201641
778.1700500147	0.1173470786
779.1703442189	0.1152459262
780.1706384231	0.1096243825
781.1709326272	0.1078468430
782.1712268314	0.1055362303
783.1715210356	0.1052941444
784.1718152398	0.1033920621
785.1721094440	0.0998552877
786.1724036481	0.0979670247
787.1726978523	0.0975564535
788.1729920565	0.0978105681
789.1732862607	0.0940597966
790.1735804648	0.0931983450
791.1738746690	0.0926958715
792.1741688732	0.0907987242
793.1744630774	0.0908433378
794.1747572816	0.0902495027
795.1750514857	0.0884816039
796.1753456899	0.0890497397
797.1756398941	0.0901457315
798.1759340983	0.0895561615
799.1762283024	0.0877380531
800.1765225066	0.0885486738
801.1768167108	0.0895084701
802.1771109150	0.0895229196
803.1774051192	0.0880288993
804.1776993233	0.0880999867
805.1779935275	0.0894687457
806.1782877317	0.0892503903
807.1785819359	0.0896476438
808.1788761400	0.0898624049
809.1791703442	0.0894808128
810.1794645484	0.0901866744
811.1797587526	0.0912342268
812.1800529568	0.0914403832
813.1803471609	0.0915230787
814.1806413651	0.0925077978
815.1809355693	0.0938015244
816.1812297735	0.0949451074
817.1815239776	0.0975518928
818.1818181818	0.0995204134
819.1821123860	0.0996764208
820.1824065902	0.1001354420
821.1827007944	0.1013820848
822.1829949985	0.1031647874
823.1832892027	0.1048630528
824.1835834069	0.1065993423
825.1838776111	0.1103356365
826.1841718152	0.1147368745
827.1844660194	0.1173036097
828.1847602236	0.1195687106
829.1850544278	0.1229427350
830.1853486320	0.1273724839
831.1856428361	0.1324087675
832.1859370403	0.1348795576
833.1862312445	0.1386519138
834.1865254487	0.1428292525
835.1868196528	0.1467845197
836.1871138570	0.1506170608
837.1874080612	0.1542773369
838.1877022654	0.1591553845
839.1879964695	0.1640690571
840.1882906737	0.1695819193
841.1885848779	0.1743593693
842.1888790821	0.1795990606
843.1891732863	0.1853111987
844.1894674904	0.1900937961
845.1897616946	0.1947767470
846.1900558988	0.1981071186
847.1903501030	0.2026729381
848.1906443071	0.2073732305
849.1909385113	0.2117458737
850.1912327155	0.2157855319
851.1915269197	0.2190035814
852.1918211239	0.2187329187
853.1921153280	0.2188992572
854.1924095322	0.2147983624
855.1927037364	0.2122647953
856.1929979406	0.2088616816
857.1932921447	0.2024200946
858.1935863489	0.1956329838
859.1938805531	0.1898612815
860.1941747573	0.1800029071
861.1944689615	0.1714568746
862.1947631656	0.1639859964
863.1950573698	0.1578964350
864.1953515740	0.1516511342
865.1956457782	0.1437686360
866.1959399823	0.1390663635
867.1962341865	0.1337940274
868.1965283907	0.1290966393
869.1968225949	0.1251980918
870.1971167991	0.1219659731
871.1974110032	0.1198358616
872.1977052074	0.1181021597
873.1979994116	0.1151273220
874.1982936158	0.1136800767
875.1985878199	0.1130092548
876.1988820241	0.1120588931
877.1991762283	0.1100846171
878.1994704325	0.1089892630
879.1997646367	0.1091473095
880.2000588408	0.1103046649
881.2003530450	0.1133911066
882.2006472492	0.1149346871
883.2009414534	0.1155059173
884.2012356575	0.1183249316
885.2015298617	0.1224729682
886.2018240659	0.1251846567
887.2021182701	0.1286118648
888.2024124743	0.1335975123
889.2027066784	0.1392555879
890.2030008826	0.1445929319
891.2032950868	0.1482889020
892.2035892910	0.1538493834
893.2038834951	0.1580403959
894.2041776993	0.1617380266
895.2044719035	0.1653634726
896.2047661077	0.1678099641
897.2050603119	0.1690268505
898.2053545160	0.1692291064
899.2056487202	0.1684499741
900.2059429244	0.1654850249
901.2062371286	0.1619133383
902.2065313327	0.1582171925
903.2068255369	0.1539889284
904.2071197411	0.1487707254
905.2074139453	0.1422904522
906.2077081495	0.1346081519
907.2080023536	0.1305304814
908.2082965578	0.1251954052
909.2085907620	0.1209606319
910.2088849662	0.1182074449
911.2091791703	0.1152762140
912.2094733745	0.1115659701
913.2097675787	0.1107393027
914.2100617829	0.1069755431
915.2103559871	0.1101095668
916.2106501912	0.1103065695
917.2109443954	0.1095598173
918.2112385996	0.1105382272
919.2115328038	0.1130454996
920.2118270079	0.1147609485
921.2121212121	0.1173764662
922.2124154163	0.1238371605
923.2127096205	0.1310316173
924.2130038247	0.1394227348
925.2132980288	0.1509588228
926.2135922330	0.1662775790
927.2138864372	0.1859831013
928.2141806414	0.2125565204
929.2144748455	0.2358952953
930.2147690497	0.2610178556
931.2150632539	0.2844835498
932.2153574581	0.3044154386
933.2156516623	0.3176785531
934.2159458664	0.3210933155
935.2162400706	0.3132329878
936.2165342748	0.2945492410
937.2168284790	0.2730743930
938.2171226831	0.2493988389
939.2174168873	0.2236453092
940.2177110915	0.1976720067
941.2180052957	0.1720873143
942.2182994999	0.1502961296
943.2185937040	0.1340717392
944.2188879082	0.1190805113
945.2191821124	0.1069815033
946.2194763166	0.0980642648
947.2197705207	0.0903289071
948.2200647249	0.0830282151
949.2203589291	0.0766661742
950.2206531333	0.0728706318
951.2209473375	0.0708281234
952.2212415416	0.0689532241
953.2215357458	0.0673206216
954.2218299500	0.0661510537
955.2221241542	0.0652617678
956.2224183583	0.0624903741
957.2227125625	0.0628609160
958.2230067667	0.0639230669
959.2233009709	0.0638987211
960.2235951751	0.0635928995
961.2238893792	0.0631178290
962.2241835834	0.0622845755
963.2244777876	0.0619446150
964.2247719918	0.0634126675
965.2250661959	0.0638663456
966.2253604001	0.0642732527
967.2256546043	0.0652475745
968.2259488085	0.0653312330
969.2262430127	0.0639419508
970.2265372168	0.0638329516
971.2268314210	0.0646737903
972.2271256252	0.0651421368
973.2274198294	0.0643911034
974.2277140335	0.0640380169
975.2280082377	0.0640530489
976.2283024419	0.0644750448
977.2285966461	0.0656834198
978.2288908503	0.0659962258
979.2291850544	0.0672297404
980.2294792586	0.0672233346
981.2297734628	0.0671263805
982.2300676670	0.0677984800
983.2303618711	0.0696453387
984.2306560753	0.0715693845
985.2309502795	0.0718784205
986.2312444837	0.0723677873
987.2315386878	0.0746513805
988.2318328920	0.0774377093
989.2321270962	0.0786736194
990.2324213004	0.0797611075
991.2327155046	0.0813538639
992.2330097087	0.0833386908
993.2333039129	0.0866542368
994.2335981171	0.0911157395
995.2338923213	0.0939536975
996.2341865254	0.0955181655
997.2344807296	0.0982940155
998.2347749338	0.1014993697
999.2350691380	0.1042637029
1000.2353633422	0.1062920330
1001.2356575463	0.1071443822
1002.2359517505	0.1072385699
1003.2362459547	0.1060592801
1004.2365401589	0.1031844027
1005.2368343630	0.1001219014
1006.2371285672	0.0981732817
1007.2374227714	0.0961082487
1008.2377169756	0.0944538587
1009.2380111798	0.0938643790
1010.2383053839	0.0938919927
1011.2385995881	0.0952835567
1012.2388937923	0.0981735205
1013.2391879965	0.1012266699
1014.2394822006	0.1030165977
1015.2397764048	0.1065879420
1016.2400706090	0.1090423454
1017.2403648132	0.1113509605
1018.2406590174	0.1143020067
1019.2409532215	0.1162539660
1020.2412474257	0.1180697209
1021.2415416299	0.1210478504
1022.2418358341	0.1243439318
1023.2421300382	0.1255893968
1024.2424242424	0.1270000431
1025.2427184466	0.1277971336
1026.2430126508	0.1282730111
1027.2433068550	0.1286610421
1028.2436010591	0.1281474997
1029.2438952633	0.1272191272
1030.2441894675	0.1270098740
1031.2444836717	0.1252621111
1032.2447778758	0.1233737018
1033.2450720800	0.1197298177
1034.2453662842	0.1178616263
1035.2456604884	0.1155536579
1036.2459546926	0.1133535316
1037.2462488967	0.1112861670
1038.2465431009	0.1081741914
1039.2468373051	0.1067809812
1040.2471315093	0.1042488310
1041.2474257134	0.1036454727
1042.2477199176	0.1034896550
1043.2480141218	0.1023070219
1044.2483083260	0.1020282793
1045.2486025302	0.1022755283
1046.2488967343	0.1008749894
1047.2491909385	0.0994437050
1048.2494851427	0.1002962860
1049.2497793469	0.1001636333
1050.2500735510	0.1001194034
1051.2503677552	0.1000654676
1052.2506619594	0.0999260374
1053.2509561636	0.0994573225
1054.2512503678	0.0989941359
1055.2515445719	0.0995907508
1056.2518387761	0.1001104388
1057.2521329803	0.0989961472
1058.2524271845	0.0993407510
1059.2527213886	0.0985382167
1060.2530155928	0.0976078024
1061.2533097970	0.0975810118
1062.2536040012	0.0979489964
1063.2538982054	0.0973835252
1064.2541924095	0.0967301980
1065.2544866137	0.0987291726
1066.2547808179	0.1012886051
1067.2550750221	0.1024168663
1068.2553692262	0.1035690524
1069.2556634304	0.1043349238
1070.2559576346	0.1055565773
1071.2562518388	0.1072593014
1072.2565460430	0.1075958176
1073.2568402471	0.1086143212
1074.2571344513	0.1101337636
1075.2574286555	0.1101031728
1076.2577228597	0.1088853802
1077.2580170638	0.1080351355
1078.2583112680	0.1089060632
1079.2586054722	0.1075506125
1080.2588996764	0.1055004677
1081.2591938806	0.1048470178
1082.2594880847	0.1040640078
1083.2597822889	0.1028750719
1084.2600764931	0.1023226392
1085.2603706973	0.1026222779
1086.2606649014	0.1030344264
1087.2609591056	0.1033875611
1088.2612533098	0.1023380702
1089.2615475140	0.1025432495
1090.2618417182	0.1027374832
1091.2621359223	0.1019560249
1092.2624301265	0.1032971368
1093.2627243307	0.1057578628
1094.2630185349	0.1067830324
1095.2633127390	0.1076886312
1096.2636069432	0.1074239876
1097.2639011474	0.1064863279
1098.2641953516	0.1086129658
1099.2644895558	0.1095810545
1100.2647837599	0.1101717060
1101.2650779641	0.1115919329
1102.2653721683	0.1133414053
1103.2656663725	0.1140229059
1104.2659605766	0.1135338606
1105.2662547808	0.1134426536
1106.2665489850	0.1143005422
1107.2668431892	0.1155546872
1108.2671373934	0.1140261074
1109.2674315975	0.1136654457
1110.2677258017	0.1133882899
1111.2680200059	0.1124621400
1112.2683142101	0.1127902196
1113.2686084142	0.1126819944
1114.2689026184	0.1115629598
1115.2691968226	0.1096920391
1116.2694910268	0.1088081763
1117.2697852310	0.1081377023
1118.2700794351	0.1069140735
1119.2703736393	0.1053397173
1120.2706678435	0.1031436979
1121.2709620477	0.0999628309
1122.2712562518	0.0981962862
1123.2715504560	0.0985062059
1124.2718446602	0.0970598263
1125.2721388644	0.0940330777
1126.2724330685	0.0897913385
1127.2727272727	0.0872755446
1128.2730214769	0.0862096384
1129.2733156811	0.0847117397
1130.2736098853	0.0827179070
1131.2739040894	0.0794836619
1132.2741982936	0.0767719151
1133.2744924978	0.0746368715
1134.2747867020	0.0722576422
1135.2750809061	0.0716636707
1136.2753751103	0.0716846968
1137.2756693145	0.0720158629
1138.2759635187	0.0716290419
1139.2762577229	0.0708863508
1140.2765519270	0.0712009076
1141.2768461312	0.0719469575
1142.2771403354	0.0719482045
1143.2774345396	0.0721310347
1144.2777287437	0.0732590444
1145.2780229479	0.0744438598
1146.2783171521	0.0748949425
1147.2786113563	0.0753792158
1148.2789055605	0.0754009723
1149.2791997646	0.0756219894
1150.2794939688	0.0738359366
1151.2797881730	0.0718572807
1152.2800823772	0.0722138277
1153.2803765813	0.0734782809
1154.2806707855	0.0731832442
1155.2809649897	0.0719850289
1156.2812591939	0.0726638161
1157.2815533981	0.0719632970
1158.2818476022	0.0725762884
1159.2821418064	0.0726137417
1160.2824360106	0.0726487349
1161.2827302148	0.0722217002
1162.2830244189	0.0726048834
1163.2833186231	0.0739556573
1164.2836128273	0.0745410411
1165.2839070315	0.0740059248
1166.2842012357	0.0746778457
1167.2844954398	0.0732950026
1168.2847896440	0.0747846140
1169.2850838482	0.0740553913
1170.2853780524	0.0750784804
1171.2856722565	0.0752226109
1172.2859664607	0.0743538374
1173.2862606649	0.0737788099
1174.2865548691	0.0724131820
1175.2868490733	0.0722252279
1176.2871432774	0.0748332702
1177.2874374816	0.0730706765
1178.2877316858	0.0728436955
1179.2880258900	0.0728276709
1180.2883200941	0.0726734272
1181.2886142983	0.0722891962
1182.2889085025	0.0721947702
1183.2892027067	0.0725476077
1184.2894969109	0.0721738644
1185.2897911150	0.0712288191
1186.2900853192	0.0719288979
1187.2903795234	0.0741575280
1188.2906737276	0.0748013400
1189.2909679317	0.0742779905
1190.2912621359	0.0750495175
1191.2915563401	0.0770839477
1192.2918505443	0.0789276419
1193.2921447485	0.0793694281
1194.2924389526	0.0802441650
1195.2927331568	0.0828804078
1196.2930273610	0.0848953053
1197.2933215652	0.0863349377
1198.2936157693	0.0889615550
1199.2939099735	0.0923137952
1200.2942041777	0.0941432575
1201.2944983819	0.0953414784
1202.2947925861	0.0988007203
1203.2950867902	0.1015827349
1204.2953809944	0.1020397183
1205.2956751986	0.1030487771
1206.2959694028	0.1028855010
1207.2962636069	0.1053154892
1208.2965578111	0.1085281422
1209.2968520153	0.1085118202
1210.2971462195	0.1070914122
1211.2974404237	0.1063040754
1212.2977346278	0.1074857253
1213.2980288320	0.1081150473
1214.2983230362	0.1090241925
1215.2986172404	0.1102776845
1216.2989114445	0.1107132126
1217.2992056487	0.1129041364
1218.2994998529	0.1170979313
1219.2997940571	0.1213813021
1220.3000882613	0.1250333808
1221.3003824654	0.1286745839
1222.3006766696	0.1319523933
1223.3009708738	0.1391343580
1224.3012650780	0.1476407101
1225.3015592821	0.1531496382
1226.3018534863	0.1577024718
1227.3021476905	0.1637077653
1228.3024418947	0.1673933868
1229.3027360989	0.1699795547
1230.3030303030	0.1735155152
1231.3033245072	0.1725600801
1232.3036187114	0.1699587017
1233.3039129156	0.1656398027
1234.3042071197	0.1633182571
1235.3045013239	0.1581572406
1236.3047955281	0.1510776811
1237.3050897323	0.1446096083
1238.3053839365	0.1371659437
1239.3056781406	0.1282700892
1240.3059723448	0.1205455975
1241.3062665490	0.1146425078
1242.3065607532	0.1083889475
1243.3068549573	0.1033978784
1244.3071491615	0.0966529699
1245.3074433657	0.0908911587
1246.3077375699	0.0865566430
1247.3080317741	0.0836981226
1248.3083259782	0.0799857189
1249.3086201824	0.0766071846
1250.3089143866	0.0744989355
1251.3092085908	0.0720743733
1252.3095027949	0.0697350993
1253.3097969991	0.0683363598
1254.3100912033	0.0671394705
1255.3103854075	0.0655147765
1256.3106796117	0.0645699528
1257.3109738158	0.0653171981
1258.3112680200	0.0656289112
1259.3115622242	0.0642936864
1260.3118564284	0.0631352756
1261.3121506325	0.0635920498
1262.3124448367	0.0656076793
1263.3127390409	0.0666390843
1264.3130332451	0.0677635333
1265.3133274492	0.0701993254
1266.3136216534	0.0714843885
1267.3139158576	0.0724752299
1268.3142100618	0.0748297460
1269.3145042660	0.0774319051
1270.3147984701	0.0801058062
1271.3150926743	0.0822655613
1272.3153868785	0.0842642484
1273.3156810827	0.0860624919
1274.3159752868	0.0883660300
1275.3162694910	0.0881172340
1276.3165636952	0.0885328712
1277.3168578994	0.0879458146
1278.3171521036	0.0877250625
1279.3174463077	0.0871258656
1280.3177405119	0.0868200347
1281.3180347161	0.0878226155
1282.3183289203	0.0887508804
1283.3186231244	0.0886268100
1284.3189173286	0.0886758125
1285.3192115328	0.0907804177
1286.3195057370	0.0936335522
1287.3197999412	0.0961675492
1288.3200941453	0.0967022024
1289.3203883495	0.0973100007
1290.3206825537	0.0998260209
1291.3209767579	0.1034970556
1292.3212709620	0.1058237939
1293.3215651662	0.1073903977
1294.3218593704	0.1096631189
1295.3221535746	0.1116732574
1296.3224477788	0.1154702268
1297.3227419829	0.1151903006
1298.3230361871	0.1177729247
1299.3233303913	0.1206871940
1300.3236245955	0.1235262194
1301.3239187996	0.1252198218
1302.3242130038	0.1279664747
1303.3245072080	0.1320573949
1304.3248014122	0.1343327469
1305.3250956164	0.1352631810
1306.3253898205	0.1342223391
1307.3256840247	0.1383390998
1308.3259782289	0.1405998662
1309.3262724331	0.1425787747
1310.3265666372	0.1420651971
1311.3268608414	0.1394936466
1312.3271550456	0.1365865252
1313.3274492498	0.1342777184
1314.3277434540	0.1315809300
1315.3280376581	0.1294679522
1316.3283318623	0.1258714089
1317.3286260665	0.1208556047
1318.3289202707	0.1184653495
1319.3292144748	0.1148631682
1320.3295086790	0.1112471393
1321.3298028832	0.1075532059
1322.3300970874	0.1040351699
1323.3303912916	0.1012240044
1324.3306854957	0.0999174683
1325.3309796999	0.0973318071
1326.3312739041	0.0967239396
1327.3315681083	0.0949335409
1328.3318623124	0.0922809336
1329.3321565166	0.0940280704
1330.3324507208	0.0960564112
1331.3327449250	0.0968101232
1332.3330391292	0.0982238866
1333.3333333333	0.0998489660
1334.3336275375	0.1009630662
1335.3339217417	0.1030226967
1336.3342159459	0.1061359894
1337.3345101500	0.1083849174
1338.3348043542	0.1132151842
1339.3350985584	0.1151328057
1340.3353927626	0.1195964839
1341.3356869668	0.1200480064
1342.3359811709	0.1210916380
1343.3362753751	0.1218620355
1344.3365695793	0.1206899968
1345.3368637835	0.1193232571
1346.3371579876	0.1179069602
1347.3374521918	0.1178474601
1348.3377463960	0.1184422952
1349.3380406002	0.1137042899
1350.3383348044	0.1117056949
1351.3386290085	0.1119300828
1352.3389232127	0.1070223889
1353.3392174169	0.1060006423
1354.3395116211	0.1041200193
1355.3398058252	0.1024399201
1356.3401000294	0.1034110194
1357.3403942336	0.1033228543
1358.3406884378	0.1020801084
1359.3409826420	0.1035935952
1360.3412768461	0.1067616632
1361.3415710503	0.1106302156
1362.3418652545	0.1135489189
1363.3421594587	0.1177903611
1364.3424536628	0.1210515712
1365.3427478670	0.1254926325
1366.3430420712	0.1292242574
1367.3433362754	0.1319311398
1368.3436304796	0.1350762746
1369.3439246837	0.1373166406
1370.3442188879	0.1391319108
1371.3445130921	0.1424794851
1372.3448072963	0.1425946690
1373.3451015004	0.1423289470
1374.3453957046	0.1402112008
1375.3456899088	0.1389454458
1376.3459841130	0.1380043581
1377.3462783172	0.1344537796
1378.3465725213	0.1304305562
1379.3468667255	0.1257455805
1380.3471609297	0.1186662978
1381.3474551339	0.1115921162
1382.3477493380	0.1050838019
1383.3480435422	0.0996533855
1384.3483377464	0.0947961302
1385.3486319506	0.0878530488
1386.3489261548	0.0823579261
1387.3492203589	0.0776705523
1388.3495145631	0.0729151553
1389.3498087673	0.0683932891
1390.3501029715	0.0630588828
1391.3503971756	0.0597942539
1392.3506913798	0.0588363112
1393.3509855840	0.0567468428
1394.3512797882	0.0534157399
1395.3515739924	0.0514106348
1396.3518681965	0.0509640799
1397.3521624007	0.0498828127
1398.3524566049	0.0499086462
1399.3527508091	0.0501882010
1400.3530450132	0.0500800349
1401.3533392174	0.0499226709
1402.3536334216	0.0495608872
1403.3539276258	0.0503509074
1404.3542218300	0.0543622401
1405.3545160341	0.0576322130
1406.3548102383	0.0596207437
1407.3551044425	0.0639597259
1408.3553986467	0.0656739860
1409.3556928508	0.0741399776
1410.3559870550	0.0797735949
1411.3562812592	0.0904956046
1412.3565754634	0.1030913577
1413.3568696675	0.1155721921
1414.3571638717	0.1312974956
1415.3574580759	0.1509343082
1416.3577522801	0.1723270467
1417.3580464843	0.1953689492
1418.3583406884	0.2183225893
1419.3586348926	0.2448945712
1420.3589290968	0.2687844832
1421.3592233010	0.2889648910
1422.3595175051	0.3069909434
1423.3598117093	0.3198859747
1424.3601059135	0.3252920484
1425.3604001177	0.3224820991
1426.3606943219	0.3128013148
1427.3609885260	0.3026930933
1428.3612827302	0.2924341252
1429.3615769344	0.2783213514
1430.3618711386	0.2656991367
1431.3621653427	0.2527170628
1432.3624595469	0.2467413472
1433.3627537511	0.2416745529
1434.3630479553	0.2383769796
1435.3633421595	0.2352195876
1436.3636363636	0.2365997816
1437.3639305678	0.2404798634
1438.3642247720	0.2441789831
1439.3645189762	0.2465968421
1440.3648131803	0.2498833957
1441.3651073845	0.2536428727
1442.3654015887	0.2553661971
1443.3656957929	0.2576425764
1444.3659899971	0.2584710608
1445.3662842012	0.2578491819
1446.3665784054	0.2585760054
1447.3668726096	0.2586758601
1448.3671668138	0.2567340486
1449.3674610179	0.2532855855
1450.3677552221	0.2528482501
1451.3680494263	0.2545253163
1452.3683436305	0.2540106729
1453.3686378347	0.2529538111
1454.3689320388	0.2545292104
1455.3692262430	0.2547521098
1456.3695204472	0.2541481936
1457.3698146514	0.2530967464
1458.3701088555	0.2536539812
1459.3704030597	0.2536747350
1460.3706972639	0.2505951051
1461.3709914681	0.2507417846
1462.3712856723	0.2469817468
1463.3715798764	0.2394860133
1464.3718740806	0.2300078118
1465.3721682848	0.2195016230
1466.3724624890	0.2072756934
1467.3727566931	0.1901006910
1468.3730508973	0.1719373796
1469.3733451015	0.1571146277
1470.3736393057	0.1448509003
1471.3739335099	0.1341052939
1472.3742277140	0.1192631585
1473.3745219182	0.1087677904
1474.3748161224	0.1018038312
1475.3751103266	0.0945540227
1476.3754045307	0.0890122965
1477.3756987349	0.0851389211
1478.3759929391	0.0829341197
1479.3762871433	0.0815466154
1480.3765813475	0.0803595963
1481.3768755516	0.0806542945
1482.3771697558	0.0828224936
1483.3774639600	0.0853947341
1484.3777581642	0.0878732733
1485.3780523683	0.0926398741
1486.3783465725	0.0975302413
1487.3786407767	0.1054599574
1488.3789349809	0.1125472794
1489.3792291851	0.1179033965
1490.3795233892	0.1232796254
1491.3798175934	0.1300572548
1492.3801117976	0.1355940054
1493.3804060018	0.1382611457
1494.3807002059	0.1388797814
1495.3809944101	0.1377680836
1496.3812886143	0.1345177837
1497.3815828185	0.1293074187
1498.3818770227	0.1230149604
1499.3821712268	0.1166140951
1500.3824654310	0.1086661655
1501.3827596352	0.0994839886
1502.3830538394	0.0920338896
1503.3833480435	0.0853001096
1504.3836422477	0.0776527955
1505.3839364519	0.0709962494
1506.3842306561	0.0652027305
1507.3845248603	0.0605638402
1508.3848190644	0.0564522407
1509.3851132686	0.0522655852
1510.3854074728	0.0483708454
1511.3857016770	0.0448308593
1512.3859958811	0.0423929396
1513.3862900853	0.0410360003
1514.3865842895	0.0393286598
1515.3868784937	0.0386793265
1516.3871726979	0.0380866676
1517.3874669020	0.0375015463
1518.3877611062	0.0360763310
1519.3880553104	0.0352975009
1520.3883495146	0.0349952208
1521.3886437187	0.0345217623
1522.3889379229	0.0333632474
1523.3892321271	0.0319996055
1524.3895263313	0.0318351411
1525.3898205355	0.0310577481
1526.3901147396	0.0316239076
1527.3904089438	0.0316045561
1528.3907031480	0.0280789468
1529.3909973522	0.0296223745
1530.3912915563	0.0299447417
1531.3915857605	0.0299402774
1532.3918799647	0.0312368278
1533.3921741689	0.0317339209
1534.3924683731	0.0304891741
1535.3927625772	0.0300683963
1536.3930567814	0.0303504495
1537.3933509856	0.0298647674
1538.3936451898	0.0293038811
1539.3939393939	0.0296503832
1540.3942335981	0.0294222576
1541.3945278023	0.0289011606
1542.3948220065	0.0315171814
1543.3951162107	0.0298764714
1544.3954104148	0.0283069764
1545.3957046190	0.0281890915
1546.3959988232	0.0283394412
1547.3962930274	0.0299075939
1548.3965872315	0.0288039518
1549.3968814357	0.0296727359
1550.3971756399	0.0299056813
1551.3974698441	0.0288752072
1552.3977640482	0.0295154827
1553.3980582524	0.0303844646
1554.3983524566	0.0295630872
1555.3986466608	0.0286816848
1556.3989408650	0.0278115464
1557.3992350691	0.0273855982
1558.3995292733	0.0280443280
1559.3998234775	0.0265720904
1560.4001176817	0.0278383547
1561.4004118858	0.0277320393
1562.4007060900	0.0284902285
1563.4010002942	0.0285225140
1564.4012944984	0.0276026092
1565.4015887026	0.0280254916
1566.4018829067	0.0292617137
1567.4021771109	0.0285367251
1568.4024713151	0.0282209595
1569.4027655193	0.0283527514
1570.4030597234	0.0294265930
1571.4033539276	0.0307674766
1572.4036481318	0.0309023519
1573.4039423360	0.0295994099
1574.4042365402	0.0292512860
1575.4045307443	0.0303861326
1576.4048249485	0.0312349494
1577.4051191527	0.0314092187
1578.4054133569	0.0300745010
1579.4057075610	0.0305742436
1580.4060017652	0.0310813949
1581.4062959694	0.0311124192
1582.4065901736	0.0296467939
1583.4068843778	0.0299918147
1584.4071785819	0.0312629668
1585.4074727861	0.0310718120
1586.4077669903	0.0306085846
1587.4080611945	0.0306651469
1588.4083553986	0.0308593752
1589.4086496028	0.0308211927
1590.4089438070	0.0301926575
1591.4092380112	0.0308235688
1592.4095322154	0.0323272100
1593.4098264195	0.0311835945
1594.4101206237	0.0334996283
1595.4104148279	0.0326936835
1596.4107090321	0.0310647091
1597.4110032362	0.0335303516
1598.4112974404	0.0342766145
1599.4115916446	0.0342186192
1600.4118858488	0.0339243345
1601.4121800530	0.0345955638
1602.4124742571	0.0344346513
1603.4127684613	0.0336908928
1604.4130626655	0.0340821492
1605.4133568697	0.0345039787
1606.4136510738	0.0349363401
1607.4139452780	0.0359598219
1608.4142394822	0.0368434612
1609.4145336864	0.0376851850
1610.4148278906	0.0372844180
1611.4151220947	0.0392250881
1612.4154162989	0.0398060455
1613.4157105031	0.0391268040
1614.4160047073	0.0379918070
1615.4162989114	0.0404822997
1616.4165931156	0.0407250630
1617.4168873198	0.0419015845
1618.4171815240	0.0425147274
1619.4174757282	0.0430752607
1620.4177699323	0.0442413576
1621.4180641365	0.0449753731
1622.4183583407	0.0460484471
1623.4186525449	0.0470493756
1624.4189467490	0.0485241924
1625.4192409532	0.0501375571
1626.4195351574	0.0514415934
1627.4198293616	0.0535399070
1628.4201235658	0.0554066274
1629.4204177699	0.0568223932
1630.4207119741	0.0581951678
1631.4210061783	0.0599836450
1632.4213003825	0.0639994329
1633.4215945866	0.0677315991
1634.4218887908	0.0695563860
1635.4221829950	0.0729159780
1636.4224771992	0.0772620796
1637.4227714034	0.0795434208
1638.4230656075	0.0831606457
1639.4233598117	0.0882639605
1640.4236540159	0.0930201136
1641.4239482201	0.0978592266
1642.4242424242	0.1042280063
1643.4245366284	0.1102952609
1644.4248308326	0.1155897111
1645.4251250368	0.1219125453
1646.4254192410	0.1276115086
1647.4257134451	0.1329597845
1648.4260076493	0.1391007180
1649.4263018535	0.1451573955
1650.4265960577	0.1497537811
1651.4268902618	0.1510365621
1652.4271844660	0.1594789200
1653.4274786702	0.1614838067
1654.4277728744	0.1684739287
1655.4280670786	0.1703760828
1656.4283612827	0.1715736952
1657.4286554869	0.1732794258
1658.4289496911	0.1731764358
1659.4292438953	0.1740405097
1660.4295380994	0.1731130994
1661.4298323036	0.1718857061
1662.4301265078	0.1688998721
1663.4304207120	0.1669086966
1664.4307149162	0.1653674377
1665.4310091203	0.1628154155
1666.4313033245	0.1599116665
1667.4315975287	0.1573516034
1668.4318917329	0.1541687506
1669.4321859370	0.1500975194
1670.4324801412	0.1474520658
1671.4327743454	0.1415166025
1672.4330685496	0.1367453569
1673.4333627538	0.1350058000
1674.4336569579	0.1301422828
1675.4339511621	0.1239542891
1676.4342453663	0.1196063616
1677.4345395705	0.1177750877
1678.4348337746	0.1140807459
1679.4351279788	0.1068743182
1680.4354221830	0.1006727028
1681.4357163872	0.0974071778
1682.4360105914	0.0944368138
1683.4363047955	0.0905669216
1684.4365989997	0.0866122081
1685.4368932039	0.0827359431
1686.4371874081	0.0777763094
1687.4374816122	0.0735127162
1688.4377758164	0.0698892560
1689.4380700206	0.0661021638
1690.4383642248	0.0626880070
1691.4386584289	0.0588820746
1692.4389526331	0.0554806971
1693.4392468373	0.0533402157
1694.4395410415	0.0508460814
1695.4398352457	0.0486999603
1696.4401294498	0.0474245498
1697.4404236540	0.0455638273
1698.4407178582	0.0429966188
1699.4410120624	0.0413068121
1700.4413062665	0.0402903929
1701.4416004707	0.0397007277
1702.4418946749	0.0380631912
1703.4421888791	0.0367104523
1704.4424830833	0.0363610863
1705.4427772874	0.0371633317
1706.4430714916	0.0360073867
1707.4433656958	0.0349139552
1708.4436599000	0.0335077890
1709.4439541041	0.0325551585
1710.4442483083	0.0325996898
1711.4445425125	0.0324104988
1712.4448367167	0.0314682713
1713.4451309209	0.0295794830
1714.4454251250	0.0281401384
1715.4457193292	0.0281598242
1716.4460135334	0.0280373973
1717.4463077376	0.0275136277
1718.4466019417	0.0266302588
1719.4468961459	0.0257866261
1720.4471903501	0.0269320876
1721.4474845543	0.0253748430
1722.4477787585	0.0251293570
1723.4480729626	0.0260568681
1724.4483671668	0.0254544193
1725.4486613710	0.0269930444
1726.4489555752	0.0266248915
1727.4492497793	0.0272123574
1728.4495439835	0.0269055092
1729.4498381877	0.0284857627
1730.4501323919	0.0281644440
1731.4504265961	0.0280748639
1732.4507208002	0.0271682471
1733.4510150044	0.0291888840
1734.4513092086	0.0291156740
1735.4516034128	0.0287622934
1736.4518976169	0.0294514029
1737.4521918211	0.0292843328
1738.4524860253	0.0292089506
1739.4527802295	0.0281012379
1740.4530744337	0.0276887390
1741.4533686378	0.0284403536
1742.4536628420	0.0281217598
1743.4539570462	0.0281106490
1744.4542512504	0.0280632568
1745.4545454545	0.0269087487
1746.4548396587	0.0270403939
1747.4551338629	0.0271118564
1748.4554280671	0.0271115907
1749.4557222713	0.0281498370
1750.4560164754	0.0279003668
1751.4563106796	0.0274868654
1752.4566048838	0.0277946701
1753.4568990880	0.0280750893
1754.4571932921	0.0278268175
1755.4574874963	0.0282824564
1756.4577817005	0.0278584404
1757.4580759047	0.0279791231
1758.4583701089	0.0283635624
1759.4586643130	0.0281517922
1760.4589585172	0.0282529646
1761.4592527214	0.0287240046
1762.4595469256	0.0294431482
1763.4598411297	0.0298142252
1764.4601353339	0.0293796882
1765.4604295381	0.0293314300
1766.4607237423	0.0296532857
1767.4610179465	0.0295312196
1768.4613121506	0.0293487493
1769.4616063548	0.0292747923
1770.4619005590	0.0293611869
1771.4621947632	0.0293822613
1772.4624889673	0.0293909794
1773.4627831715	0.0293876697
1774.4630773757	0.0283672641
1775.4633715799	0.0274156530
1776.4636657841	0.0279265791
1777.4639599882	0.0279081978
1778.4642541924	0.0267326753
1779.4645483966	0.0267351308
1780.4648426008	0.0261379774
1781.4651368049	0.0258475695
1782.4654310091	0.0274777688
1783.4657252133	0.0272674080
1784.4660194175	0.0261293444
1785.4663136217	0.0273198883
1786.4666078258	0.0267583584
1787.4669020300	0.0262282170
1788.4671962342	0.0255700782
1789.4674904384	0.0259806899
1790.4677846425	0.0255398284
1791.4680788467	0.0258776275
1792.4683730509	0.0271686279
1793.4686672551	0.0264337605
1794.4689614593	0.0264357846
1795.4692556634	0.0262141056
1796.4695498676	0.0257355153
1797.4698440718	0.0255498495
1798.4701382760	0.0260397267
1799.4704324801	0.0260486380
1800.4707266843	0.0267126592
1801.4710208885	0.0274314431
1802.4713150927	0.0257603568
1803.4716092969	0.0248177133
1804.4719035010	0.0262094318
1805.4721977052	0.0269950835
1806.4724919094	0.0271563414
1807.4727861136	0.0274947979
1808.4730803177	0.0278741791
1809.4733745219	0.0269625703
1810.4736687261	0.0259685361
1811.4739629303	0.0254044519
1812.4742571345	0.0248790111
1813.4745513386	0.0257608029
1814.4748455428	0.0267980613
1815.4751397470	0.0266919187
1816.4754339512	0.0259062670
1817.4757281553	0.0252867109
1818.4760223595	0.0260065874
1819.4763165637	0.0265819156
1820.4766107679	0.0259598869
1821.4769049721	0.0255327404
1822.4771991762	0.0263972845
1823.4774933804	0.0266317360
1824.4777875846	0.0258423933
1825.4780817888	0.0260645821
1826.4783759929	0.0258957395
1827.4786701971	0.0271485539
1828.4789644013	0.0274033427
1829.4792586055	0.0268234169
1830.4795528097	0.0271366288
1831.4798470138	0.0265386069
1832.4801412180	0.0261841687
1833.4804354222	0.0262445043
1834.4807296264	0.0249557337
1835.4810238305	0.0263990188
1836.4813180347	0.0266150987
1837.4816122389	0.0267060791
1838.4819064431	0.0259215257
1839.4822006472	0.0252298612
1840.4824948514	0.0251118661
1841.4827890556	0.0262630846
1842.4830832598	0.0261207982
1843.4833774640	0.0252908211
1844.4836716681	0.0248238895
1845.4839658723	0.0232462984
1846.4842600765	0.0220935015
1847.4845542807	0.0232021776
1848.4848484848	0.0230863302
1849.4851426890	0.0226961078
1850.4854368932	0.0230522141
1851.4857310974	0.0242205528
1852.4860253016	0.0242814414
1853.4863195057	0.0229214821
1854.4866137099	0.0222931194
1855.4869079141	0.0223062803
1856.4872021183	0.0220942391
1857.4874963224	0.0225767417
1858.4877905266	0.0226027140
1859.4880847308	0.0220156383
1860.4883789350	0.0216864782
1861.4886731392	0.0218244553
1862.4889673433	0.0225037562
1863.4892615475	0.0230222295
1864.4895557517	0.0222619550
1865.4898499559	0.0209693811
1866.4901441600	0.0214800587
1867.4904383642	0.0228748662
1868.4907325684	0.0232259663
1869.4910267726	0.0223811333
1870.4913209768	0.0232305967
1871.4916151809	0.0237728626
1872.4919093851	0.0230764844
1873.4922035893	0.0223977685
1874.4924977935	0.0228175679
1875.4927919976	0.0233456533
1876.4930862018	0.0228350442
1877.4933804060	0.0232750985
1878.4936746102	0.0230988215
1879.4939688144	0.0233450895
1880.4942630185	0.0227675776
1881.4945572227	0.0220090221
1882.4948514269	0.0216490097
1883.4951456311	0.0212061191
1884.4954398352	0.0205117319
1885.4957340394	0.0212369365
1886.4960282436	0.0220326017
1887.4963224478	0.0209880011
1888.4966166520	0.0217418417
1889.4969108561	0.0230603617
1890.4972050603	0.0221410479
1891.4974992645	0.0215774000
1892.4977934687	0.0217013079
1893.4980876728	0.0234612078
1894.4983818770	0.0236859523
1895.4986760812	0.0218988851
1896.4989702854	0.0229400827
1897.4992644896	0.0224058216
1898.4995586937	0.0210920874
1899.4998528979	0.0215189323
1900.5001471021	0.0229686596
1901.5004413063	0.0227241427
1902.5007355104	0.0221783549
1903.5010297146	0.0219685524
1904.5013239188	0.0219488397
1905.5016181230	0.0222520900
1906.5019123272	0.0219465178
1907.5022065313	0.0219711480
1908.5025007355	0.0211135505
1909.5027949397	0.0213891624
1910.5030891439	0.0230957139
1911.5033833480	0.0219262781
1912.5036775522	0.0211399060
1913.5039717564	0.0233728307
1914.5042659606	0.0231679107
1915.5045601648	0.0224442427
1916.5048543689	0.0209771252
1917.5051485731	0.0221750059
1918.5054427773	0.0218350152
1919.5057369815	0.0224239411
1920.5060311856	0.0224349004
1921.5063253898	0.0231054307
1922.5066195940	0.0218327483
1923.5069137982	0.0220188073
1924.5072080024	0.0235642862
1925.5075022065	0.0233007052
1926.5077964107	0.0234708822
1927.5080906149	0.0233171489
1928.5083848191	0.0241729993
1929.5086790232	0.0240535726
1930.5089732274	0.0239689324
1931.5092674316	0.0247259057
1932.5095616358	0.0251775160
1933.5098558400	0.0250863962
1934.5101500441	0.0253821507
1935.5104442483	0.0253453000
1936.5107384525	0.0264504083
1937.5110326567	0.0267238153
1938.5113268608	0.0263410900
1939.5116210650	0.0270153406
1940.5119152692	0.0267453518
1941.5122094734	0.0261391018
1942.5125036776	0.0259728581
1943.5127978817	0.0257982087
1944.5130920859	0.0253039700
1945.5133862901	0.0246994448
1946.5136804943	0.0247083862
1947.5139746984	0.0261549661
1948.5142689026	0.0270530507
1949.5145631068	0.0267712396
1950.5148573110	0.0266491896
1951.5151515152	0.0267896891
1952.5154457193	0.0263990339
1953.5157399235	0.0264641818
1954.5160341277	0.0271012693
1955.5163283319	0.0269668812
1956.5166225360	0.0261441490
1957.5169167402	0.0256050945
1958.5172109444	0.0257926467
1959.5175051486	0.0265042094
1960.5177993528	0.0271620826
1961.5180935569	0.0263163047
1962.5183877611	0.0260655146
1963.5186819653	0.0269431163
1964.5189761695	0.0262327124
1965.5192703736	0.0268554307
1966.5195645778	0.0272884062
1967.5198587820	0.0266268797
1968.5201529862	0.0259365545
1969.5204471904	0.0255554407
1970.5207413945	0.0262187137
1971.5210355987	0.0277997955
1972.5213298029	0.0267303391
1973.5216240071	0.0261803258
1974.5219182112	0.0254189384
1975.5222124154	0.0235267249
1976.5225066196	0.0225579585
1977.5228008238	0.0229051087
1978.5230950279	0.0232786264
1979.5233892321	0.0230121682
1980.5236834363	0.0226323297
1981.5239776405	0.0229768226
1982.5242718447	0.0232438005
1983.5245660488	0.0237786188
1984.5248602530	0.0247360343
1985.5251544572	0.0262211535
1986.5254486614	0.0255947216
1987.5257428655	0.0243918600
1988.5260370697	0.0242088577
1989.5263312739	0.0247849783
1990.5266254781	0.0248328023
1991.5269196823	0.0248408856
1992.5272138864	0.0251152559
1993.5275080906	0.0241367903
1994.5278022948	0.0236922151
1995.5280964990	0.0236656296
1996.5283907031	0.0246478927
1997.5286849073	0.0247851661
1998.5289791115	0.0250038998
1999.5292733157	0.0237249449
2000.5295675199	0.0228772626
2001.5298617240	0.0242271305
2002.5301559282	0.0250434703
2003.5304501324	0.0245732893
2004.5307443366	0.0249090996
2005.5310385407	0.0260183066
2006.5313327449	0.0258114525
2007.5316269491	0.0254781365
2008.5319211533	0.0251712091
2009.5322153575	0.0242241528
2010.5325095616	0.0238793686
2011.5328037658	0.0243530139
2012.5330979700	0.0236263431
2013.5333921742	0.0228520536
2014.5336863783	0.0238911706
2015.5339805825	0.0246598230
2016.5342747867	0.0246058610
2017.5345689909	0.0246134795
2018.5348631951	0.0244995014
2019.5351573992	0.0245947311
2020.5354516034	0.0250706808
2021.5357458076	0.0249456962
2022.5360400118	0.0250551454
2023.5363342159	0.0250670694
2024.5366284201	0.0251603514
2025.5369226243	0.0250864333
2026.5372168285	0.0250089195
2027.5375110327	0.0250641274
2028.5378052368	0.0248733942
2029.5380994410	0.0244668486
2030.5383936452	0.0233749922
2031.5386878494	0.0252084186
2032.5389820535	0.0245042720
2033.5392762577	0.0233377492
2034.5395704619	0.0236543676
2035.5398646661	0.0240082567
2036.5401588703	0.0233273428
2037.5404530744	0.0236677499
2038.5407472786	0.0235085764
2039.5410414828	0.0251528852
2040.5413356870	0.0250980606
2041.5416298911	0.0257512556
2042.5419240953	0.0264764062
2043.5422182995	0.0258286203
2044.5425125037	0.0255212029
2045.5428067079	0.0261776233
2046.5431009120	0.0257241576
2047.5433951162	0.0255967354
2048.5436893204	0.0256723222
2049.5439835246	0.0243574700
2050.5442777287	0.0251841440
2051.5445719329	0.0251944571
2052.5448661371	0.0245109621
2053.5451603413	0.0231486792
2054.5454545455	0.0229753505
2055.5457487496	0.0235034856
2056.5460429538	0.0236740425
2057.5463371580	0.0231698393
2058.5466313622	0.0222842134
2059.5469255663	0.0225493793
2060.5472197705	0.0229760002
2061.5475139747	0.0231231270
2062.5478081789	0.0231257611
2063.5481023831	0.0228561740
2064.5483965872	0.0229144162
2065.5486907914	0.0236874562
2066.5489849956	0.0246608013
2067.5492791998	0.0245537361
2068.5495734039	0.0249781573
2069.5498676081	0.0262673942
2070.5501618123	0.0264853740
2071.5504560165	0.0270321386
2072.5507502207	0.0274530390
2073.5510444248	0.0274705346
2074.5513386290	0.0263971546
2075.5516328332	0.0255719924
2076.5519270374	0.0254165477
2077.5522212415	0.0251415994
2078.5525154457	0.0252182056
2079.5528096499	0.0254401542
2080.5531038541	0.0244659243
2081.5533980583	0.0242156640
2082.5536922624	0.0234684949
2083.5539864666	0.0231523257
2084.5542806708	0.0228049704
2085.5545748750	0.0227879457
2086.5548690791	0.0233353871
2087.5551632833	0.0221804013
2088.5554574875	0.0224105788
2089.5557516917	0.0223028869
2090.5560458959	0.0231456991
2091.5563401000	0.0237164567
2092.5566343042	0.0247602426
2093.5569285084	0.0238196820
2094.5572227126	0.0241160949
2095.5575169167	0.0243445159
2096.5578111209	0.0257416820
2097.5581053251	0.0268634531
2098.5583995293	0.0263855353
2099.5586937335	0.0255905556
2100.5589879376	0.0259746096
2101.5592821418	0.0252469029
2102.5595763460	0.0251768480
2103.5598705502	0.0247696765
2104.5601647543	0.0242951818
2105.5604589585	0.0242664766
2106.5607531627	0.0247106964
2107.5610473669	0.0247720566
2108.5613415711	0.0242551296
2109.5616357752	0.0238015945
2110.5619299794	0.0233947849
2111.5622241836	0.0237173351
2112.5625183878	0.0251291760
2113.5628125919	0.0259386895
2114.5631067961	0.0255629819
2115.5634010003	0.0260505757
2116.5636952045	0.0252527341
2117.5639894086	0.0240130299
2118.5642836128	0.0247766287
2119.5645778170	0.0251900400
2120.5648720212	0.0245973317
2121.5651662254	0.0240299274
2122.5654604295	0.0240866867
2123.5657546337	0.0242065928
2124.5660488379	0.0241614200
2125.5663430421	0.0241918901
2126.5666372462	0.0247486404
2127.5669314504	0.0260716682
2128.5672256546	0.0253629443
2129.5675198588	0.0240469310
2130.5678140630	0.0252635359
2131.5681082671	0.0260582002
2132.5684024713	0.0254609425
2133.5686966755	0.0247681370
2134.5689908797	0.0243539795
2135.5692850838	0.0239700366
2136.5695792880	0.0249210503
2137.5698734922	0.0253448965
2138.5701676964	0.0258298216
2139.5704619006	0.0253490317
2140.5707561047	0.0251745493
2141.5710503089	0.0255347829
2142.5713445131	0.0261752596
2143.5716387173	0.0267451859
2144.5719329214	0.0268103189
2145.5722271256	0.0277245016
2146.5725213298	0.0280919777
2147.5728155340	0.0274634517
2148.5731097382	0.0274931138
2149.5734039423	0.0269888498
2150.5736981465	0.0263303324
2151.5739923507	0.0264527215
2152.5742865549	0.0267386151
2153.5745807590	0.0266694938
2154.5748749632	0.0258307057
2155.5751691674	0.0269437323
2156.5754633716	0.0269278099
2157.5757575758	0.0259264012
2158.5760517799	0.0256434867
2159.5763459841	0.0252473375
2160.5766401883	0.0259105259
2161.5769343925	0.0263142629
2162.5772285966	0.0263146325
2163.5775228008	0.0260250365
2164.5778170050	0.0265543455
2165.5781112092	0.0258784433
2166.5784054134	0.0239503686
2167.5786996175	0.0255027821
2168.5789938217	0.0276564031
2169.5792880259	0.0273860698
2170.5795822301	0.0272180220
2171.5798764342	0.0265443870
2172.5801706384	0.0272162733
2173.5804648426	0.0280832314
2174.5807590468	0.0274092035
2175.5810532510	0.0275959416
2176.5813474551	0.0273138395
2177.5816416593	0.0276788149
2178.5819358635	0.0279585988
2179.5822300677	0.0275041654
2180.5825242718	0.0268782512
2181.5828184760	0.0272159222
2182.5831126802	0.0276858183
2183.5834068844	0.0271971934
2184.5837010886	0.0266425348
2185.5839952927	0.0262646483
2186.5842894969	0.0268423381
2187.5845837011	0.0273002463
2188.5848779053	0.0262240002
2189.5851721094	0.0261850525
2190.5854663136	0.0264566047
2191.5857605178	0.0263592403
2192.5860547220	0.0261169854
2193.5863489262	0.0250218894
2194.5866431303	0.0248130622
2195.5869373345	0.0258932654
2196.5872315387	0.0262962039
2197.5875257429	0.0260987351
2198.5878199470	0.0263951772
2199.5881141512	0.0263966904
2200.5884083554	0.0268424519
2201.5887025596	0.0269503997
2202.5889967638	0.0265044673
2203.5892909679	0.0256589239
2204.5895851721	0.0255249779
2205.5898793763	0.0258648223
2206.5901735805	0.0265416761
2207.5904677846	0.0266285109
2208.5907619888	0.0258160200
2209.5910561930	0.0261193990
2210.5913503972	0.0262727863
2211.5916446014	0.0262292222
2212.5919388055	0.0262947646
2213.5922330097	0.0251470980
2214.5925272139	0.0261612753
2215.5928214181	0.0260436041
2216.5931156222	0.0262681948
2217.5934098264	0.0258342733
2218.5937040306	0.0257952943
2219.5939982348	0.0255497167
2220.5942924390	0.0253704861
2221.5945866431	0.0246485097
2222.5948808473	0.0270296957
2223.5951750515	0.0263855353
2224.5954692557	0.0249605976
2225.5957634598	0.0256746778
2226.5960576640	0.0256148034
2227.5963518682	0.0264331467
2228.5966460724	0.0265051606
2229.5969402766	0.0263210579
2230.5972344807	0.0255241942
2231.5975286849	0.0261869037
2232.5978228891	0.0262900674
2233.5981170933	0.0254880650
2234.5984112974	0.0256078936
2235.5987055016	0.0247459738
2236.5989997058	0.0246892438
2237.5992939100	0.0259381638
2238.5995881142	0.0261586941
2239.5998823183	0.0275673848
2240.6001765225	0.0254745789
2241.6004707267	0.0264544584
2242.6007649309	0.0246862393
2243.6010591350	0.0258336161
2244.6013533392	0.0259563160
2245.6016475434	0.0262420815
2246.6019417476	0.0263717214
2247.6022359518	0.0259628266
2248.6025301559	0.0254912207
2249.6028243601	0.0262309669
2250.6031185643	0.0264571881
2251.6034127685	0.0260524336
2252.6037069726	0.0257851231
2253.6040011768	0.0259433540
2254.6042953810	0.0262592785
2255.6045895852	0.0255613268
2256.6048837893	0.0255457495
2257.6051779935	0.0258691837
2258.6054721977	0.0259078119
2259.6057664019	0.0260645781
2260.6060606061	0.0262899162
2261.6063548102	0.0271137138
2262.6066490144	0.0271504951
2263.6069432186	0.0266438959
2264.6072374228	0.0267272257
2265.6075316269	0.0267053234
2266.6078258311	0.0268062286
2267.6081200353	0.0273002103
2268.6084142395	0.0269069796
2269.6087084437	0.0265217373
2270.6090026478	0.0262411224
2271.6092968520	0.0262941278
2272.6095910562	0.0266032524
2273.6098852604	0.0261325750
2274.6101794645	0.0263935013
2275.6104736687	0.0271464943
2276.6107678729	0.0273635554
2277.6110620771	0.0275355742
2278.6113562813	0.0273670118
2279.6116504854	0.0275752545
2280.6119446896	0.0284308532
2281.6122388938	0.0274834964
2282.6125330980	0.0270992823
2283.6128273021	0.0272921590
2284.6131215063	0.0282529629
2285.6134157105	0.0285134906
2286.6137099147	0.0277782191
2287.6140041189	0.0282895071
2288.6142983230	0.0280096794
2289.6145925272	0.0283929144
2290.6148867314	0.0284920429
2291.6151809356	0.0281281084
2292.6154751397	0.0282310745
2293.6157693439	0.0286139841
2294.6160635481	0.0282282867
2295.6163577523	0.0284043880
2296.6166519565	0.0289336335
2297.6169461606	0.0276463732
2298.6172403648	0.0287016063
2299.6175345690	0.0291172699
2300.6178287732	0.0282931227
2301.6181229773	0.0279260519
2302.6184171815	0.0259799102
2303.6187113857	0.0274302346
2304.6190055899	0.0271661009
2305.6192997941	0.0276516477
2306.6195939982	0.0288542720
2307.6198882024	0.0294047872
2308.6201824066	0.0293272465
2309.6204766108	0.0289658757
2310.6207708149	0.0294000569
2311.6210650191	0.0299538264
2312.6213592233	0.0301469179
2313.6216534275	0.0296475706
2314.6219476317	0.0293072678
2315.6222418358	0.0289385530
2316.6225360400	0.0290174363
2317.6228302442	0.0291993545
2318.6231244484	0.0290573615
2319.6234186525	0.0299661473
2320.6237128567	0.0301067900
2321.6240070609	0.0296191569
2322.6243012651	0.0307645273
2323.6245954693	0.0320210122
2324.6248896734	0.0313442632
2325.6251838776	0.0308526137
2326.6254780818	0.0310900633
2327.6257722860	0.0314599755
2328.6260664901	0.0314620118
2329.6263606943	0.0309368208
2330.6266548985	0.0300221546
2331.6269491027	0.0298227498
2332.6272433069	0.0294568060
2333.6275375110	0.0293940104
2334.6278317152	0.0307877881
2335.6281259194	0.0315259250
2336.6284201236	0.0304572717
2337.6287143277	0.0303899492
2338.6290085319	0.0309221505
2339.6293027361	0.0325175603
2340.6295969403	0.0319325491
2341.6298911445	0.0307345073
2342.6301853486	0.0306205803
2343.6304795528	0.0301828597
2344.6307737570	0.0304418899
2345.6310679612	0.0303276946
2346.6313621653	0.0298748898
2347.6316563695	0.0297188913
2348.6319505737	0.0297269104
2349.6322447779	0.0301391200
2350.6325389821	0.0299847335
2351.6328331862	0.0301886000
2352.6331273904	0.0289257769
2353.6334215946	0.0304190132
2354.6337157988	0.0307071732
2355.6340100029	0.0306287545
2356.6343042071	0.0311024954
2357.6345984113	0.0303056979
2358.6348926155	0.0307863571
2359.6351868197	0.0308236149
2360.6354810238	0.0305307344
2361.6357752280	0.0312496074
2362.6360694322	0.0305469008
2363.6363636364	0.0301351006
2364.6366578405	0.0302106286
2365.6369520447	0.0301194402
2366.6372462489	0.0300783759
2367.6375404531	0.0308111677
2368.6378346573	0.0309901744
2369.6381288614	0.0314946729
2370.6384230656	0.0309137582
2371.6387172698	0.0305585706
2372.6390114740	0.0299696191
2373.6393056781	0.0301296513
2374.6395998823	0.0299959803
2375.6398940865	0.0311753650
2376.6401882907	0.0311499880
2377.6404824949	0.0309729886
2378.6407766990	0.0315176901
2379.6410709032	0.0318937071
2380.6413651074	0.0323738600
2381.6416593116	0.0323334408
2382.6419535157	0.0331944165
2383.6422477199	0.0335671861
2384.6425419241	0.0334172352
2385.6428361283	0.0330928259
2386.6431303325	0.0325852042
2387.6434245366	0.0329551195
2388.6437187408	0.0337519888
2389.6440129450	0.0341978838
2390.6443071492	0.0337974704
2391.6446013533	0.0331230919
2392.6448955575	0.0328855130
2393.6451897617	0.0330029554
2394.6454839659	0.0324186326
2395.6457781701	0.0328282470
2396.6460723742	0.0337317123
2397.6463665784	0.0340825969
2398.6466607826	0.0334227263
2399.6469549868	0.0328346688
2400.6472491909	0.0323690303
2401.6475433951	0.0315941985
2402.6478375993	0.0318199062
2403.6481318035	0.0311200993
2404.6484260076	0.0315749098
2405.6487202118	0.0315595168
2406.6490144160	0.0333544195
2407.6493086202	0.0324012082
2408.6496028244	0.0311149373
2409.6498970285	0.0318716560
2410.6501912327	0.0322152393
2411.6504854369	0.0331119345
2412.6507796411	0.0322938299
2413.6510738452	0.0322536196
2414.6513680494	0.0310661448
2415.6516622536	0.0331885345
2416.6519564578	0.0317562031
2417.6522506620	0.0344691888
2418.6525448661	0.0318084120
2419.6528390703	0.0324757748
2420.6531332745	0.0328397336
2421.6534274787	0.0319744616
2422.6537216828	0.0317582945
2423.6540158870	0.0321957036
2424.6543100912	0.0317462906
2425.6546042954	0.0329727049
2426.6548984996	0.0339408507
2427.6551927037	0.0322247560
2428.6554869079	0.0308837142
2429.6557811121	0.0310027210
2430.6560753163	0.0321892094
2431.6563695204	0.0327367959
2432.6566637246	0.0322137683
2433.6569579288	0.0325634086
2434.6572521330	0.0326036277
2435.6575463372	0.0336449547
2436.6578405413	0.0332327657
2437.6581347455	0.0330742722
2438.6584289497	0.0338277002
2439.6587231539	0.0337277551
2440.6590173580	0.0332612275
2441.6593115622	0.0337545639
2442.6596057664	0.0334762230
2443.6598999706	0.0324694940
2444.6601941748	0.0323877523
2445.6604883789	0.0326345771
2446.6607825831	0.0326831057
2447.6610767873	0.0334354075
2448.6613709915	0.0335777847
2449.6616651956	0.0337851938
2450.6619593998	0.0339159854
2451.6622536040	0.0338604857
2452.6625478082	0.0342178679
2453.6628420124	0.0335150199
2454.6631362165	0.0334822031
2455.6634304207	0.0346242745
2456.6637246249	0.0329991032
2457.6640188291	0.0326282985
2458.6643130332	0.0340883760
2459.6646072374	0.0335479536
2460.6649014416	0.0322669718
2461.6651956458	0.0335355795
2462.6654898500	0.0335251993
2463.6657840541	0.0336715060
2464.6660782583	0.0351074860
2465.6663724625	0.0347857458
2466.6666666667	0.0335669598
2467.6669608708	0.0335340718
2468.6672550750	0.0333383803
2469.6675492792	0.0337457383
2470.6678434834	0.0339258301
2471.6681376876	0.0353661570
2472.6684318917	0.0355030162
2473.6687260959	0.0344210005
2474.6690203001	0.0350135500
2475.6693145043	0.0347244947
2476.6696087084	0.0336611009
2477.6699029126	0.0345621153
2478.6701971168	0.0342908804
2479.6704913210	0.0354701379
2480.6707855252	0.0340089052
2481.6710797293	0.0350111793
2482.6713739335	0.0347407115
2483.6716681377	0.0347724972
2484.6719623419	0.0343479082
2485.6722565460	0.0351635542
2486.6725507502	0.0361923769
2487.6728449544	0.0348745874
2488.6731391586	0.0345581478
2489.6734333628	0.0341149156
2490.6737275669	0.0339686874
2491.6740217711	0.0339929891
2492.6743159753	0.0342242706
2493.6746101795	0.0344728107
2494.6749043836	0.0344863944
2495.6751985878	0.0345600362
2496.6754927920	0.0346971076
2497.6757869962	0.0346098015
2498.6760812004	0.0348869303
2499.6763754045	0.0349575010
2500.6766696087	0.0348627878
2501.6769638129	0.0351771555
2502.6772580171	0.0345383211
2503.6775522212	0.0334556552
2504.6778464254	0.0337475709
2505.6781406296	0.0344090062
2506.6784348338	0.0349904540
2507.6787290380	0.0347190311
2508.6790232421	0.0349965707
2509.6793174463	0.0354909422
2510.6796116505	0.0354471205
2511.6799058547	0.0343044658
2512.6802000588	0.0328919854
2513.6804942630	0.0339480794
2514.6807884672	0.0344650259
2515.6810826714	0.0337511490
2516.6813768756	0.0349660746
2517.6816710797	0.0348242384
2518.6819652839	0.0340230837
2519.6822594881	0.0339369461
2520.6825536923	0.0349164514
2521.6828478964	0.0351075716
2522.6831421006	0.0349831132
2523.6834363048	0.0350077787
2524.6837305090	0.0345729825
2525.6840247132	0.0344762872
2526.6843189173	0.0355497526
2527.6846131215	0.0344169508
2528.6849073257	0.0343975871
2529.6852015299	0.0349118279
2530.6854957340	0.0355806583
2531.6857899382	0.0357185315
2532.6860841424	0.0351685872
2533.6863783466	0.0359404503
2534.6866725508	0.0368282028
2535.6869667549	0.0369068756
2536.6872609591	0.0362131629
2537.6875551633	0.0357732150
2538.6878493675	0.0364551404
2539.6881435716	0.0341479701
2540.6884377758	0.0352009044
2541.6887319800	0.0353270333
2542.6890261842	0.0363472961
2543.6893203883	0.0367894518
2544.6896145925	0.0372539323
2545.6899087967	0.0376556455
2546.6902030009	0.0361599883
2547.6904972051	0.0359302652
2548.6907914092	0.0365561232
2549.6910856134	0.0350935679
2550.6913798176	0.0372612123
2551.6916740218	0.0349309077
2552.6919682259	0.0354971072
2553.6922624301	0.0366450945
2554.6925566343	0.0365615658
2555.6928508385	0.0366435499
2556.6931450427	0.0367739352
2557.6934392468	0.0368741979
2558.6937334510	0.0373271125
2559.6940276552	0.0370497016
2560.6943218594	0.0367891358
2561.6946160635	0.0367317312
2562.6949102677	0.0361188789
2563.6952044719	0.0361279249
2564.6954986761	0.0356836262
2565.6957928803	0.0355360368
2566.6960870844	0.0356502581
2567.6963812886	0.0362584991
2568.6966754928	0.0368075529
2569.6969696970	0.0370973365
2570.6972639011	0.0361636882
2571.6975581053	0.0351193276
2572.6978523095	0.0358702269
2573.6981465137	0.0368434147
2574.6984407179	0.0367521457
2575.6987349220	0.0358329111
2576.6990291262	0.0353025577
2577.6993233304	0.0358877118
2578.6996175346	0.0361455347
2579.6999117387	0.0356107320
2580.7002059429	0.0357068364
2581.7005001471	0.0364257265
2582.7007943513	0.0373570501
2583.7010885555	0.0383537705
2584.7013827596	0.0365267170
2585.7016769638	0.0355550155
2586.7019711680	0.0359417440
2587.7022653722	0.0354421454
2588.7025595763	0.0354134849
2589.7028537805	0.0352996151
2590.7031479847	0.0350781045
2591.7034421889	0.0360967963
2592.7037363931	0.0344598592
2593.7040305972	0.0344559071
2594.7043248014	0.0348548127
2595.7046190056	0.0343912905
2596.7049132098	0.0350868685
2597.7052074139	0.0361851732
2598.7055016181	0.0340896484
2599.7057958223	0.0341316796
2600.7060900265	0.0350923048
2601.7063842307	0.0341407760
2602.7066784348	0.0338838135
2603.7069726390	0.0359963647
2604.7072668432	0.0366775589
2605.7075610474	0.0360563712
2606.7078552515	0.0354057741
2607.7081494557	0.0360427675
2608.7084436599	0.0358806060
2609.7087378641	0.0359677291
2610.7090320683	0.0360192509
2611.7093262724	0.0364252923
2612.7096204766	0.0371623922
2613.7099146808	0.0364989046
2614.7102088850	0.0366985901
2615.7105030891	0.0357726145
2616.7107972933	0.0367735112
2617.7110914975	0.0369868654
2618.7113857017	0.0369854709
2619.7116799059	0.0375967568
2620.7119741100	0.0378551650
2621.7122683142	0.0386288516
2622.7125625184	0.0386623757
2623.7128567226	0.0394006344
2624.7131509267	0.0406228718
2625.7134451309	0.0409211850
2626.7137393351	0.0404346407
2627.7140335393	0.0397790391
2628.7143277435	0.0386106526
2629.7146219476	0.0378768251
2630.7149161518	0.0373486319
2631.7152103560	0.0353566512
2632.7155045602	0.0328081641
2633.7157987643	0.0320324650
2634.7160929685	0.0314709954
2635.7163871727	0.0287771639
2636.7166813769	0.0249685687
2637.7169755811	0.0239079162
2638.7172697852	0.0237494950
2639.7175639894	0.0203203979
2640.7178581936	0.0182303062
2641.7181523978	0.0189596484
2642.7184466019	0.0183486936
2643.7187408061	0.0172404665
2644.7190350103	0.0165927319
2645.7193292145	0.0154285609
2646.7196234187	0.0158731065
2647.7199176228	0.0146104177
2648.7202118270	0.0137167619
2649.7205060312	0.0132994426
2650.7208002354	0.0139909424
2651.7210944395	0.0143866104
2652.7213886437	0.0149166420
2653.7216828479	0.0170491935
2654.7219770521	0.0178372424
2655.7222712563	0.0190145716
2656.7225654604	0.0186588609
2657.7228596646	0.0195063428
2658.7231538688	0.0188045676
2659.7234480730	0.0207340534
2660.7237422771	0.0203722940
2661.7240364813	0.0221629019
2662.7243306855	0.0226540572
2663.7246248897	0.0220707571
2664.7249190939	0.0243563838
2665.7252132980	0.0243514168
2666.7255075022	0.0232465376
2667.7258017064	0.0261070244
2668.7260959106	0.0274864765
2669.7263901147	0.0267099538
2670.7266843189	0.0280549432
2671.7269785231	0.0293893484
2672.7272727273	0.0308592857
2673.7275669315	0.0287413801
2674.7278611356	0.0305797557
2675.7281553398	0.0326606115
2676.7284495440	0.0322869699
2677.7287437482	0.0309170461
2678.7290379523	0.0293576459
2679.7293321565	0.0301186168
2680.7296263607	0.0283861350
2681.7299205649	0.0272914638
2682.7302147690	0.0280867143
2683.7305089732	0.0278463277
2684.7308031774	0.0270996436
2685.7310973816	0.0288180849
2686.7313915858	0.0279651448
2687.7316857899	0.0265548633
2688.7319799941	0.0251491202
2689.7322741983	0.0250358787
2690.7325684025	0.0261295275
2691.7328626066	0.0255641489
2692.7331568108	0.0246072220
2693.7334510150	0.0247303913
2694.7337452192	0.0249681217
2695.7340394234	0.0260306434
2696.7343336275	0.0262923109
2697.7346278317	0.0256271779
2698.7349220359	0.0265538156
2699.7352162401	0.0258516102
2700.7355104442	0.0272993410
2701.7358046484	0.0274547544
2702.7360988526	0.0272295641
2703.7363930568	0.0275810054
2704.7366872610	0.0272143016
2705.7369814651	0.0283891384
2706.7372756693	0.0283767373
2707.7375698735	0.0276809591
2708.7378640777	0.0299187165
2709.7381582818	0.0292354288
2710.7384524860	0.0297814733
2711.7387466902	0.0305098113
2712.7390408944	0.0306743754
2713.7393350986	0.0317266103
2714.7396293027	0.0315787250
2715.7399235069	0.0312039686
2716.7402177111	0.0323310110
2717.7405119153	0.0319586744
2718.7408061194	0.0296780081
2719.7411003236	0.0310466221
2720.7413945278	0.0343818184
2721.7416887320	0.0343988593
2722.7419829362	0.0353617752
2723.7422771403	0.0355161319
2724.7425713445	0.0337055343
2725.7428655487	0.0341045978
2726.7431597529	0.0343877498
2727.7434539570	0.0336180613
2728.7437481612	0.0354745492
2729.7440423654	0.0366597047
2730.7443365696	0.0349932082
2731.7446307738	0.0350100441
2732.7449249779	0.0354932967
2733.7452191821	0.0322613829
2734.7455133863	0.0346333291
2735.7458075905	0.0349140918
2736.7461017946	0.0366110278
2737.7463959988	0.0369955926
2738.7466902030	0.0351319676
2739.7469844072	0.0353654430
2740.7472786114	0.0356491889
2741.7475728155	0.0355447081
2742.7478670197	0.0342863638
2743.7481612239	0.0341780149
2744.7484554281	0.0346432142
2745.7487496322	0.0353234516
2746.7490438364	0.0363681626
2747.7493380406	0.0360390728
2748.7496322448	0.0373465502
2749.7499264490	0.0375302202
2750.7502206531	0.0369824200
2751.7505148573	0.0372734507
2752.7508090615	0.0370454493
2753.7511032657	0.0365763108
2754.7513974698	0.0365198048
2755.7516916740	0.0375964094
2756.7519858782	0.0381118213
2757.7522800824	0.0380840148
2758.7525742866	0.0379681897
2759.7528684907	0.0382227393
2760.7531626949	0.0379127086
2761.7534568991	0.0372546579
2762.7537511033	0.0369384080
2763.7540453074	0.0366933517
2764.7543395116	0.0353522017
2765.7546337158	0.0353949725
2766.7549279200	0.0358108500
2767.7552221242	0.0356277149
2768.7555163283	0.0368106901
2769.7558105325	0.0365950140
2770.7561047367	0.0370892456
2771.7563989409	0.0360455486
2772.7566931450	0.0351676547
2773.7569873492	0.0353266849
2774.7572815534	0.0350986625
2775.7575757576	0.0335622504
2776.7578699618	0.0341902878
2777.7581641659	0.0363218766
2778.7584583701	0.0348397684
2779.7587525743	0.0355190107
2780.7590467785	0.0355776570
2781.7593409826	0.0357080797
2782.7596351868	0.0362183316
2783.7599293910	0.0368266102
2784.7602235952	0.0367789778
2785.7605177994	0.0346259007
2786.7608120035	0.0346572597
2787.7611062077	0.0352094258
2788.7614004119	0.0361756249
2789.7616946161	0.0353050370
2790.7619888202	0.0348430336
2791.7622830244	0.0364209525
2792.7625772286	0.0357617677
2793.7628714328	0.0359154121
2794.7631656370	0.0366744804
2795.7634598411	0.0357656049
2796.7637540453	0.0352535865
2797.7640482495	0.0352815102
2798.7643424537	0.0352625906
2799.7646366578	0.0337449883
2800.7649308620	0.0357641941
2801.7652250662	0.0364076375
2802.7655192704	0.0374208970
2803.7658134746	0.0387024478
2804.7661076787	0.0390368527
2805.7664018829	0.0382570418
2806.7666960871	0.0381689581
2807.7669902913	0.0391129712
2808.7672844954	0.0398271201
2809.7675786996	0.0404232157
2810.7678729038	0.0409136806
2811.7681671080	0.0425990901
2812.7684613122	0.0428762966
2813.7687555163	0.0432187231
2814.7690497205	0.0449224479
2815.7693439247	0.0466592347
2816.7696381289	0.0482384464
2817.7699323330	0.0498684835
2818.7702265372	0.0515009042
2819.7705207414	0.0545696780
2820.7708149456	0.0573653344
2821.7711091498	0.0593234210
2822.7714033539	0.0615590565
2823.7716975581	0.0633892330
2824.7719917623	0.0656361403
2825.7722859665	0.0701665724
2826.7725801706	0.0722711419
2827.7728743748	0.0762663301
2828.7731685790	0.0788439665
2829.7734627832	0.0825607315
2830.7737569873	0.0851443768
2831.7740511915	0.0875744772
2832.7743453957	0.0881290575
2833.7746395999	0.0880469543
2834.7749338041	0.0904507164
2835.7752280082	0.0908009953
2836.7755222124	0.0913283127
2837.7758164166	0.0920033064
2838.7761106208	0.0924995289
2839.7764048249	0.0915929688
2840.7766990291	0.0929656277
2841.7769932333	0.0943935115
2842.7772874375	0.0955863165
2843.7775816417	0.0977367482
2844.7778758458	0.0989216362
2845.7781700500	0.1014109477
2846.7784642542	0.1068003606
2847.7787584584	0.1085246020
2848.7790526625	0.1160836902
2849.7793468667	0.1198238713
2850.7796410709	0.1233128427
2851.7799352751	0.1301574269
2852.7802294793	0.1362837300
2853.7805236834	0.1454969124
2854.7808178876	0.1500640866
2855.7811120918	0.1578965726
2856.7814062960	0.1642072862
2857.7817005001	0.1712172724
2858.7819947043	0.1788410136
2859.7822889085	0.1864848179
2860.7825831127	0.1917581504
2861.7828773169	0.1967356110
2862.7831715210	0.2021839576
2863.7834657252	0.2077212634
2864.7837599294	0.2125248208
2865.7840541336	0.2148862116
2866.7843483377	0.2196515852
2867.7846425419	0.2242498344
2868.7849367461	0.2274361171
2869.7852309503	0.2328490041
2870.7855251545	0.2367766962
2871.7858193586	0.2407823028
2872.7861135628	0.2435753173
2873.7864077670	0.2472933077
2874.7867019712	0.2527594250
2875.7869961753	0.2546282703
2876.7872903795	0.2569676836
2877.7875845837	0.2619647849
2878.7878787879	0.2675668454
2879.7881729921	0.2739247845
2880.7884671962	0.2798450386
2881.7887614004	0.2844857146
2882.7890556046	0.2904570659
2883.7893498088	0.2962140928
2884.7896440129	0.3011188478
2885.7899382171	0.3101863761
2886.7902324213	0.3185098354
2887.7905266255	0.3258087626
2888.7908208297	0.3334795049
2889.7911150338	0.3439814539
2890.7914092380	0.3529890524
2891.7917034422	0.3596409327
2892.7919976464	0.3676240607
2893.7922918505	0.3783196149
2894.7925860547	0.3830688567
2895.7928802589	0.3878582292
2896.7931744631	0.3981971790
2897.7934686673	0.4034328896
2898.7937628714	0.4088850676
2899.7940570756	0.4113638452
2900.7943512798	0.4170959245
2901.7946454840	0.4202360878
2902.7949396881	0.4227217527
2903.7952338923	0.4242884328
2904.7955280965	0.4289747715
2905.7958223007	0.4266553351
2906.7961165049	0.4340709161
2907.7964107090	0.4361759001
2908.7967049132	0.4402265269
2909.7969991174	0.4457516538
2910.7972933216	0.4559825033
2911.7975875257	0.4639236874
2912.7978817299	0.4668822626
2913.7981759341	0.4762450048
2914.7984701383	0.4831397456
2915.7987643425	0.4957263436
2916.7990585466	0.5090022871
2917.7993527508	0.5154610896
2918.7996469550	0.5303649723
2919.7999411592	0.5386232293
2920.8002353633	0.5496068764
2921.8005295675	0.5554301229
2922.8008237717	0.5637616905
2923.8011179759	0.5711231610
2924.8014121801	0.5764364301
2925.8017063842	0.5752235488
2926.8020005884	0.5776621896
2927.8022947926	0.5811315418
2928.8025889968	0.5793153334
2929.8028832009	0.5784560418
2930.8031774051	0.5743145433
2931.8034716093	0.5695443307
2932.8037658135	0.5620442708
2933.8040600177	0.5573768301
2934.8043542218	0.5491131241
2935.8046484260	0.5396421605
2936.8049426302	0.5302535408
2937.8052368344	0.5230111278
2938.8055310385	0.5113878533
2939.8058252427	0.5010882682
2940.8061194469	0.4916637501
2941.8064136511	0.4833884792
2942.8067078553	0.4802063619
2943.8070020594	0.4733379338
2944.8072962636	0.4648854725
2945.8075904678	0.4604168240
2946.8078846720	0.4543991741
2947.8081788761	0.4478313006
2948.8084730803	0.4416776912
2949.8087672845	0.4371053388
2950.8090614887	0.4343303893
2951.8093556929	0.4300006729
2952.8096498970	0.4267711891
2953.8099441012	0.4230524689
2954.8102383054	0.4203496563
2955.8105325096	0.4165314677
2956.8108267137	0.4143169553
2957.8111209179	0.4109454232
2958.8114151221	0.4094458337
2959.8117093263	0.4039539040
2960.8120035305	0.4016870745
2961.8122977346	0.4013755945
2962.8125919388	0.3979794482
2963.8128861430	0.3950694102
2964.8131803472	0.3924258069
2965.8134745513	0.3921504878
2966.8137687555	0.3931105104
2967.8140629597	0.3915892064
2968.8143571639	0.3890166344
2969.8146513680	0.3902804085
2970.8149455722	0.3887054923
2971.8152397764	0.3896312653
2972.8155339806	0.3924084855
2973.8158281848	0.3901958319
2974.8161223889	0.3910172053
2975.8164165931	0.3898227589
2976.8167107973	0.3899982653
2977.8170050015	0.3914765934
2978.8172992056	0.3857220854
2979.8175934098	0.3855802896
2980.8178876140	0.3820876039
2981.8181818182	0.3808165780
2982.8184760224	0.3805761513
2983.8187702265	0.3731432145
2984.8190644307	0.3736161369
2985.8193586349	0.3706317712
2986.8196528391	0.3654862291
2987.8199470432	0.3609702437
2988.8202412474	0.3555030100
2989.8205354516	0.3524524022
2990.8208296558	0.3461491881
2991.8211238600	0.3398713041
2992.8214180641	0.3354355295
2993.8217122683	0.3279681160
2994.8220064725	0.3191198241
2995.8223006767	0.3130538813
2996.8225948808	0.3035692716
2997.8228890850	0.2941544785
2998.8231832892	0.2838447524
2999.8234774934	0.2735521342
3000.8237716976	0.2633998965
3001.8240659017	0.2540249161
3002.8243601059	0.2444154723
3003.8246543101	0.2348775964
3004.8249485143	0.2240354657
3005.8252427184	0.2134100165
3006.8255369226	0.2035142429
3007.8258311268	0.1926034431
3008.8261253310	0.1828897637
3009.8264195352	0.1738185720
3010.8267137393	0.1661190066
3011.8270079435	0.1569550442
3012.8273021477	0.1478735458
3013.8275963519	0.1395073530
3014.8278905560	0.1320753804
3015.8281847602	0.1259867743
3016.8284789644	0.1206504298
3017.8287731686	0.1130679997
3018.8290673728	0.1072562103
3019.8293615769	0.1016426698
3020.8296557811	0.0972698893
3021.8299499853	0.0933429525
3022.8302441895	0.0881020864
3023.8305383936	0.0829218642
3024.8308325978	0.0796427432
3025.8311268020	0.0763695694
3026.8314210062	0.0731432249
3027.8317152104	0.0699458898
3028.8320094145	0.0666237125
3029.8323036187	0.0649153841
3030.8325978229	0.0619692554
3031.8328920271	0.0609696760
3032.8331862312	0.0577959550
3033.8334804354	0.0563251861
3034.8337746396	0.0547840916
3035.8340688438	0.0539763837
3036.8343630480	0.0519029397
3037.8346572521	0.0503732253
3038.8349514563	0.0523060123
3039.8352456605	0.0570325804
3040.8355398647	0.0590905517
3041.8358340688	0.0622906576
3042.8361282730	0.0783486415
3043.8364224772	0.1109107879
3044.8367166814	0.1480506541
3045.8370108856	0.1999202472
3046.8373050897	0.2824980794
3047.8375992939	0.3504449072
3048.8378934981	0.4280387857
3049.8381877023	0.5443824763
3050.8384819064	0.6607137186
3051.8387761106	0.7838151666
3052.8390703148	0.9407408227
3053.8393645190	1.0000000000
3054.8396587232	0.8161211116
3055.8399529273	0.5340542232
3056.8402471315	0.3538366993
3057.8405413357	0.1901954612
3058.8408355399	0.0818890741
3059.8411297440	0.0482041392
3060.8414239482	0.0395504975
3061.8417181524	0.0352994090
3062.8420123566	0.0337136245
3063.8423065608	0.0327250529
3064.8426007649	0.0313789831
3065.8428949691	0.0307833878
3066.8431891733	0.0310889359
3067.8434833775	0.0310413961
3068.8437775816	0.0304085347
3069.8440717858	0.0299926535
3070.8443659900	0.0294822252
3071.8446601942	0.0290390148
3072.8449543984	0.0279041578
3073.8452486025	0.0274359351
3074.8455428067	0.0280585805
3075.8458370109	0.0278908959
3076.8461312151	0.0273630009
3077.8464254192	0.0263517673
3078.8467196234	0.0259755065
3079.8470138276	0.0251139064
3080.8473080318	0.0248401268
3081.8476022360	0.0256468053
3082.8478964401	0.0248421086
3083.8481906443	0.0242445606
3084.8484848485	0.0238968962
3085.8487790527	0.0230692376
3086.8490732568	0.0225686623
3087.8493674610	0.0238927841
3088.8496616652	0.0235887783
3089.8499558694	0.0227679030
3090.8502500736	0.0226177587
3091.8505442777	0.0234264699
3092.8508384819	0.0232621104
3093.8511326861	0.0228677047
3094.8514268903	0.0222741734
3095.8517210944	0.0211228866
3096.8520152986	0.0226026667
3097.8523095028	0.0203834922
3098.8526037070	0.0208740111
3099.8528979112	0.0219179089
3100.8531921153	0.0218846748
3101.8534863195	0.0215899922
3102.8537805237	0.0210197751
3103.8540747279	0.0209564397
3104.8543689320	0.0196583505
3105.8546631362	0.0203140678
3106.8549573404	0.0199689662
3107.8552515446	0.0192343857
3108.8555457488	0.0206484149
3109.8558399529	0.0198951444
3110.8561341571	0.0197761166
3111.8564283613	0.0200141671
3112.8567225655	0.0205133536
3113.8570167696	0.0198740629
3114.8573109738	0.0200687944
3115.8576051780	0.0202585446
3116.8578993822	0.0200749220
3117.8581935863	0.0199081354
3118.8584877905	0.0199505666
3119.8587819947	0.0190280844
3120.8590761989	0.0188745299
3121.8593704031	0.0188275040
3122.8596646072	0.0191051387
3123.8599588114	0.0193779912
3124.8602530156	0.0198775254
3125.8605472198	0.0204520127
3126.8608414239	0.0200860525
3127.8611356281	0.0200324033
3128.8614298323	0.0198832571
3129.8617240365	0.0194378466
3130.8620182407	0.0194867859
3131.8623124448	0.0192217683
3132.8626066490	0.0190017996
3133.8629008532	0.0197701943
3134.8631950574	0.0190104707
3135.8634892615	0.0177110515
3136.8637834657	0.0183604982
3137.8640776699	0.0190326878
3138.8643718741	0.0188896436
3139.8646660783	0.0195905448
3140.8649602824	0.0194560984
3141.8652544866	0.0187510035
3142.8655486908	0.0184210515
3143.8658428950	0.0183659947
3144.8661370991	0.0192677517
3145.8664313033	0.0192569773
3146.8667255075	0.0196259350
3147.8670197117	0.0192043864
3148.8673139159	0.0195393626
3149.8676081200	0.0192475310
3150.8679023242	0.0192747591
3151.8681965284	0.0199669221
3152.8684907326	0.0200173985
3153.8687849367	0.0198051083
3154.8690791409	0.0195777639
3155.8693733451	0.0201647745
3156.8696675493	0.0195851013
3157.8699617535	0.0184810743
3158.8702559576	0.0184838132
3159.8705501618	0.0192500923
3160.8708443660	0.0193356268
3161.8711385702	0.0191994820
3162.8714327743	0.0197109875
3163.8717269785	0.0205129794
3164.8720211827	0.0199944897
3165.8723153869	0.0198185805
3166.8726095911	0.0199731167
3167.8729037952	0.0197565984
3168.8731979994	0.0198620219
3169.8734922036	0.0195454702
3170.8737864078	0.0206010286
3171.8740806119	0.0209951185
3172.8743748161	0.0207715700
3173.8746690203	0.0210930459
3174.8749632245	0.0198384915
3175.8752574287	0.0191225830
3176.8755516328	0.0198530067
3177.8758458370	0.0203068589
3178.8761400412	0.0209018263
3179.8764342454	0.0206016033
3180.8767284495	0.0210996851
3181.8770226537	0.0205728290
3182.8773168579	0.0204772862
3183.8776110621	0.0205201786
3184.8779052663	0.0200071777
3185.8781994704	0.0193370925
3186.8784936746	0.0199190700
3187.8787878788	0.0211519285
3188.8790820830	0.0197813791
3189.8793762871	0.0193580765
3190.8796704913	0.0199983529
3191.8799646955	0.0208499815
3192.8802588997	0.0214665298
3193.8805531039	0.0217918024
3194.8808473080	0.0208125949
3195.8811415122	0.0214752744
3196.8814357164	0.0224430164
3197.8817299206	0.0222187493
3198.8820241247	0.0220591449
3199.8823183289	0.0215942527
3200.8826125331	0.0220069456
3201.8829067373	0.0227140832
3202.8832009415	0.0216759127
3203.8834951456	0.0220685819
3204.8837893498	0.0218624718
3205.8840835540	0.0219117866
3206.8843777582	0.0217413131
3207.8846719623	0.0218870027
3208.8849661665	0.0218261208
3209.8852603707	0.0214231326
3210.8855545749	0.0224140879
3211.8858487791	0.0226462682
3212.8861429832	0.0212348731
3213.8864371874	0.0228086929
3214.8867313916	0.0236011227
3215.8870255958	0.0228350728
3216.8873197999	0.0223947995
3217.8876140041	0.0218446896
3218.8879082083	0.0233201693
3219.8882024125	0.0237967401
3220.8884966167	0.0239125115
3221.8887908208	0.0219224620
3222.8890850250	0.0236782773
3223.8893792292	0.0226240902
3224.8896734334	0.0239520304
3225.8899676375	0.0233063274
3226.8902618417	0.0234682784
3227.8905560459	0.0242676281
3228.8908502501	0.0237781552
3229.8911444543	0.0241437395
3230.8914386584	0.0256081057
3231.8917328626	0.0226896511
3232.8920270668	0.0235904527
3233.8923212710	0.0234340775
3234.8926154751	0.0230526113
3235.8929096793	0.0228834895
3236.8932038835	0.0220655846
3237.8934980877	0.0235933438
3238.8937922919	0.0239830518
3239.8940864960	0.0232658445
3240.8943807002	0.0228890859
3241.8946749044	0.0245481117
3242.8949691086	0.0236291795
3243.8952633127	0.0234948638
3244.8955575169	0.0242755336
3245.8958517211	0.0244789468
3246.8961459253	0.0247410093
3247.8964401295	0.0248686778
3248.8967343336	0.0244737651
3249.8970285378	0.0242828255
3250.8973227420	0.0239649087
3251.8976169462	0.0236424218
3252.8979111503	0.0238955801
3253.8982053545	0.0245614215
3254.8984995587	0.0247297935
3255.8987937629	0.0248653765
3256.8990879670	0.0248199027
3257.8993821712	0.0241935978
3258.8996763754	0.0246149693
3259.8999705796	0.0255456030
3260.9002647838	0.0257097928
3261.9005589879	0.0261467124
3262.9008531921	0.0262202687
3263.9011473963	0.0254724221
3264.9014416005	0.0255420318
3265.9017358046	0.0256237285
3266.9020300088	0.0253262055
3267.9023242130	0.0259292501
3268.9026184172	0.0264770178
3269.9029126214	0.0256431644
3270.9032068255	0.0253341178
3271.9035010297	0.0250372833
3272.9037952339	0.0248897424
3273.9040894381	0.0253447236
3274.9043836422	0.0261307154
3275.9046778464	0.0253844065
3276.9049720506	0.0245598845
3277.9052662548	0.0252149065
3278.9055604590	0.0259260491
3279.9058546631	0.0248907343
3280.9061488673	0.0254525216
3281.9064430715	0.0250006427
3282.9067372757	0.0245173359
3283.9070314798	0.0256180393
3284.9073256840	0.0267512864
3285.9076198882	0.0249130824
3286.9079140924	0.0255126549
3287.9082082966	0.0245268210
3288.9085025007	0.0241269084
3289.9087967049	0.0254303238
3290.9090909091	0.0246561949
3291.9093851133	0.0238400209
3292.9096793174	0.0245454259
3293.9099735216	0.0234484275
3294.9102677258	0.0233234582
3295.9105619300	0.0225952542
3296.9108561342	0.0228256199
3297.9111503383	0.0195855880
3298.9114445425	0.0203612780
3299.9117387467	0.0194121159
3300.9120329509	0.0188445537
3301.9123271550	0.0188331277
3302.9126213592	0.0189206624
3303.9129155634	0.0186746663
3304.9132097676	0.0199861518
3305.9135039718	0.0208057988
3306.9137981759	0.0216522160
3307.9140923801	0.0220319578
3308.9143865843	0.0228105749
3309.9146807885	0.0231692039
3310.9149749926	0.0241686852
3311.9152691968	0.0241601999
3312.9155634010	0.0235677426
3313.9158576052	0.0238102022
3314.9161518094	0.0246583164
3315.9164460135	0.0242289921
3316.9167402177	0.0240221701
3317.9170344219	0.0247611347
3318.9173286261	0.0246575275
3319.9176228302	0.0250741611
3320.9179170344	0.0249645609
3321.9182112386	0.0244160141
3322.9185054428	0.0239527311
3323.9187996470	0.0242156178
3324.9190938511	0.0248122505
3325.9193880553	0.0238447612
3326.9196822595	0.0248640050
3327.9199764637	0.0250953500
3328.9202706678	0.0243596316
3329.9205648720	0.0242332774
3330.9208590762	0.0239514866
3331.9211532804	0.0234976489
3332.9214474846	0.0240404395
3333.9217416887	0.0240996252
3334.9220358929	0.0249471955
3335.9223300971	0.0252258877
3336.9226243013	0.0244426145
3337.9229185054	0.0243797053
3338.9232127096	0.0250311039
3339.9235069138	0.0237558929
3340.9238011180	0.0247613906
3341.9240953222	0.0251530142
3342.9243895263	0.0243259878
3343.9246837305	0.0246118653
3344.9249779347	0.0243972416
3345.9252721389	0.0244964157
3346.9255663430	0.0232569461
3347.9258605472	0.0246055766
3348.9261547514	0.0248167957
3349.9264489556	0.0255047737
3350.9267431598	0.0231030682
3351.9270373639	0.0266048802
3352.9273315681	0.0257778305
3353.9276257723	0.0248880090
3354.9279199765	0.0270318602
3355.9282141806	0.0259800864
3356.9285083848	0.0247817949
3357.9288025890	0.0256749490
3358.9290967932	0.0244227317
3359.9293909974	0.0256238567
3360.9296852015	0.0259143088
3361.9299794057	0.0272342193
3362.9302736099	0.0275255328
3363.9305678141	0.0272367287
3364.9308620182	0.0258140615
3365.9311562224	0.0266188930
3366.9314504266	0.0273957130
3367.9317446308	0.0266522425
3368.9320388350	0.0264636831
3369.9323330391	0.0275661928
3370.9326272433	0.0284195253
3371.9329214475	0.0272142024
3372.9332156517	0.0276100115
3373.9335098558	0.0274793594
3374.9338040600	0.0279579131
3375.9340982642	0.0283798782
3376.9343924684	0.0291086331
3377.9346866726	0.0283865317
3378.9349808767	0.0274047219
3379.9352750809	0.0277316533
3380.9355692851	0.0267439289
3381.9358634893	0.0283029186
3382.9361576934	0.0298113179
3383.9364518976	0.0292410035
3384.9367461018	0.0297430089
3385.9370403060	0.0298018717
3386.9373345102	0.0289607193
3387.9376287143	0.0292408028
3388.9379229185	0.0300112923
3389.9382171227	0.0296530907
3390.9385113269	0.0291045315
3391.9388055310	0.0298494719
3392.9390997352	0.0295917994
3393.9393939394	0.0313628041
3394.9396881436	0.0305621959
3395.9399823477	0.0301699512
3396.9402765519	0.0307451583
3397.9405707561	0.0323623949
3398.9408649603	0.0305152597
3399.9411591645	0.0316313788
3400.9414533686	0.0314489075
3401.9417475728	0.0304323467
3402.9420417770	0.0312922959
3403.9423359812	0.0316170606
3404.9426301853	0.0305502819
3405.9429243895	0.0317299599
3406.9432185937	0.0321149110
3407.9435127979	0.0317792467
3408.9438070021	0.0315666481
3409.9441012062	0.0323614468
3410.9443954104	0.0315182530
3411.9446896146	0.0316711963
3412.9449838188	0.0328157358
3413.9452780229	0.0312118485
3414.9455722271	0.0321278626
3415.9458664313	0.0328839609
3416.9461606355	0.0318714272
3417.9464548397	0.0318269211
3418.9467490438	0.0315347361
3419.9470432480	0.0313276423
3420.9473374522	0.0317270693
3421.9476316564	0.0316207429
3422.9479258605	0.0320556428
3423.9482200647	0.0314301427
3424.9485142689	0.0310525009
3425.9488084731	0.0327280007
3426.9491026773	0.0327701036
3427.9493968814	0.0323116623
3428.9496910856	0.0319562690
3429.9499852898	0.0315653161
3430.9502794940	0.0324649207
3431.9505736981	0.0319736008
3432.9508679023	0.0313787260
3433.9511621065	0.0321708634
3434.9514563107	0.0325806451
3435.9517505149	0.0322959557
3436.9520447190	0.0323708207
3437.9523389232	0.0315025431
3438.9526331274	0.0316095550
3439.9529273316	0.0314867838
3440.9532215357	0.0309483898
3441.9535157399	0.0314439698
3442.9538099441	0.0305824640
3443.9541041483	0.0302483589
3444.9543983525	0.0305712841
3445.9546925566	0.0301517262
3446.9549867608	0.0297387028
3447.9552809650	0.0303094670
3448.9555751692	0.0311940841
3449.9558693733	0.0309565299
3450.9561635775	0.0305727359
3451.9564577817	0.0298380575
3452.9567519859	0.0299472899
3453.9570461901	0.0299019825
3454.9573403942	0.0285928280
3455.9576345984	0.0286790441
3456.9579288026	0.0294346457
3457.9582230068	0.0284645865
3458.9585172109	0.0293788068
3459.9588114151	0.0294826046
3460.9591056193	0.0282614559
3461.9593998235	0.0293776409
3462.9596940277	0.0291829630
3463.9599882318	0.0293357543
3464.9602824360	0.0287136609
3465.9605766402	0.0280959790
3466.9608708444	0.0275208597
3467.9611650485	0.0277014874
3468.9614592527	0.0270318297
3469.9617534569	0.0258343490
3470.9620476611	0.0280575253
3471.9623418653	0.0251876344
3472.9626360694	0.0269848952
3473.9629302736	0.0268730563
3474.9632244778	0.0253969989
3475.9635186820	0.0265476936
3476.9638128861	0.0255721697
3477.9641070903	0.0260968215
3478.9644012945	0.0257317686
3479.9646954987	0.0263830898
3480.9649897029	0.0249656981
3481.9652839070	0.0247998018
3482.9655781112	0.0249763387
3483.9658723154	0.0251256043
3484.9661665196	0.0247918216
3485.9664607237	0.0243805635
3486.9667549279	0.0237251757
3487.9670491321	0.0238502192
3488.9673433363	0.0229970501
3489.9676375405	0.0227758719
3490.9679317446	0.0226091265
3491.9682259488	0.0209176050
3492.9685201530	0.0221906218
3493.9688143572	0.0219247635
3494.9691085613	0.0208101298
3495.9694027655	0.0207920609
3496.9696969697	0.0211851080
3497.9699911739	0.0215418016
3498.9702853781	0.0210362387
3499.9705795822	0.0209280306
3500.9708737864	0.0203883861
3501.9711679906	0.0196418003
3502.9714621948	0.0191215952
3503.9717563989	0.0191123956
3504.9720506031	0.0188293031
3505.9723448073	0.0185596924
3506.9726390115	0.0182534370
3507.9729332157	0.0181597147
3508.9732274198	0.0180397260
3509.9735216240	0.0175320979
3510.9738158282	0.0174568329
3511.9741100324	0.0180068704
3512.9744042365	0.0173017860
3513.9746984407	0.0171351066
3514.9749926449	0.0174944083
3515.9752868491	0.0175106881
3516.9755810533	0.0173276928
3517.9758752574	0.0160236580
3518.9761694616	0.0161728473
3519.9764636658	0.0147513625
3520.9767578700	0.0140233688
3521.9770520741	0.0144898124
3522.9773462783	0.0149154932
3523.9776404825	0.0147925229
3524.9779346867	0.0138777131
3525.9782288909	0.0146318919
3526.9785230950	0.0135515049
3527.9788172992	0.0137192001
3528.9791115034	0.0139388083
3529.9794057076	0.0123690935
3530.9796999117	0.0133519558
3531.9799941159	0.0123190693
3532.9802883201	0.0124443710
3533.9805825243	0.0119336017
3534.9808767284	0.0107431072
3535.9811709326	0.0116041111
3536.9814651368	0.0110047601
3537.9817593410	0.0117572812
3538.9820535452	0.0106207287
3539.9823477493	0.0113872113
3540.9826419535	0.0104455124
3541.9829361577	0.0096912762
3542.9832303619	0.0111058156
3543.9835245660	0.0107344082
3544.9838187702	0.0104076583
3545.9841129744	0.0113570648
3546.9844071786	0.0099321164
3547.9847013828	0.0088870731
3548.9849955869	0.0084796922
3549.9852897911	0.0077435501
3550.9855839953	0.0079971648
3551.9858781995	0.0079621623
3552.9861724036	0.0080079196
3553.9864666078	0.0082874145
3554.9867608120	0.0074389554
3555.9870550162	0.0076671127
3556.9873492204	0.0070331371
3557.9876434245	0.0072172809
3558.9879376287	0.0070920203
3559.9882318329	0.0066664766
3560.9885260371	0.0070974374
3561.9888202412	0.0069027287
3562.9891144454	0.0062253061
3563.9894086496	0.0065510580
3564.9897028538	0.0063193513
3565.9899970580	0.0060756307
3566.9902912621	0.0062279701
3567.9905854663	0.0062343188
3568.9908796705	0.0059554170
3569.9911738747	0.0057400496
3570.9914680788	0.0051011363
3571.9917622830	0.0048495209
3572.9920564872	0.0045943557
3573.9923506914	0.0039935239
3574.9926448956	0.0035152115
3575.9929390997	0.0031936423
3576.9932333039	0.0034940606
3577.9935275081	0.0034993958
3578.9938217123	0.0034970752
3579.9941159164	0.0036870361
3580.9944101206	0.0033821590
3581.9947043248	0.0034792349
3582.9949985290	0.0038570483
3583.9952927332	0.0034909318
3584.9955869373	0.0037171152
3585.9958811415	0.0038015814
3586.9961753457	0.0030465872
3587.9964695499	0.0022115065
3588.9967637540	0.0029518728
3589.9970579582	0.0030489334
3590.9973521624	0.0022173346
3591.9976463666	0.0011051675
3592.9979405708	0.0012997561
3593.9982347749	0.0020365507
3594.9985289791	0.0010867879
3595.9988231833	0.0021930464
3596.9991173875	0.0026758541
3597.9994115916	0.0019863244
3598.9997057958	0.0013844300
3600.0000000000	0.0000000000
