200.0000000000	0.0113754621
201.0002942042	0.0112992886
202.0005884084	0.0108440449
203.0008826125	0.0104847957
204.0011768167	0.0112520973
205.0014710209	0.0108947748
206.0017652251	0.0102131429
207.0020594292	0.0109459769
208.0023536334	0.0113033570
209.0026478376	0.0105831656
210.0029420418	0.0103897679
211.0032362460	0.0105302653
212.0035304501	0.0102730695
213.0038246543	0.0101140406
214.0041188585	0.0101576475
215.0044130627	0.0101319389
216.0047072668	0.0100645211
217.0050014710	0.0098800461
218.0052956752	0.0098076617
219.0055898794	0.0102322092
220.0058840836	0.0101268218
221.0061782877	0.0099487953
222.0064724919	0.0102014915
223.0067666961	0.0101622901
224.0070609003	0.0102683008
225.0073551044	0.0100977607
226.0076493086	0.0095987221
227.0079435128	0.0101312142
228.0082377170	0.0099473855
229.0085319212	0.0096738520
230.0088261253	0.0096607841
231.0091203295	0.0099430035
232.0094145337	0.0104130321
233.0097087379	0.0098448651
234.0100029420	0.0100832787
235.0102971462	0.0100450755
236.0105913504	0.0097130548
237.0108855546	0.0096748324
238.0111797588	0.0099527677
239.0114739629	0.0096635092
240.0117681671	0.0094809311
241.0120623713	0.0094585287
242.0123565755	0.0093897771
243.0126507796	0.0095545101
244.0129449838	0.0092976073
245.0132391880	0.0095715153
246.0135333922	0.0092314126
247.0138275964	0.0091774509
248.0141218005	0.0088645653
249.0144160047	0.0085322134
250.0147102089	0.0088520383
251.0150044131	0.0085709090
252.0152986172	0.0087830970
253.0155928214	0.0090938278
254.0158870256	0.0096417976
255.0161812298	0.0091793811
256.0164754340	0.0094403542
257.0167696381	0.0094244020
258.0170638423	0.0096888631
259.0173580465	0.0091976981
260.0176522507	0.0092310481
261.0179464548	0.0089068757
262.0182406590	0.0088448149
263.0185348632	0.0088399293
264.0188290674	0.0090873716
265.0191232716	0.0091203362
266.0194174757	0.0090329539
267.0197116799	0.0090611056
268.0200058841	0.0090085226
269.0203000883	0.0089314531
270.0205942924	0.0084860862
271.0208884966	0.0086495405
272.0211827008	0.0087378717
273.0214769050	0.0087063590
274.0217711091	0.0088867515
275.0220653133	0.0089449790
276.0223595175	0.0089220117
277.0226537217	0.0089273651
278.0229479259	0.0089133058
279.0232421300	0.0085830187
280.0235363342	0.0087928775
281.0238305384	0.0089058995
282.0241247426	0.0090920105
283.0244189467	0.0088965964
284.0247131509	0.0088131780
285.0250073551	0.0087371363
286.0253015593	0.0085155603
287.0255957635	0.0086115031
288.0258899676	0.0087192964
289.0261841718	0.0085486561
290.0264783760	0.0085845971
291.0267725802	0.0089956904
292.0270667843	0.0087341000
293.0273609885	0.0085860410
294.0276551927	0.0083703494
295.0279493969	0.0080763248
296.0282436011	0.0082761946
297.0285378052	0.0083058154
298.0288320094	0.0091740143
299.0291262136	0.0086808452
300.0294204178	0.0086093354
301.0297146219	0.0088620811
302.0300088261	0.0086769217
303.0303030303	0.0083266145
304.0305972345	0.0084799113
305.0308914387	0.0084388103
306.0311856428	0.0081906120
307.0314798470	0.0083932382
308.0317740512	0.0085536909
309.0320682554	0.0088242030
310.0323624595	0.0080941555
311.0326566637	0.0088073610
312.0329508679	0.0090284984
313.0332450721	0.0087710579
314.0335392763	0.0091271122
315.0338334804	0.0091350266
316.0341276846	0.0087969770
317.0344218888	0.0086607697
318.0347160930	0.0086782463
319.0350102971	0.0085932889
320.0353045013	0.0085067223
321.0355987055	0.0086879898
322.0358929097	0.0087017136
323.0361871139	0.0088282862
324.0364813180	0.0090254694
325.0367755222	0.0087637844
326.0370697264	0.0084340085
327.0373639306	0.0084406029
328.0376581347	0.0084093560
329.0379523389	0.0081431616
330.0382465431	0.0082096076
331.0385407473	0.0085584310
332.0388349515	0.0083182498
333.0391291556	0.0080902389
334.0394233598	0.0079438371
335.0397175640	0.0081746398
336.0400117682	0.0078833344
337.0403059723	0.0080299901
338.0406001765	0.0080182452
339.0408943807	0.0078192483
340.0411885849	0.0079131099
341.0414827891	0.0077024643
342.0417769932	0.0076201280
343.0420711974	0.0077926865
344.0423654016	0.0078543369
345.0426596058	0.0078064810
346.0429538099	0.0078507291
347.0432480141	0.0075452917
348.0435422183	0.0071386888
349.0438364225	0.0077178223
350.0441306267	0.0076137460
351.0444248308	0.0075041736
352.0447190350	0.0077879423
353.0450132392	0.0075497469
354.0453074434	0.0073832320
355.0456016475	0.0074805050
356.0458958517	0.0076951681
357.0461900559	0.0077256990
358.0464842601	0.0075482827
359.0467784643	0.0072563139
360.0470726684	0.0071266396
361.0473668726	0.0071563085
362.0476610768	0.0075951467
363.0479552810	0.0074200220
364.0482494851	0.0075452482
365.0485436893	0.0075958707
366.0488378935	0.0075582332
367.0491320977	0.0077206006
368.0494263019	0.0078991887
369.0497205060	0.0080380180
370.0500147102	0.0083413078
371.0503089144	0.0086718023
372.0506031186	0.0092578423
373.0508973227	0.0097665622
374.0511915269	0.0101537435
375.0514857311	0.0110167074
376.0517799353	0.0113475065
377.0520741395	0.0114749612
378.0523683436	0.0122434493
379.0526625478	0.0123490070
380.0529567520	0.0114197323
381.0532509562	0.0110382908
382.0535451603	0.0096753400
383.0538393645	0.0091978876
384.0541335687	0.0086831055
385.0544277729	0.0086116213
386.0547219771	0.0082482354
387.0550161812	0.0080737560
388.0553103854	0.0077145148
389.0556045896	0.0075538784
390.0558987938	0.0074147674
391.0561929979	0.0067802399
392.0564872021	0.0068447313
393.0567814063	0.0070222697
394.0570756105	0.0070709020
395.0573698147	0.0064979953
396.0576640188	0.0064186288
397.0579582230	0.0064363751
398.0582524272	0.0065583793
399.0585466314	0.0062984736
400.0588408355	0.0064736643
401.0591350397	0.0067468719
402.0594292439	0.0066529319
403.0597234481	0.0066509886
404.0600176523	0.0065153147
405.0603118564	0.0064797383
406.0606060606	0.0068312805
407.0609002648	0.0067740526
408.0611944690	0.0069699976
409.0614886731	0.0068840279
410.0617828773	0.0068304357
411.0620770815	0.0067507942
412.0623712857	0.0063545835
413.0626654899	0.0063679324
414.0629596940	0.0064797221
415.0632538982	0.0065720577
416.0635481024	0.0065954440
417.0638423066	0.0065058600
418.0641365107	0.0065422513
419.0644307149	0.0070398267
420.0647249191	0.0068650446
421.0650191233	0.0072213366
422.0653133274	0.0075855707
423.0656075316	0.0076851258
424.0659017358	0.0072837895
425.0661959400	0.0074861111
426.0664901442	0.0073516958
427.0667843483	0.0074427779
428.0670785525	0.0075425267
429.0673727567	0.0076607447
430.0676669609	0.0074512075
431.0679611650	0.0074576925
432.0682553692	0.0071319743
433.0685495734	0.0068874444
434.0688437776	0.0068994259
435.0691379818	0.0069300339
436.0694321859	0.0067077843
437.0697263901	0.0062641030
438.0700205943	0.0057869635
439.0703147985	0.0062126342
440.0706090026	0.0067417022
441.0709032068	0.0066713569
442.0711974110	0.0067448352
443.0714916152	0.0065307940
444.0717858194	0.0067189615
445.0720800235	0.0065006210
446.0723742277	0.0065680587
447.0726684319	0.0066707984
448.0729626361	0.0070864345
449.0732568402	0.0062129119
450.0735510444	0.0059163129
451.0738452486	0.0051265991
452.0741394528	0.0046134668
453.0744336570	0.0046558016
454.0747278611	0.0048199397
455.0750220653	0.0050834683
456.0753162695	0.0042942981
457.0756104737	0.0047239861
458.0759046778	0.0052774506
459.0761988820	0.0057144816
460.0764930862	0.0062265506
461.0767872904	0.0064453040
462.0770814946	0.0071604996
463.0773756987	0.0073704980
464.0776699029	0.0073382784
465.0779641071	0.0066809186
466.0782583113	0.0067432914
467.0785525154	0.0059001553
468.0788467196	0.0066285806
469.0791409238	0.0071502505
470.0794351280	0.0075339563
471.0797293322	0.0079870940
472.0800235363	0.0084788039
473.0803177405	0.0094430401
474.0806119447	0.0093488983
475.0809061489	0.0097321164
476.0812003530	0.0092799714
477.0814945572	0.0088735879
478.0817887614	0.0081081688
479.0820829656	0.0074460829
480.0823771698	0.0063353572
481.0826713739	0.0068681502
482.0829655781	0.0068512626
483.0832597823	0.0064780139
484.0835539865	0.0058640593
485.0838481906	0.0056081777
486.0841423948	0.0050955808
487.0844365990	0.0046876944
488.0847308032	0.0045150946
489.0850250074	0.0051419123
490.0853192115	0.0059093767
491.0856134157	0.0058218942
492.0859076199	0.0057094174
493.0862018241	0.0051084247
494.0864960282	0.0051120221
495.0867902324	0.0058477765
496.0870844366	0.0056213034
497.0873786408	0.0049004853
498.0876728450	0.0035618165
499.0879670491	0.0023315164
500.0882612533	0.0028607771
501.0885554575	0.0035023585
502.0888496617	0.0034864846
503.0891438658	0.0032077484
504.0894380700	0.0039769659
505.0897322742	0.0044929266
506.0900264784	0.0047285257
507.0903206826	0.0051085218
508.0906148867	0.0040643520
509.0909090909	0.0029193010
510.0912032951	0.0022560620
511.0914974993	0.0023166212
512.0917917034	0.0034971182
513.0920859076	0.0044779361
514.0923801118	0.0047890266
515.0926743160	0.0041132338
516.0929685202	0.0048688585
517.0932627243	0.0047682595
518.0935569285	0.0043752060
519.0938511327	0.0042197953
520.0941453369	0.0037531212
521.0944395410	0.0025369437
522.0947337452	0.0015437886
523.0950279494	0.0012727831
524.0953221536	0.0014733653
525.0956163578	0.0029775942
526.0959105619	0.0036776188
527.0962047661	0.0037843988
528.0964989703	0.0032684134
529.0967931745	0.0028982271
530.0970873786	0.0029027285
531.0973815828	0.0033352762
532.0976757870	0.0037818329
533.0979699912	0.0041633596
534.0982641954	0.0040242953
535.0985583995	0.0035713346
536.0988526037	0.0033907428
537.0991468079	0.0031561202
538.0994410121	0.0033973471
539.0997352162	0.0028528331
540.1000294204	0.0025066298
541.1003236246	0.0025545647
542.1006178288	0.0037357524
543.1009120330	0.0040418971
544.1012062371	0.0037558716
545.1015004413	0.0029909429
546.1017946455	0.0023691558
547.1020888497	0.0028649916
548.1023830538	0.0035930188
549.1026772580	0.0040884680
550.1029714622	0.0041454046
551.1032656664	0.0036223455
552.1035598706	0.0027465881
553.1038540747	0.0021316389
554.1041482789	0.0024740080
555.1044424831	0.0025116536
556.1047366873	0.0031312954
557.1050308914	0.0034281999
558.1053250956	0.0038670768
559.1056192998	0.0045045756
560.1059135040	0.0049312102
561.1062077081	0.0049251577
562.1065019123	0.0048748795
563.1067961165	0.0047413387
564.1070903207	0.0047388464
565.1073845249	0.0047937905
566.1076787290	0.0045915608
567.1079729332	0.0047537196
568.1082671374	0.0043764312
569.1085613416	0.0044020887
570.1088555457	0.0044005909
571.1091497499	0.0041522134
572.1094439541	0.0040336101
573.1097381583	0.0037754809
574.1100323625	0.0038938107
575.1103265666	0.0034837391
576.1106207708	0.0039851229
577.1109149750	0.0041652179
578.1112091792	0.0044161620
579.1115033833	0.0045380895
580.1117975875	0.0043181304
581.1120917917	0.0043702453
582.1123859959	0.0039793657
583.1126802001	0.0037691237
584.1129744042	0.0036597582
585.1132686084	0.0043979422
586.1135628126	0.0040141764
587.1138570168	0.0035337333
588.1141512209	0.0041286548
589.1144454251	0.0043684882
590.1147396293	0.0043177536
591.1150338335	0.0039197707
592.1153280377	0.0034500556
593.1156222418	0.0037853554
594.1159164460	0.0030040943
595.1162106502	0.0031555757
596.1165048544	0.0023525588
597.1167990585	0.0019332266
598.1170932627	0.0019005290
599.1173874669	0.0025449305
600.1176816711	0.0033834356
601.1179758753	0.0039906508
602.1182700794	0.0037977975
603.1185642836	0.0038683306
604.1188584878	0.0050528638
605.1191526920	0.0046023935
606.1194468961	0.0041885495
607.1197411003	0.0040847460
608.1200353045	0.0044480573
609.1203295087	0.0045449105
610.1206237129	0.0043238222
611.1209179170	0.0045117245
612.1212121212	0.0045332170
613.1215063254	0.0041308903
614.1218005296	0.0039777964
615.1220947337	0.0039703258
616.1223889379	0.0039702302
617.1226831421	0.0039310874
618.1229773463	0.0037053322
619.1232715505	0.0029188761
620.1235657546	0.0025051614
621.1238599588	0.0027705386
622.1241541630	0.0034620583
623.1244483672	0.0035253386
624.1247425713	0.0040418349
625.1250367755	0.0039067964
626.1253309797	0.0037336507
627.1256251839	0.0039122662
628.1259193881	0.0037723467
629.1262135922	0.0041189025
630.1265077964	0.0039870746
631.1268020006	0.0038569719
632.1270962048	0.0037302344
633.1273904089	0.0031889119
634.1276846131	0.0033330759
635.1279788173	0.0028676200
636.1282730215	0.0035885190
637.1285672257	0.0038403136
638.1288614298	0.0030672830
639.1291556340	0.0023743317
640.1294498382	0.0024556649
641.1297440424	0.0028476809
642.1300382465	0.0030952291
643.1303324507	0.0030345346
644.1306266549	0.0030029892
645.1309208591	0.0030913016
646.1312150633	0.0031823186
647.1315092674	0.0037853104
648.1318034716	0.0034921161
649.1320976758	0.0029461360
650.1323918800	0.0029263221
651.1326860841	0.0028465785
652.1329802883	0.0033957963
653.1332744925	0.0036261307
654.1335686967	0.0037155077
655.1338629009	0.0039759659
656.1341571050	0.0037053711
657.1344513092	0.0036906799
658.1347455134	0.0038585274
659.1350397176	0.0038232124
660.1353339217	0.0036129102
661.1356281259	0.0027098464
662.1359223301	0.0025958109
663.1362165343	0.0024249402
664.1365107385	0.0021641439
665.1368049426	0.0020645593
666.1370991468	0.0014622842
667.1373933510	0.0018405016
668.1376875552	0.0021233822
669.1379817593	0.0022663735
670.1382759635	0.0026066798
671.1385701677	0.0024679838
672.1388643719	0.0029147775
673.1391585761	0.0022933953
674.1394527802	0.0021360776
675.1397469844	0.0020497209
676.1400411886	0.0019782698
677.1403353928	0.0023197468
678.1406295969	0.0025975323
679.1409238011	0.0031453091
680.1412180053	0.0037948142
681.1415122095	0.0038372942
682.1418064137	0.0035620751
683.1421006178	0.0031376936
684.1423948220	0.0023348567
685.1426890262	0.0016539732
686.1429832304	0.0014633936
687.1432774345	0.0021061585
688.1435716387	0.0025960870
689.1438658429	0.0030983121
690.1441600471	0.0032472803
691.1444542513	0.0033985855
692.1447484554	0.0036229767
693.1450426596	0.0029740293
694.1453368638	0.0019636064
695.1456310680	0.0017643815
696.1459252721	0.0020697474
697.1462194763	0.0026014317
698.1465136805	0.0029700387
699.1468078847	0.0036546830
700.1471020888	0.0036006453
701.1473962930	0.0031068220
702.1476904972	0.0031308788
703.1479847014	0.0026447314
704.1482789056	0.0028509748
705.1485731097	0.0029824972
706.1488673139	0.0033084805
707.1491615181	0.0036384998
708.1494557223	0.0027519810
709.1497499264	0.0018926056
710.1500441306	0.0019224860
711.1503383348	0.0020992246
712.1506325390	0.0030927155
713.1509267432	0.0036018548
714.1512209473	0.0036669267
715.1515151515	0.0039071979
716.1518093557	0.0037987495
717.1521035599	0.0037733162
718.1523977640	0.0036116460
719.1526919682	0.0030867227
720.1529861724	0.0030660505
721.1532803766	0.0034257347
722.1535745808	0.0033445895
723.1538687849	0.0040700869
724.1541629891	0.0040908916
725.1544571933	0.0041211212
726.1547513975	0.0036292535
727.1550456016	0.0033432814
728.1553398058	0.0037037085
729.1556340100	0.0036538518
730.1559282142	0.0037678204
731.1562224184	0.0041093522
732.1565166225	0.0039058625
733.1568108267	0.0033576520
734.1571050309	0.0030052180
735.1573992351	0.0038047414
736.1576934392	0.0041827458
737.1579876434	0.0047246163
738.1582818476	0.0047684351
739.1585760518	0.0046917891
740.1588702560	0.0048487546
741.1591644601	0.0044872691
742.1594586643	0.0044910756
743.1597528685	0.0046850088
744.1600470727	0.0046954352
745.1603412768	0.0044096754
746.1606354810	0.0044067932
747.1609296852	0.0051474707
748.1612238894	0.0060795944
749.1615180936	0.0066379419
750.1618122977	0.0072707199
751.1621065019	0.0079780342
752.1624007061	0.0087540745
753.1626949103	0.0088993258
754.1629891144	0.0085198215
755.1632833186	0.0078088269
756.1635775228	0.0068936779
757.1638717270	0.0064794650
758.1641659312	0.0053405778
759.1644601353	0.0044007877
760.1647543395	0.0045412884
761.1650485437	0.0050975081
762.1653427479	0.0049771595
763.1656369520	0.0046626145
764.1659311562	0.0051347720
765.1662253604	0.0054832055
766.1665195646	0.0052895711
767.1668137688	0.0049609679
768.1671079729	0.0049273485
769.1674021771	0.0050101450
770.1676963813	0.0049944329
771.1679905855	0.0049498544
772.1682847896	0.0046712882
773.1685789938	0.0048590876
774.1688731980	0.0046123657
775.1691674022	0.0045473939
776.1694616064	0.0050003433
777.1697558105	0.0049096844
778.1700500147	0.0050378634
779.1703442189	0.0051124176
780.1706384231	0.0048562417
781.1709326272	0.0049241973
782.1712268314	0.0052467812
783.1715210356	0.0055757733
784.1718152398	0.0055875581
785.1721094440	0.0052171453
786.1724036481	0.0058933272
787.1726978523	0.0062032583
788.1729920565	0.0063923844
789.1732862607	0.0068345409
790.1735804648	0.0069022131
791.1738746690	0.0071086171
792.1741688732	0.0070201493
793.1744630774	0.0081412822
794.1747572816	0.0099357541
795.1750514857	0.0120535936
796.1753456899	0.0130070601
797.1756398941	0.0149191250
798.1759340983	0.0157775415
799.1762283024	0.0152469363
800.1765225066	0.0145204300
801.1768167108	0.0129911521
802.1771109150	0.0109661792
803.1774051192	0.0096672216
804.1776993233	0.0086943476
805.1779935275	0.0084133359
806.1782877317	0.0079586037
807.1785819359	0.0076151465
808.1788761400	0.0068774863
809.1791703442	0.0066762597
810.1794645484	0.0062347877
811.1797587526	0.0063735466
812.1800529568	0.0062703475
813.1803471609	0.0062408582
814.1806413651	0.0056724122
815.1809355693	0.0063528970
816.1812297735	0.0063066596
817.1815239776	0.0065159134
818.1818181818	0.0063685807
819.1821123860	0.0064218366
820.1824065902	0.0065175738
821.1827007944	0.0065909388
822.1829949985	0.0063151784
823.1832892027	0.0059205748
824.1835834069	0.0058634177
825.1838776111	0.0060788582
826.1841718152	0.0057390104
827.1844660194	0.0056647205
828.1847602236	0.0051393385
829.1850544278	0.0056791886
830.1853486320	0.0055864718
831.1856428361	0.0059277394
832.1859370403	0.0062124278
833.1862312445	0.0060218239
834.1865254487	0.0059669101
835.1868196528	0.0061567824
836.1871138570	0.0061581922
837.1874080612	0.0059603397
838.1877022654	0.0057617347
839.1879964695	0.0056415870
840.1882906737	0.0056722776
841.1885848779	0.0055028145
842.1888790821	0.0055540567
843.1891732863	0.0055935853
844.1894674904	0.0056078718
845.1897616946	0.0055765513
846.1900558988	0.0056436116
847.1903501030	0.0053357952
848.1906443071	0.0061292737
849.1909385113	0.0052550729
850.1912327155	0.0050165008
851.1915269197	0.0050139683
852.1918211239	0.0048975741
853.1921153280	0.0049018278
854.1924095322	0.0051042018
855.1927037364	0.0051666329
856.1929979406	0.0051598422
857.1932921447	0.0052498454
858.1935863489	0.0051113254
859.1938805531	0.0051650010
860.1941747573	0.0053607956
861.1944689615	0.0051506040
862.1947631656	0.0055944360
863.1950573698	0.0055093855
864.1953515740	0.0055777087
865.1956457782	0.0055703374
866.1959399823	0.0053452657
867.1962341865	0.0056158361
868.1965283907	0.0055709519
869.1968225949	0.0058033390
870.1971167991	0.0060114076
871.1974110032	0.0060128261
872.1977052074	0.0065310774
873.1979994116	0.0073786007
874.1982936158	0.0081434495
875.1985878199	0.0090854928
876.1988820241	0.0101661388
877.1991762283	0.0099767236
878.1994704325	0.0092948141
879.1997646367	0.0082713436
880.2000588408	0.0075441577
881.2003530450	0.0067507213
882.2006472492	0.0061791417
883.2009414534	0.0055621673
884.2012356575	0.0052335007
885.2015298617	0.0052411229
886.2018240659	0.0050560246
887.2021182701	0.0052049993
888.2024124743	0.0047481393
889.2027066784	0.0047589926
890.2030008826	0.0046607407
891.2032950868	0.0046048847
892.2035892910	0.0048722804
893.2038834951	0.0047257404
894.2041776993	0.0043928080
895.2044719035	0.0042061713
896.2047661077	0.0039903942
897.2050603119	0.0040581444
898.2053545160	0.0041094232
899.2056487202	0.0042605123
900.2059429244	0.0041987249
901.2062371286	0.0039094669
902.2065313327	0.0040270325
903.2068255369	0.0043502357
904.2071197411	0.0042466440
905.2074139453	0.0040394078
906.2077081495	0.0040509521
907.2080023536	0.0043367395
908.2082965578	0.0040677747
909.2085907620	0.0039801345
910.2088849662	0.0039307400
911.2091791703	0.0039729884
912.2094733745	0.0038253691
913.2097675787	0.0045038810
914.2100617829	0.0049552918
915.2103559871	0.0045530994
916.2106501912	0.0046171720
917.2109443954	0.0046303863
918.2112385996	0.0046702510
919.2115328038	0.0047382618
920.2118270079	0.0048374452
921.2121212121	0.0047545604
922.2124154163	0.0048777276
923.2127096205	0.0048021493
924.2130038247	0.0047380589
925.2132980288	0.0049842612
926.2135922330	0.0047895782
927.2138864372	0.0048589522
928.2141806414	0.0047154112
929.2144748455	0.0045781047
930.2147690497	0.0045569200
931.2150632539	0.0047330478
932.2153574581	0.0043563406
933.2156516623	0.0048314935
934.2159458664	0.0047363633
935.2162400706	0.0046401625
936.2165342748	0.0044495211
937.2168284790	0.0042885797
938.2171226831	0.0042717047
939.2174168873	0.0042132590
940.2177110915	0.0042874292
941.2180052957	0.0040590926
942.2182994999	0.0039186330
943.2185937040	0.0042296136
944.2188879082	0.0041758442
945.2191821124	0.0041416983
946.2194763166	0.0044295582
947.2197705207	0.0045109736
948.2200647249	0.0044176337
949.2203589291	0.0043852470
950.2206531333	0.0047996655
951.2209473375	0.0046214780
952.2212415416	0.0041223749
953.2215357458	0.0046790010
954.2218299500	0.0046714976
955.2221241542	0.0048548952
956.2224183583	0.0049257504
957.2227125625	0.0050165208
958.2230067667	0.0049996222
959.2233009709	0.0052204769
960.2235951751	0.0057407238
961.2238893792	0.0058225572
962.2241835834	0.0058780794
963.2244777876	0.0059072349
964.2247719918	0.0057263647
965.2250661959	0.0057997102
966.2253604001	0.0058271274
967.2256546043	0.0057558792
968.2259488085	0.0056322113
969.2262430127	0.0058771812
970.2265372168	0.0063893980
971.2268314210	0.0062437736
972.2271256252	0.0061314909
973.2274198294	0.0064613224
974.2277140335	0.0067255978
975.2280082377	0.0069937798
976.2283024419	0.0073545326
977.2285966461	0.0078558217
978.2288908503	0.0080955129
979.2291850544	0.0083435892
980.2294792586	0.0087296934
981.2297734628	0.0084303174
982.2300676670	0.0082795081
983.2303618711	0.0081070943
984.2306560753	0.0082197547
985.2309502795	0.0093454272
986.2312444837	0.0098113935
987.2315386878	0.0101990805
988.2318328920	0.0111212964
989.2321270962	0.0117551529
990.2324213004	0.0128526164
991.2327155046	0.0141464228
992.2330097087	0.0160711200
993.2333039129	0.0180457747
994.2335981171	0.0207179181
995.2338923213	0.0239026428
996.2341865254	0.0269532079
997.2344807296	0.0292188280
998.2347749338	0.0301588368
999.2350691380	0.0293810789
1000.2353633422	0.0274664634
1001.2356575463	0.0240697155
1002.2359517505	0.0209104880
1003.2362459547	0.0183394256
1004.2365401589	0.0167540369
1005.2368343630	0.0156894395
1006.2371285672	0.0145337367
1007.2374227714	0.0133321335
1008.2377169756	0.0129038292
1009.2380111798	0.0127278118
1010.2383053839	0.0126111437
1011.2385995881	0.0115844852
1012.2388937923	0.0109526936
1013.2391879965	0.0103258090
1014.2394822006	0.0101604726
1015.2397764048	0.0102837447
1016.2400706090	0.0095361225
1017.2403648132	0.0092413577
1018.2406590174	0.0090244502
1019.2409532215	0.0087249926
1020.2412474257	0.0087369811
1021.2415416299	0.0087124752
1022.2418358341	0.0086808979
1023.2421300382	0.0085982708
1024.2424242424	0.0083566953
1025.2427184466	0.0085125806
1026.2430126508	0.0085172361
1027.2433068550	0.0083933866
1028.2436010591	0.0087713530
1029.2438952633	0.0091276485
1030.2441894675	0.0092425277
1031.2444836717	0.0092182545
1032.2447778758	0.0093315790
1033.2450720800	0.0099964216
1034.2453662842	0.0102164743
1035.2456604884	0.0108983070
1036.2459546926	0.0111930246
1037.2462488967	0.0111663166
1038.2465431009	0.0113445716
1039.2468373051	0.0112962491
1040.2471315093	0.0106250119
1041.2474257134	0.0096688519
1042.2477199176	0.0087253627
1043.2480141218	0.0080375414
1044.2483083260	0.0072401836
1045.2486025302	0.0068653590
1046.2488967343	0.0066559003
1047.2491909385	0.0069435262
1048.2494851427	0.0070941954
1049.2497793469	0.0070181188
1050.2500735510	0.0067286767
1051.2503677552	0.0064295517
1052.2506619594	0.0066989882
1053.2509561636	0.0066462802
1054.2512503678	0.0061570990
1055.2515445719	0.0055366910
1056.2518387761	0.0059014499
1057.2521329803	0.0054776696
1058.2524271845	0.0051333694
1059.2527213886	0.0052400642
1060.2530155928	0.0050206034
1061.2533097970	0.0051947756
1062.2536040012	0.0050352778
1063.2538982054	0.0049696417
1064.2541924095	0.0047652103
1065.2544866137	0.0048773226
1066.2547808179	0.0049379815
1067.2550750221	0.0050260242
1068.2553692262	0.0051618648
1069.2556634304	0.0050067306
1070.2559576346	0.0047168310
1071.2562518388	0.0047767043
1072.2565460430	0.0050922087
1073.2568402471	0.0050849050
1074.2571344513	0.0049670457
1075.2574286555	0.0050926894
1076.2577228597	0.0049010952
1077.2580170638	0.0055105599
1078.2583112680	0.0054004181
1079.2586054722	0.0050941975
1080.2588996764	0.0050652405
1081.2591938806	0.0050514707
1082.2594880847	0.0050427265
1083.2597822889	0.0051502163
1084.2600764931	0.0049546132
1085.2603706973	0.0049567274
1086.2606649014	0.0052785007
1087.2609591056	0.0050491482
1088.2612533098	0.0052141942
1089.2615475140	0.0055803770
1090.2618417182	0.0055779685
1091.2621359223	0.0057277523
1092.2624301265	0.0054220352
1093.2627243307	0.0056289335
1094.2630185349	0.0053377859
1095.2633127390	0.0055603123
1096.2636069432	0.0058412855
1097.2639011474	0.0057331833
1098.2641953516	0.0055804281
1099.2644895558	0.0057275015
1100.2647837599	0.0062225793
1101.2650779641	0.0060876768
1102.2653721683	0.0063914445
1103.2656663725	0.0064880794
1104.2659605766	0.0069176798
1105.2662547808	0.0072047728
1106.2665489850	0.0076280328
1107.2668431892	0.0080575067
1108.2671373934	0.0074123787
1109.2674315975	0.0072876134
1110.2677258017	0.0071939378
1111.2680200059	0.0065776321
1112.2683142101	0.0062574652
1113.2686084142	0.0060708719
1114.2689026184	0.0059838865
1115.2691968226	0.0057581860
1116.2694910268	0.0051150152
1117.2697852310	0.0049730953
1118.2700794351	0.0051235808
1119.2703736393	0.0049047450
1120.2706678435	0.0050032887
1121.2709620477	0.0047699281
1122.2712562518	0.0047402907
1123.2715504560	0.0046314236
1124.2718446602	0.0042630498
1125.2721388644	0.0045446250
1126.2724330685	0.0050191673
1127.2727272727	0.0047177712
1128.2730214769	0.0046675756
1129.2733156811	0.0047131891
1130.2736098853	0.0045777251
1131.2739040894	0.0045938636
1132.2741982936	0.0043367471
1133.2744924978	0.0044893441
1134.2747867020	0.0048833047
1135.2750809061	0.0045028247
1136.2753751103	0.0047677147
1137.2756693145	0.0046809386
1138.2759635187	0.0046430780
1139.2762577229	0.0045452495
1140.2765519270	0.0047590028
1141.2768461312	0.0052302387
1142.2771403354	0.0057413561
1143.2774345396	0.0058893385
1144.2777287437	0.0061290756
1145.2780229479	0.0065794840
1146.2783171521	0.0068380899
1147.2786113563	0.0080494354
1148.2789055605	0.0091317818
1149.2791997646	0.0101969481
1150.2794939688	0.0114274169
1151.2797881730	0.0122872353
1152.2800823772	0.0122744742
1153.2803765813	0.0114027496
1154.2806707855	0.0099433116
1155.2809649897	0.0083214321
1156.2812591939	0.0071531478
1157.2815533981	0.0064194744
1158.2818476022	0.0057106937
1159.2821418064	0.0053739925
1160.2824360106	0.0053645249
1161.2827302148	0.0055166512
1162.2830244189	0.0057161416
1163.2833186231	0.0056137520
1164.2836128273	0.0054935176
1165.2839070315	0.0058421817
1166.2842012357	0.0061029100
1167.2844954398	0.0057524637
1168.2847896440	0.0056182252
1169.2850838482	0.0055580857
1170.2853780524	0.0056147746
1171.2856722565	0.0055014297
1172.2859664607	0.0051906406
1173.2862606649	0.0053594909
1174.2865548691	0.0052862531
1175.2868490733	0.0051498083
1176.2871432774	0.0053765343
1177.2874374816	0.0049991030
1178.2877316858	0.0047723177
1179.2880258900	0.0052662780
1180.2883200941	0.0053076003
1181.2886142983	0.0056654256
1182.2889085025	0.0054750605
1183.2892027067	0.0054778614
1184.2894969109	0.0055304081
1185.2897911150	0.0055865261
1186.2900853192	0.0056928381
1187.2903795234	0.0057683544
1188.2906737276	0.0053921159
1189.2909679317	0.0054869144
1190.2912621359	0.0056045943
1191.2915563401	0.0057581441
1192.2918505443	0.0055443279
1193.2921447485	0.0057695777
1194.2924389526	0.0060916370
1195.2927331568	0.0060042692
1196.2930273610	0.0064266983
1197.2933215652	0.0069641097
1198.2936157693	0.0067333136
1199.2939099735	0.0061479917
1200.2942041777	0.0064154493
1201.2944983819	0.0061688041
1202.2947925861	0.0063054607
1203.2950867902	0.0058313014
1204.2953809944	0.0058296592
1205.2956751986	0.0056086102
1206.2959694028	0.0051583093
1207.2962636069	0.0048974742
1208.2965578111	0.0050462271
1209.2968520153	0.0057975019
1210.2971462195	0.0062471380
1211.2974404237	0.0066269779
1212.2977346278	0.0069173664
1213.2980288320	0.0067077722
1214.2983230362	0.0065499490
1215.2986172404	0.0065245981
1216.2989114445	0.0068418555
1217.2992056487	0.0069709932
1218.2994998529	0.0065653164
1219.2997940571	0.0064011632
1220.3000882613	0.0063171325
1221.3003824654	0.0064666968
1222.3006766696	0.0067389583
1223.3009708738	0.0066228588
1224.3012650780	0.0065382903
1225.3015592821	0.0065941138
1226.3018534863	0.0067027362
1227.3021476905	0.0065265329
1228.3024418947	0.0065943227
1229.3027360989	0.0067618985
1230.3030303030	0.0065189333
1231.3033245072	0.0065723816
1232.3036187114	0.0068189276
1233.3039129156	0.0064680109
1234.3042071197	0.0058427105
1235.3045013239	0.0062663944
1236.3047955281	0.0064698608
1237.3050897323	0.0066196533
1238.3053839365	0.0062015411
1239.3056781406	0.0061663570
1240.3059723448	0.0058986925
1241.3062665490	0.0057091951
1242.3065607532	0.0053267890
1243.3068549573	0.0056696273
1244.3071491615	0.0057149651
1245.3074433657	0.0058658354
1246.3077375699	0.0063015919
1247.3080317741	0.0063870023
1248.3083259782	0.0061551065
1249.3086201824	0.0065777283
1250.3089143866	0.0064834547
1251.3092085908	0.0067062846
1252.3095027949	0.0069555916
1253.3097969991	0.0066841140
1254.3100912033	0.0066360280
1255.3103854075	0.0068690622
1256.3106796117	0.0069813293
1257.3109738158	0.0071635931
1258.3112680200	0.0077596220
1259.3115622242	0.0075058918
1260.3118564284	0.0076828285
1261.3121506325	0.0079066242
1262.3124448367	0.0079238934
1263.3127390409	0.0075191334
1264.3130332451	0.0075415288
1265.3133274492	0.0075705543
1266.3136216534	0.0074738652
1267.3139158576	0.0076195736
1268.3142100618	0.0080194666
1269.3145042660	0.0085138313
1270.3147984701	0.0086822365
1271.3150926743	0.0096670238
1272.3153868785	0.0104299075
1273.3156810827	0.0121187805
1274.3159752868	0.0139990294
1275.3162694910	0.0158709544
1276.3165636952	0.0184602074
1277.3168578994	0.0216441541
1278.3171521036	0.0243274844
1279.3174463077	0.0259849081
1280.3177405119	0.0261885893
1281.3180347161	0.0258807391
1282.3183289203	0.0249013884
1283.3186231244	0.0223501000
1284.3189173286	0.0199186198
1285.3192115328	0.0170434547
1286.3195057370	0.0154743988
1287.3197999412	0.0143254684
1288.3200941453	0.0122954141
1289.3203883495	0.0117986277
1290.3206825537	0.0109137597
1291.3209767579	0.0100011614
1292.3212709620	0.0093780447
1293.3215651662	0.0089054187
1294.3218593704	0.0085681703
1295.3221535746	0.0083003017
1296.3224477788	0.0081474754
1297.3227419829	0.0078458954
1298.3230361871	0.0084816195
1299.3233303913	0.0086242401
1300.3236245955	0.0088153773
1301.3239187996	0.0091963990
1302.3242130038	0.0093346938
1303.3245072080	0.0093403511
1304.3248014122	0.0093843681
1305.3250956164	0.0092138519
1306.3253898205	0.0095685005
1307.3256840247	0.0097561910
1308.3259782289	0.0094738805
1309.3262724331	0.0094537429
1310.3265666372	0.0094640208
1311.3268608414	0.0097537305
1312.3271550456	0.0098724676
1313.3274492498	0.0098229136
1314.3277434540	0.0101961605
1315.3280376581	0.0104088545
1316.3283318623	0.0108796149
1317.3286260665	0.0117980688
1318.3289202707	0.0133827633
1319.3292144748	0.0151203128
1320.3295086790	0.0171968114
1321.3298028832	0.0202885861
1322.3300970874	0.0234912866
1323.3303912916	0.0245872626
1324.3306854957	0.0256457715
1325.3309796999	0.0250660041
1326.3312739041	0.0244209987
1327.3315681083	0.0238730895
1328.3318623124	0.0232612874
1329.3321565166	0.0224084377
1330.3324507208	0.0211268948
1331.3327449250	0.0197109628
1332.3330391292	0.0177159386
1333.3333333333	0.0161072038
1334.3336275375	0.0150640117
1335.3339217417	0.0143217591
1336.3342159459	0.0127409349
1337.3345101500	0.0118126619
1338.3348043542	0.0107364442
1339.3350985584	0.0101782246
1340.3353927626	0.0093861765
1341.3356869668	0.0086434205
1342.3359811709	0.0081738630
1343.3362753751	0.0082243895
1344.3365695793	0.0082511819
1345.3368637835	0.0084552151
1346.3371579876	0.0083515705
1347.3374521918	0.0083393055
1348.3377463960	0.0086493285
1349.3380406002	0.0090628058
1350.3383348044	0.0094790773
1351.3386290085	0.0092827882
1352.3389232127	0.0091240338
1353.3392174169	0.0088188821
1354.3395116211	0.0090071883
1355.3398058252	0.0088125891
1356.3401000294	0.0086425116
1357.3403942336	0.0087405579
1358.3406884378	0.0085316486
1359.3409826420	0.0079761807
1360.3412768461	0.0081495983
1361.3415710503	0.0080435111
1362.3418652545	0.0078124160
1363.3421594587	0.0076164855
1364.3424536628	0.0074906357
1365.3427478670	0.0076622437
1366.3430420712	0.0078068106
1367.3433362754	0.0075132988
1368.3436304796	0.0077880123
1369.3439246837	0.0076865950
1370.3442188879	0.0076055985
1371.3445130921	0.0076358742
1372.3448072963	0.0081366517
1373.3451015004	0.0081322632
1374.3453957046	0.0084240647
1375.3456899088	0.0087314890
1376.3459841130	0.0089376334
1377.3462783172	0.0095163756
1378.3465725213	0.0099885784
1379.3468667255	0.0105476002
1380.3471609297	0.0116030739
1381.3474551339	0.0124380592
1382.3477493380	0.0129956975
1383.3480435422	0.0133816994
1384.3483377464	0.0136509800
1385.3486319506	0.0139852935
1386.3489261548	0.0144470282
1387.3492203589	0.0150089826
1388.3495145631	0.0151380597
1389.3498087673	0.0149264044
1390.3501029715	0.0137670672
1391.3503971756	0.0121249422
1392.3506913798	0.0102160348
1393.3509855840	0.0091870636
1394.3512797882	0.0082763477
1395.3515739924	0.0073581120
1396.3518681965	0.0067133069
1397.3521624007	0.0065300308
1398.3524566049	0.0068833352
1399.3527508091	0.0069915674
1400.3530450132	0.0073159029
1401.3533392174	0.0072123516
1402.3536334216	0.0071961725
1403.3539276258	0.0069732051
1404.3542218300	0.0072355360
1405.3545160341	0.0070609981
1406.3548102383	0.0068772550
1407.3551044425	0.0070290989
1408.3553986467	0.0069023529
1409.3556928508	0.0070783957
1410.3559870550	0.0070788525
1411.3562812592	0.0073446808
1412.3565754634	0.0073426012
1413.3568696675	0.0070788580
1414.3571638717	0.0072337009
1415.3574580759	0.0073141578
1416.3577522801	0.0079113721
1417.3580464843	0.0079752231
1418.3583406884	0.0077453237
1419.3586348926	0.0085020199
1420.3589290968	0.0087216242
1421.3592233010	0.0096060278
1422.3595175051	0.0104907250
1423.3598117093	0.0110417580
1424.3601059135	0.0120340060
1425.3604001177	0.0128677941
1426.3606943219	0.0140523742
1427.3609885260	0.0156065912
1428.3612827302	0.0162182347
1429.3615769344	0.0172845597
1430.3618711386	0.0180602238
1431.3621653427	0.0190609683
1432.3624595469	0.0198706550
1433.3627537511	0.0197659434
1434.3630479553	0.0198737423
1435.3633421595	0.0203017310
1436.3636363636	0.0200883116
1437.3639305678	0.0198547483
1438.3642247720	0.0197802231
1439.3645189762	0.0199823219
1440.3648131803	0.0194936287
1441.3651073845	0.0197016551
1442.3654015887	0.0193814610
1443.3656957929	0.0188656099
1444.3659899971	0.0187945468
1445.3662842012	0.0183566365
1446.3665784054	0.0176680910
1447.3668726096	0.0169021455
1448.3671668138	0.0163775753
1449.3674610179	0.0154275403
1450.3677552221	0.0145984544
1451.3680494263	0.0141087826
1452.3683436305	0.0138476455
1453.3686378347	0.0134476227
1454.3689320388	0.0126252478
1455.3692262430	0.0131196215
1456.3695204472	0.0137750552
1457.3698146514	0.0135866571
1458.3701088555	0.0134189635
1459.3704030597	0.0133360659
1460.3706972639	0.0124123188
1461.3709914681	0.0118095483
1462.3712856723	0.0114782580
1463.3715798764	0.0111222288
1464.3718740806	0.0106786868
1465.3721682848	0.0105632363
1466.3724624890	0.0098492454
1467.3727566931	0.0091771407
1468.3730508973	0.0087609606
1469.3733451015	0.0086083813
1470.3736393057	0.0084140350
1471.3739335099	0.0081294838
1472.3742277140	0.0078721922
1473.3745219182	0.0074951869
1474.3748161224	0.0076487039
1475.3751103266	0.0078282054
1476.3754045307	0.0075102998
1477.3756987349	0.0074518698
1478.3759929391	0.0074392251
1479.3762871433	0.0077585770
1480.3765813475	0.0072906770
1481.3768755516	0.0067967116
1482.3771697558	0.0067217346
1483.3774639600	0.0068552932
1484.3777581642	0.0069752184
1485.3780523683	0.0067195070
1486.3783465725	0.0067093711
1487.3786407767	0.0065748510
1488.3789349809	0.0060043332
1489.3792291851	0.0056417427
1490.3795233892	0.0063465669
1491.3798175934	0.0064345047
1492.3801117976	0.0059834760
1493.3804060018	0.0063294945
1494.3807002059	0.0062988822
1495.3809944101	0.0061359184
1496.3812886143	0.0067525035
1497.3815828185	0.0062751240
1498.3818770227	0.0065761337
1499.3821712268	0.0064366275
1500.3824654310	0.0063594799
1501.3827596352	0.0063558717
1502.3830538394	0.0064365694
1503.3833480435	0.0064242722
1504.3836422477	0.0059132214
1505.3839364519	0.0057690963
1506.3842306561	0.0060845115
1507.3845248603	0.0060528664
1508.3848190644	0.0061752857
1509.3851132686	0.0059834982
1510.3854074728	0.0061679113
1511.3857016770	0.0055092502
1512.3859958811	0.0057764523
1513.3862900853	0.0057900641
1514.3865842895	0.0054845799
1515.3868784937	0.0054184778
1516.3871726979	0.0060545370
1517.3874669020	0.0061264901
1518.3877611062	0.0059364874
1519.3880553104	0.0057226088
1520.3883495146	0.0059129537
1521.3886437187	0.0058740381
1522.3889379229	0.0053906185
1523.3892321271	0.0058535064
1524.3895263313	0.0053649597
1525.3898205355	0.0052263847
1526.3901147396	0.0059847941
1527.3904089438	0.0059708919
1528.3907031480	0.0060526121
1529.3909973522	0.0056401302
1530.3912915563	0.0052718733
1531.3915857605	0.0052225340
1532.3918799647	0.0055124897
1533.3921741689	0.0056966345
1534.3924683731	0.0060436073
1535.3927625772	0.0054894907
1536.3930567814	0.0052383293
1537.3933509856	0.0053765816
1538.3936451898	0.0052885923
1539.3939393939	0.0055865404
1540.3942335981	0.0052038865
1541.3945278023	0.0053573655
1542.3948220065	0.0052568911
1543.3951162107	0.0053462880
1544.3954104148	0.0055244534
1545.3957046190	0.0054711944
1546.3959988232	0.0052748090
1547.3962930274	0.0049858314
1548.3965872315	0.0051614590
1549.3968814357	0.0048726417
1550.3971756399	0.0046780890
1551.3974698441	0.0041808770
1552.3977640482	0.0042595927
1553.3980582524	0.0042879579
1554.3983524566	0.0045678208
1555.3986466608	0.0050322205
1556.3989408650	0.0050399641
1557.3992350691	0.0046413522
1558.3995292733	0.0046291675
1559.3998234775	0.0049179660
1560.4001176817	0.0047667036
1561.4004118858	0.0050859070
1562.4007060900	0.0053820565
1563.4010002942	0.0056022005
1564.4012944984	0.0051782581
1565.4015887026	0.0047575954
1566.4018829067	0.0040498194
1567.4021771109	0.0043496871
1568.4024713151	0.0045919585
1569.4027655193	0.0048710507
1570.4030597234	0.0049022336
1571.4033539276	0.0049636488
1572.4036481318	0.0039881786
1573.4039423360	0.0037974862
1574.4042365402	0.0034358527
1575.4045307443	0.0036850182
1576.4048249485	0.0041220209
1577.4051191527	0.0040639291
1578.4054133569	0.0041844768
1579.4057075610	0.0038275322
1580.4060017652	0.0034688554
1581.4062959694	0.0037478413
1582.4065901736	0.0035011376
1583.4068843778	0.0025076831
1584.4071785819	0.0024774693
1585.4074727861	0.0037738596
1586.4077669903	0.0045831141
1587.4080611945	0.0040042263
1588.4083553986	0.0038161824
1589.4086496028	0.0047931603
1590.4089438070	0.0047281417
1591.4092380112	0.0044118531
1592.4095322154	0.0032539311
1593.4098264195	0.0022918879
1594.4101206237	0.0019516269
1595.4104148279	0.0023683804
1596.4107090321	0.0024867327
1597.4110032362	0.0022201331
1598.4112974404	0.0025032710
1599.4115916446	0.0035969021
1600.4118858488	0.0043919157
1601.4121800530	0.0048138042
1602.4124742571	0.0043954570
1603.4127684613	0.0032924740
1604.4130626655	0.0021629427
1605.4133568697	0.0017879975
1606.4136510738	0.0021058491
1607.4139452780	0.0026044066
1608.4142394822	0.0025853605
1609.4145336864	0.0027993303
1610.4148278906	0.0031731630
1611.4151220947	0.0036272252
1612.4154162989	0.0036892801
1613.4157105031	0.0033709415
1614.4160047073	0.0026961823
1615.4162989114	0.0017646072
1616.4165931156	0.0018001531
1617.4168873198	0.0028165914
1618.4171815240	0.0037389883
1619.4174757282	0.0045395667
1620.4177699323	0.0050870499
1621.4180641365	0.0043157765
1622.4183583407	0.0033340282
1623.4186525449	0.0021339809
1624.4189467490	0.0007724112
1625.4192409532	0.0008478386
1626.4195351574	0.0011495048
1627.4198293616	0.0017530898
1628.4201235658	0.0013666613
1629.4204177699	0.0011758437
1630.4207119741	0.0022575933
1631.4210061783	0.0035642651
1632.4213003825	0.0049856183
1633.4215945866	0.0061211318
1634.4218887908	0.0063068150
1635.4221829950	0.0066041240
1636.4224771992	0.0067441071
1637.4227714034	0.0068003183
1638.4230656075	0.0058623123
1639.4233598117	0.0045183274
1640.4236540159	0.0035869064
1641.4239482201	0.0039010398
1642.4242424242	0.0051718707
1643.4245366284	0.0051006485
1644.4248308326	0.0046445538
1645.4251250368	0.0048480185
1646.4254192410	0.0059043625
1647.4257134451	0.0065803544
1648.4260076493	0.0058470888
1649.4263018535	0.0055952784
1650.4265960577	0.0069648559
1651.4268902618	0.0087330749
1652.4271844660	0.0107894638
1653.4274786702	0.0119290111
1654.4277728744	0.0133975835
1655.4280670786	0.0162950685
1656.4283612827	0.0205402112
1657.4286554869	0.0254033065
1658.4289496911	0.0301828197
1659.4292438953	0.0335256898
1660.4295380994	0.0376351042
1661.4298323036	0.0430330735
1662.4301265078	0.0469407169
1663.4304207120	0.0516093405
1664.4307149162	0.0528606391
1665.4310091203	0.0505740602
1666.4313033245	0.0477537445
1667.4315975287	0.0427729442
1668.4318917329	0.0389114349
1669.4321859370	0.0354877537
1670.4324801412	0.0311895591
1671.4327743454	0.0263790346
1672.4330685496	0.0235222677
1673.4333627538	0.0211469068
1674.4336569579	0.0183121541
1675.4339511621	0.0163082232
1676.4342453663	0.0132442397
1677.4345395705	0.0111692222
1678.4348337746	0.0098193274
1679.4351279788	0.0084415814
1680.4354221830	0.0081069036
1681.4357163872	0.0083661777
1682.4360105914	0.0075811207
1683.4363047955	0.0069821512
1684.4365989997	0.0066849130
1685.4368932039	0.0068245702
1686.4371874081	0.0066655644
1687.4374816122	0.0062293356
1688.4377758164	0.0057911894
1689.4380700206	0.0051106827
1690.4383642248	0.0048404376
1691.4386584289	0.0041158259
1692.4389526331	0.0036236322
1693.4392468373	0.0041297557
1694.4395410415	0.0048155546
1695.4398352457	0.0058076513
1696.4401294498	0.0052920220
1697.4404236540	0.0045235943
1698.4407178582	0.0045081118
1699.4410120624	0.0044623356
1700.4413062665	0.0046686978
1701.4416004707	0.0047947500
1702.4418946749	0.0045133600
1703.4421888791	0.0038243555
1704.4424830833	0.0030696006
1705.4427772874	0.0032356220
1706.4430714916	0.0037633645
1707.4433656958	0.0047097112
1708.4436599000	0.0052434353
1709.4439541041	0.0050132572
1710.4442483083	0.0048903786
1711.4445425125	0.0047204468
1712.4448367167	0.0043961536
1713.4451309209	0.0034601522
1714.4454251250	0.0027940630
1715.4457193292	0.0023858568
1716.4460135334	0.0018496115
1717.4463077376	0.0019708415
1718.4466019417	0.0027987132
1719.4468961459	0.0036624937
1720.4471903501	0.0040607795
1721.4474845543	0.0042983557
1722.4477787585	0.0041144155
1723.4480729626	0.0035314120
1724.4483671668	0.0020864303
1725.4486613710	0.0019859766
1726.4489555752	0.0024666728
1727.4492497793	0.0020687197
1728.4495439835	0.0015751149
1729.4498381877	0.0017699915
1730.4501323919	0.0020416412
1731.4504265961	0.0025854008
1732.4507208002	0.0038461626
1733.4510150044	0.0042604541
1734.4513092086	0.0042251552
1735.4516034128	0.0032786951
1736.4518976169	0.0020669406
1737.4521918211	0.0007334295
1738.4524860253	0.0005563125
1739.4527802295	0.0008631935
1740.4530744337	0.0019492306
1741.4533686378	0.0033561335
1742.4536628420	0.0041417911
1743.4539570462	0.0039866445
1744.4542512504	0.0030843819
1745.4545454545	0.0017961011
1746.4548396587	0.0010216145
1747.4551338629	0.0018852720
1748.4554280671	0.0026073762
1749.4557222713	0.0024626098
1750.4560164754	0.0026496972
1751.4563106796	0.0032647999
1752.4566048838	0.0026328877
1753.4568990880	0.0020341379
1754.4571932921	0.0017990987
1755.4574874963	0.0016462226
1756.4577817005	0.0019988844
1757.4580759047	0.0032956146
1758.4583701089	0.0039031332
1759.4586643130	0.0035352040
1760.4589585172	0.0018810987
1761.4592527214	0.0007892217
1762.4595469256	0.0008250472
1763.4598411297	0.0018420188
1764.4601353339	0.0031101820
1765.4604295381	0.0039953724
1766.4607237423	0.0038545974
1767.4610179465	0.0034627469
1768.4613121506	0.0022657908
1769.4616063548	0.0014232297
1770.4619005590	0.0000000000
1771.4621947632	0.0007242983
1772.4624889673	0.0018742311
1773.4627831715	0.0030249709
1774.4630773757	0.0039794271
1775.4633715799	0.0036375107
1776.4636657841	0.0034513303
1777.4639599882	0.0034484072
1778.4642541924	0.0038808775
1779.4645483966	0.0036358073
1780.4648426008	0.0031599530
1781.4651368049	0.0024758970
1782.4654310091	0.0018972625
1783.4657252133	0.0009463433
1784.4660194175	0.0005583347
1785.4663136217	0.0010948785
1786.4666078258	0.0020619979
1787.4669020300	0.0034137910
1788.4671962342	0.0039227259
1789.4674904384	0.0041595675
1790.4677846425	0.0035949119
1791.4680788467	0.0028860075
1792.4683730509	0.0030248329
1793.4686672551	0.0031367503
1794.4689614593	0.0032294045
1795.4692556634	0.0023450929
1796.4695498676	0.0015749458
1797.4698440718	0.0005677465
1798.4701382760	0.0002191653
1799.4704324801	0.0007455613
1800.4707266843	0.0013007027
1801.4710208885	0.0018558440
1802.4713150927	0.0024109854
1803.4716092969	0.0029661268
1804.4719035010	0.0035212681
1805.4721977052	0.0040764095
1806.4724919094	0.0046315508
1807.4727861136	0.0051866922
1808.4730803177	0.0057418335
1809.4733745219	0.0062969749
1810.4736687261	0.0068521162
1811.4739629303	0.0074072576
1812.4742571345	0.0079623989
1813.4745513386	0.0085175403
1814.4748455428	0.0090726817
1815.4751397470	0.0096278230
1816.4754339512	0.0101829644
1817.4757281553	0.0107381057
1818.4760223595	0.0112932471
1819.4763165637	0.0118483884
1820.4766107679	0.0124035298
1821.4769049721	0.0129586711
1822.4771991762	0.0135138125
1823.4774933804	0.0140689538
1824.4777875846	0.0146240952
1825.4780817888	0.0151792366
1826.4783759929	0.0157343779
1827.4786701971	0.0162895193
1828.4789644013	0.0168446606
1829.4792586055	0.0173998020
1830.4795528097	0.0179549433
1831.4798470138	0.0185100847
1832.4801412180	0.0190652260
1833.4804354222	0.0196203674
1834.4807296264	0.0201755088
1835.4810238305	0.0207306501
1836.4813180347	0.0212857915
1837.4816122389	0.0218409328
1838.4819064431	0.0223960742
1839.4822006472	0.0229512155
1840.4824948514	0.0235063569
1841.4827890556	0.0240614982
1842.4830832598	0.0246166396
1843.4833774640	0.0251717809
1844.4836716681	0.0257269223
1845.4839658723	0.0262820637
1846.4842600765	0.0268372050
1847.4845542807	0.0273923464
1848.4848484848	0.0279474877
1849.4851426890	0.0285026291
1850.4854368932	0.0290577704
1851.4857310974	0.0296129118
1852.4860253016	0.0301680531
1853.4863195057	0.0307231945
1854.4866137099	0.0312783358
1855.4869079141	0.0318334772
1856.4872021183	0.0323886186
1857.4874963224	0.0329437599
1858.4877905266	0.0334989013
1859.4880847308	0.0340540426
1860.4883789350	0.0346091840
1861.4886731392	0.0351643253
1862.4889673433	0.0357194667
1863.4892615475	0.0362746080
1864.4895557517	0.0368297494
1865.4898499559	0.0373848908
1866.4901441600	0.0379400321
1867.4904383642	0.0384951735
1868.4907325684	0.0390503148
1869.4910267726	0.0396054562
1870.4913209768	0.0401605975
1871.4916151809	0.0407157389
1872.4919093851	0.0412708802
1873.4922035893	0.0418260216
1874.4924977935	0.0423811629
1875.4927919976	0.0429363043
1876.4930862018	0.0434914457
1877.4933804060	0.0440465870
1878.4936746102	0.0446017284
1879.4939688144	0.0451568697
1880.4942630185	0.0457120111
1881.4945572227	0.0462671524
1882.4948514269	0.0468222938
1883.4951456311	0.0473774351
1884.4954398352	0.0479325765
1885.4957340394	0.0484877178
1886.4960282436	0.0490428592
1887.4963224478	0.0495980006
1888.4966166520	0.0501531419
1889.4969108561	0.0507082833
1890.4972050603	0.0512634246
1891.4974992645	0.0518185660
1892.4977934687	0.0523737073
1893.4980876728	0.0529288487
1894.4983818770	0.0534839900
1895.4986760812	0.0540391314
1896.4989702854	0.0545942728
1897.4992644896	0.0551494141
1898.4995586937	0.0557045555
1899.4998528979	0.0562596968
1900.5001471021	0.0568148382
1901.5004413063	0.0573699795
1902.5007355104	0.0579251209
1903.5010297146	0.0584802622
1904.5013239188	0.0590354036
1905.5016181230	0.0595905449
1906.5019123272	0.0601456863
1907.5022065313	0.0607008277
1908.5025007355	0.0612559690
1909.5027949397	0.0618111104
1910.5030891439	0.0623662517
1911.5033833480	0.0629213931
1912.5036775522	0.0634765344
1913.5039717564	0.0640316758
1914.5042659606	0.0645868171
1915.5045601648	0.0651419585
1916.5048543689	0.0656970998
1917.5051485731	0.0662522412
1918.5054427773	0.0668073826
1919.5057369815	0.0673625239
1920.5060311856	0.0679176653
1921.5063253898	0.0684728066
1922.5066195940	0.0690279480
1923.5069137982	0.0695830893
1924.5072080024	0.0701382307
1925.5075022065	0.0706933720
1926.5077964107	0.0712485134
1927.5080906149	0.0718036548
1928.5083848191	0.0723587961
1929.5086790232	0.0729139375
1930.5089732274	0.0734690788
1931.5092674316	0.0740242202
1932.5095616358	0.0745793615
1933.5098558400	0.0751345029
1934.5101500441	0.0756896442
1935.5104442483	0.0762447856
1936.5107384525	0.0767999269
1937.5110326567	0.0773550683
1938.5113268608	0.0779102097
1939.5116210650	0.0784653510
1940.5119152692	0.0790204924
1941.5122094734	0.0795756337
1942.5125036776	0.0801307751
1943.5127978817	0.0806859164
1944.5130920859	0.0812410578
1945.5133862901	0.0817961991
1946.5136804943	0.0823513405
1947.5139746984	0.0829064818
1948.5142689026	0.0834616232
1949.5145631068	0.0840167646
1950.5148573110	0.0845719059
1951.5151515152	0.0851270473
1952.5154457193	0.0856821886
1953.5157399235	0.0862373300
1954.5160341277	0.0867924713
1955.5163283319	0.0873476127
1956.5166225360	0.0879027540
1957.5169167402	0.0884578954
1958.5172109444	0.0890130367
1959.5175051486	0.0895681781
1960.5177993528	0.0901233195
1961.5180935569	0.0906784608
1962.5183877611	0.0912336022
1963.5186819653	0.0917887435
1964.5189761695	0.0923438849
1965.5192703736	0.0928990262
1966.5195645778	0.0934541676
1967.5198587820	0.0940093089
1968.5201529862	0.0945644503
1969.5204471904	0.0951195917
1970.5207413945	0.0956747330
1971.5210355987	0.0962298744
1972.5213298029	0.0967850157
1973.5216240071	0.0973401571
1974.5219182112	0.0978952984
1975.5222124154	0.0984504398
1976.5225066196	0.0990055811
1977.5228008238	0.0995607225
1978.5230950279	0.1001158638
1979.5233892321	0.1006710052
1980.5236834363	0.1012261466
1981.5239776405	0.1017812879
1982.5242718447	0.1023364293
1983.5245660488	0.1028915706
1984.5248602530	0.1034467120
1985.5251544572	0.1040018533
1986.5254486614	0.1045569947
1987.5257428655	0.1051121360
1988.5260370697	0.1056672774
1989.5263312739	0.1062224187
1990.5266254781	0.1067775601
1991.5269196823	0.1073327015
1992.5272138864	0.1078878428
1993.5275080906	0.1084429842
1994.5278022948	0.1089981255
1995.5280964990	0.1095532669
1996.5283907031	0.1101084082
1997.5286849073	0.1106635496
1998.5289791115	0.1112186909
1999.5292733157	0.1117738323
2000.5295675199	0.1123289737
2001.5298617240	0.1128841150
2002.5301559282	0.1134392564
2003.5304501324	0.1139943977
2004.5307443366	0.1145495391
2005.5310385407	0.1151046804
2006.5313327449	0.1156598218
2007.5316269491	0.1162149631
2008.5319211533	0.1167701045
2009.5322153575	0.1173252458
2010.5325095616	0.1178803872
2011.5328037658	0.1184355286
2012.5330979700	0.1189906699
2013.5333921742	0.1195458113
2014.5336863783	0.1201009526
2015.5339805825	0.1206560940
2016.5342747867	0.1212112353
2017.5345689909	0.1217663767
2018.5348631951	0.1223215180
2019.5351573992	0.1228766594
2020.5354516034	0.1234318007
2021.5357458076	0.1239869421
2022.5360400118	0.1245420835
2023.5363342159	0.1250972248
2024.5366284201	0.1256523662
2025.5369226243	0.1262075075
2026.5372168285	0.1267626489
2027.5375110327	0.1273177902
2028.5378052368	0.1278729316
2029.5380994410	0.1284280729
2030.5383936452	0.1289832143
2031.5386878494	0.1295383557
2032.5389820535	0.1300934970
2033.5392762577	0.1306486384
2034.5395704619	0.1312037797
2035.5398646661	0.1317589211
2036.5401588703	0.1323140624
2037.5404530744	0.1328692038
2038.5407472786	0.1334243451
2039.5410414828	0.1339794865
2040.5413356870	0.1345346278
2041.5416298911	0.1350897692
2042.5419240953	0.1356449106
2043.5422182995	0.1362000519
2044.5425125037	0.1367551933
2045.5428067079	0.1373103346
2046.5431009120	0.1378654760
2047.5433951162	0.1384206173
2048.5436893204	0.1389757587
2049.5439835246	0.1395309000
2050.5442777287	0.1400860414
2051.5445719329	0.1406411827
2052.5448661371	0.1411963241
2053.5451603413	0.1417514655
2054.5454545455	0.1423066068
2055.5457487496	0.1428617482
2056.5460429538	0.1434168895
2057.5463371580	0.1439720309
2058.5466313622	0.1445271722
2059.5469255663	0.1450823136
2060.5472197705	0.1456374549
2061.5475139747	0.1461925963
2062.5478081789	0.1467477377
2063.5481023831	0.1473028790
2064.5483965872	0.1478580204
2065.5486907914	0.1484131617
2066.5489849956	0.1489683031
2067.5492791998	0.1495234444
2068.5495734039	0.1500785858
2069.5498676081	0.1506337271
2070.5501618123	0.1511888685
2071.5504560165	0.1517440098
2072.5507502207	0.1522991512
2073.5510444248	0.1528542926
2074.5513386290	0.1534094339
2075.5516328332	0.1539645753
2076.5519270374	0.1545197166
2077.5522212415	0.1550748580
2078.5525154457	0.1556299993
2079.5528096499	0.1561851407
2080.5531038541	0.1567402820
2081.5533980583	0.1572954234
2082.5536922624	0.1578505647
2083.5539864666	0.1584057061
2084.5542806708	0.1589608475
2085.5545748750	0.1595159888
2086.5548690791	0.1600711302
2087.5551632833	0.1606262715
2088.5554574875	0.1611814129
2089.5557516917	0.1617365542
2090.5560458959	0.1622916956
2091.5563401000	0.1628468369
2092.5566343042	0.1634019783
2093.5569285084	0.1639571196
2094.5572227126	0.1645122610
2095.5575169167	0.1650674024
2096.5578111209	0.1656225437
2097.5581053251	0.1661776851
2098.5583995293	0.1667328264
2099.5586937335	0.1672879678
2100.5589879376	0.1678431091
2101.5592821418	0.1683982505
2102.5595763460	0.1689533918
2103.5598705502	0.1695085332
2104.5601647543	0.1700636746
2105.5604589585	0.1706188159
2106.5607531627	0.1711739573
2107.5610473669	0.1717290986
2108.5613415711	0.1722842400
2109.5616357752	0.1728393813
2110.5619299794	0.1733945227
2111.5622241836	0.1739496640
2112.5625183878	0.1745048054
2113.5628125919	0.1750599467
2114.5631067961	0.1756150881
2115.5634010003	0.1761702295
2116.5636952045	0.1767253708
2117.5639894086	0.1772805122
2118.5642836128	0.1778356535
2119.5645778170	0.1783907949
2120.5648720212	0.1789459362
2121.5651662254	0.1795010776
2122.5654604295	0.1800562189
2123.5657546337	0.1806113603
2124.5660488379	0.1811665016
2125.5663430421	0.1817216430
2126.5666372462	0.1822767844
2127.5669314504	0.1828319257
2128.5672256546	0.1833870671
2129.5675198588	0.1839422084
2130.5678140630	0.1844973498
2131.5681082671	0.1850524911
2132.5684024713	0.1856076325
2133.5686966755	0.1861627738
2134.5689908797	0.1867179152
2135.5692850838	0.1872730566
2136.5695792880	0.1878281979
2137.5698734922	0.1883833393
2138.5701676964	0.1889384806
2139.5704619006	0.1894936220
2140.5707561047	0.1900487633
2141.5710503089	0.1906039047
2142.5713445131	0.1911590460
2143.5716387173	0.1917141874
2144.5719329214	0.1922693287
2145.5722271256	0.1928244701
2146.5725213298	0.1933796115
2147.5728155340	0.1939347528
2148.5731097382	0.1944898942
2149.5734039423	0.1950450355
2150.5736981465	0.1956001769
2151.5739923507	0.1961553182
2152.5742865549	0.1967104596
2153.5745807590	0.1972656009
2154.5748749632	0.1978207423
2155.5751691674	0.1983758836
2156.5754633716	0.1989310250
2157.5757575758	0.1994861664
2158.5760517799	0.2000413077
2159.5763459841	0.2005964491
2160.5766401883	0.2011515904
2161.5769343925	0.2017067318
2162.5772285966	0.2022618731
2163.5775228008	0.2028170145
2164.5778170050	0.2033721558
2165.5781112092	0.2039272972
2166.5784054134	0.2044824386
2167.5786996175	0.2050375799
2168.5789938217	0.2055927213
2169.5792880259	0.2061478626
2170.5795822301	0.2067030040
2171.5798764342	0.2072581453
2172.5801706384	0.2078132867
2173.5804648426	0.2083684280
2174.5807590468	0.2089235694
2175.5810532510	0.2094787107
2176.5813474551	0.2100338521
2177.5816416593	0.2105889935
2178.5819358635	0.2111441348
2179.5822300677	0.2116992762
2180.5825242718	0.2122544175
2181.5828184760	0.2128095589
2182.5831126802	0.2133647002
2183.5834068844	0.2139198416
2184.5837010886	0.2144749829
2185.5839952927	0.2150301243
2186.5842894969	0.2155852656
2187.5845837011	0.2161404070
2188.5848779053	0.2166955484
2189.5851721094	0.2172506897
2190.5854663136	0.2178058311
2191.5857605178	0.2183609724
2192.5860547220	0.2189161138
2193.5863489262	0.2194712551
2194.5866431303	0.2200263965
2195.5869373345	0.2205815378
2196.5872315387	0.2211366792
2197.5875257429	0.2216918206
2198.5878199470	0.2222469619
2199.5881141512	0.2228021033
2200.5884083554	0.2233572446
2201.5887025596	0.2239123860
2202.5889967638	0.2244675273
2203.5892909679	0.2250226687
2204.5895851721	0.2255778100
2205.5898793763	0.2261329514
2206.5901735805	0.2266880927
2207.5904677846	0.2272432341
2208.5907619888	0.2277983755
2209.5910561930	0.2283535168
2210.5913503972	0.2289086582
2211.5916446014	0.2294637995
2212.5919388055	0.2300189409
2213.5922330097	0.2305740822
2214.5925272139	0.2311292236
2215.5928214181	0.2316843649
2216.5931156222	0.2322395063
2217.5934098264	0.2327946476
2218.5937040306	0.2333497890
2219.5939982348	0.2339049304
2220.5942924390	0.2344600717
2221.5945866431	0.2350152131
2222.5948808473	0.2355703544
2223.5951750515	0.2361254958
2224.5954692557	0.2366806371
2225.5957634598	0.2372357785
2226.5960576640	0.2377909198
2227.5963518682	0.2383460612
2228.5966460724	0.2389012025
2229.5969402766	0.2394563439
2230.5972344807	0.2400114853
2231.5975286849	0.2405666266
2232.5978228891	0.2411217680
2233.5981170933	0.2416769093
2234.5984112974	0.2422320507
2235.5987055016	0.2427871920
2236.5989997058	0.2433423334
2237.5992939100	0.2438974747
2238.5995881142	0.2444526161
2239.5998823183	0.2450077575
2240.6001765225	0.2455628988
2241.6004707267	0.2461180402
2242.6007649309	0.2466731815
2243.6010591350	0.2472283229
2244.6013533392	0.2477834642
2245.6016475434	0.2483386056
2246.6019417476	0.2488937469
2247.6022359518	0.2494488883
2248.6025301559	0.2500040296
2249.6028243601	0.2505591710
2250.6031185643	0.2511143124
2251.6034127685	0.2516694537
2252.6037069726	0.2522245951
2253.6040011768	0.2527797364
2254.6042953810	0.2533348778
2255.6045895852	0.2538900191
2256.6048837893	0.2544451605
2257.6051779935	0.2550003018
2258.6054721977	0.2555554432
2259.6057664019	0.2561105845
2260.6060606061	0.2566657259
2261.6063548102	0.2572208673
2262.6066490144	0.2577760086
2263.6069432186	0.2583311500
2264.6072374228	0.2588862913
2265.6075316269	0.2594414327
2266.6078258311	0.2599965740
2267.6081200353	0.2605517154
2268.6084142395	0.2611068567
2269.6087084437	0.2616619981
2270.6090026478	0.2622171395
2271.6092968520	0.2627722808
2272.6095910562	0.2633274222
2273.6098852604	0.2638825635
2274.6101794645	0.2644377049
2275.6104736687	0.2649928462
2276.6107678729	0.2655479876
2277.6110620771	0.2661031289
2278.6113562813	0.2666582703
2279.6116504854	0.2672134116
2280.6119446896	0.2677685530
2281.6122388938	0.2683236944
2282.6125330980	0.2688788357
2283.6128273021	0.2694339771
2284.6131215063	0.2699891184
2285.6134157105	0.2705442598
2286.6137099147	0.2710994011
2287.6140041189	0.2716545425
2288.6142983230	0.2722096838
2289.6145925272	0.2727648252
2290.6148867314	0.2733199665
2291.6151809356	0.2738751079
2292.6154751397	0.2744302493
2293.6157693439	0.2749853906
2294.6160635481	0.2755405320
2295.6163577523	0.2760956733
2296.6166519565	0.2766508147
2297.6169461606	0.2772059560
2298.6172403648	0.2777610974
2299.6175345690	0.2783162387
2300.6178287732	0.2788713801
2301.6181229773	0.2794265215
2302.6184171815	0.2799816628
2303.6187113857	0.2805368042
2304.6190055899	0.2810919455
2305.6192997941	0.2816470869
2306.6195939982	0.2822022282
2307.6198882024	0.2827573696
2308.6201824066	0.2833125109
2309.6204766108	0.2838676523
2310.6207708149	0.2844227936
2311.6210650191	0.2849779350
2312.6213592233	0.2855330764
2313.6216534275	0.2860882177
2314.6219476317	0.2866433591
2315.6222418358	0.2871985004
2316.6225360400	0.2877536418
2317.6228302442	0.2883087831
2318.6231244484	0.2888639245
2319.6234186525	0.2894190658
2320.6237128567	0.2899742072
2321.6240070609	0.2905293485
2322.6243012651	0.2910844899
2323.6245954693	0.2916396313
2324.6248896734	0.2921947726
2325.6251838776	0.2927499140
2326.6254780818	0.2933050553
2327.6257722860	0.2938601967
2328.6260664901	0.2944153380
2329.6263606943	0.2949704794
2330.6266548985	0.2955256207
2331.6269491027	0.2960807621
2332.6272433069	0.2966359035
2333.6275375110	0.2971910448
2334.6278317152	0.2977461862
2335.6281259194	0.2983013275
2336.6284201236	0.2988564689
2337.6287143277	0.2994116102
2338.6290085319	0.2999667516
2339.6293027361	0.3005218929
2340.6295969403	0.3010770343
2341.6298911445	0.3016321756
2342.6301853486	0.3021873170
2343.6304795528	0.3027424584
2344.6307737570	0.3032975997
2345.6310679612	0.3038527411
2346.6313621653	0.3044078824
2347.6316563695	0.3049630238
2348.6319505737	0.3055181651
2349.6322447779	0.3060733065
2350.6325389821	0.3066284478
2351.6328331862	0.3071835892
2352.6331273904	0.3077387305
2353.6334215946	0.3082938719
2354.6337157988	0.3088490133
2355.6340100029	0.3094041546
2356.6343042071	0.3099592960
2357.6345984113	0.3105144373
2358.6348926155	0.3110695787
2359.6351868197	0.3116247200
2360.6354810238	0.3121798614
2361.6357752280	0.3127350027
2362.6360694322	0.3132901441
2363.6363636364	0.3138452854
2364.6366578405	0.3144004268
2365.6369520447	0.3149555682
2366.6372462489	0.3155107095
2367.6375404531	0.3160658509
2368.6378346573	0.3166209922
2369.6381288614	0.3171761336
2370.6384230656	0.3177312749
2371.6387172698	0.3182864163
2372.6390114740	0.3188415576
2373.6393056781	0.3193966990
2374.6395998823	0.3199518404
2375.6398940865	0.3205069817
2376.6401882907	0.3210621231
2377.6404824949	0.3216172644
2378.6407766990	0.3221724058
2379.6410709032	0.3227275471
2380.6413651074	0.3232826885
2381.6416593116	0.3238378298
2382.6419535157	0.3243929712
2383.6422477199	0.3249481125
2384.6425419241	0.3255032539
2385.6428361283	0.3260583953
2386.6431303325	0.3266135366
2387.6434245366	0.3271686780
2388.6437187408	0.3277238193
2389.6440129450	0.3282789607
2390.6443071492	0.3288341020
2391.6446013533	0.3293892434
2392.6448955575	0.3299443847
2393.6451897617	0.3304995261
2394.6454839659	0.3310546674
2395.6457781701	0.3316098088
2396.6460723742	0.3321649502
2397.6463665784	0.3327200915
2398.6466607826	0.3332752329
2399.6469549868	0.3338303742
2400.6472491909	0.3343855156
2401.6475433951	0.3349406569
2402.6478375993	0.3354957983
2403.6481318035	0.3360509396
2404.6484260076	0.3366060810
2405.6487202118	0.3371612224
2406.6490144160	0.3377163637
2407.6493086202	0.3382715051
2408.6496028244	0.3388266464
2409.6498970285	0.3393817878
2410.6501912327	0.3399369291
2411.6504854369	0.3404920705
2412.6507796411	0.3410472118
2413.6510738452	0.3416023532
2414.6513680494	0.3421574945
2415.6516622536	0.3427126359
2416.6519564578	0.3432677773
2417.6522506620	0.3438229186
2418.6525448661	0.3443780600
2419.6528390703	0.3449332013
2420.6531332745	0.3454883427
2421.6534274787	0.3460434840
2422.6537216828	0.3465986254
2423.6540158870	0.3471537667
2424.6543100912	0.3477089081
2425.6546042954	0.3482640494
2426.6548984996	0.3488191908
2427.6551927037	0.3493743322
2428.6554869079	0.3499294735
2429.6557811121	0.3504846149
2430.6560753163	0.3510397562
2431.6563695204	0.3515948976
2432.6566637246	0.3521500389
2433.6569579288	0.3527051803
2434.6572521330	0.3532603216
2435.6575463372	0.3538154630
2436.6578405413	0.3543706044
2437.6581347455	0.3549257457
2438.6584289497	0.3554808871
2439.6587231539	0.3560360284
2440.6590173580	0.3565911698
2441.6593115622	0.3571463111
2442.6596057664	0.3577014525
2443.6598999706	0.3582565938
2444.6601941748	0.3588117352
2445.6604883789	0.3593668765
2446.6607825831	0.3599220179
2447.6610767873	0.3604771593
2448.6613709915	0.3610323006
2449.6616651956	0.3615874420
2450.6619593998	0.3621425833
2451.6622536040	0.3626977247
2452.6625478082	0.3632528660
2453.6628420124	0.3638080074
2454.6631362165	0.3643631487
2455.6634304207	0.3649182901
2456.6637246249	0.3654734314
2457.6640188291	0.3660285728
2458.6643130332	0.3665837142
2459.6646072374	0.3671388555
2460.6649014416	0.3676939969
2461.6651956458	0.3682491382
2462.6654898500	0.3688042796
2463.6657840541	0.3693594209
2464.6660782583	0.3699145623
2465.6663724625	0.3704697036
2466.6666666667	0.3710248450
2467.6669608708	0.3715799864
2468.6672550750	0.3721351277
2469.6675492792	0.3726902691
2470.6678434834	0.3732454104
2471.6681376876	0.3738005518
2472.6684318917	0.3743556931
2473.6687260959	0.3749108345
2474.6690203001	0.3754659758
2475.6693145043	0.3760211172
2476.6696087084	0.3765762585
2477.6699029126	0.3771313999
2478.6701971168	0.3776865413
2479.6704913210	0.3782416826
2480.6707855252	0.3787968240
2481.6710797293	0.3793519653
2482.6713739335	0.3799071067
2483.6716681377	0.3804622480
2484.6719623419	0.3810173894
2485.6722565460	0.3815725307
2486.6725507502	0.3821276721
2487.6728449544	0.3826828134
2488.6731391586	0.3832379548
2489.6734333628	0.3837930962
2490.6737275669	0.3843482375
2491.6740217711	0.3849033789
2492.6743159753	0.3854585202
2493.6746101795	0.3860136616
2494.6749043836	0.3865688029
2495.6751985878	0.3871239443
2496.6754927920	0.3876790856
2497.6757869962	0.3882342270
2498.6760812004	0.3887893683
2499.6763754045	0.3893445097
2500.6766696087	0.3898996511
2501.6769638129	0.3904547924
2502.6772580171	0.3910099338
2503.6775522212	0.3915650751
2504.6778464254	0.3921202165
2505.6781406296	0.3926753578
2506.6784348338	0.3932304992
2507.6787290380	0.3937856405
2508.6790232421	0.3943407819
2509.6793174463	0.3948959233
2510.6796116505	0.3954510646
2511.6799058547	0.3960062060
2512.6802000588	0.3965613473
2513.6804942630	0.3971164887
2514.6807884672	0.3976716300
2515.6810826714	0.3982267714
2516.6813768756	0.3987819127
2517.6816710797	0.3993370541
2518.6819652839	0.3998921954
2519.6822594881	0.4004473368
2520.6825536923	0.4010024782
2521.6828478964	0.4015576195
2522.6831421006	0.4021127609
2523.6834363048	0.4026679022
2524.6837305090	0.4032230436
2525.6840247132	0.4037781849
2526.6843189173	0.4043333263
2527.6846131215	0.4048884676
2528.6849073257	0.4054436090
2529.6852015299	0.4059987503
2530.6854957340	0.4065538917
2531.6857899382	0.4071090331
2532.6860841424	0.4076641744
2533.6863783466	0.4082193158
2534.6866725508	0.4087744571
2535.6869667549	0.4093295985
2536.6872609591	0.4098847398
2537.6875551633	0.4104398812
2538.6878493675	0.4109950225
2539.6881435716	0.4115501639
2540.6884377758	0.4121053053
2541.6887319800	0.4126604466
2542.6890261842	0.4132155880
2543.6893203883	0.4137707293
2544.6896145925	0.4143258707
2545.6899087967	0.4148810120
2546.6902030009	0.4154361534
2547.6904972051	0.4159912947
2548.6907914092	0.4165464361
2549.6910856134	0.4171015774
2550.6913798176	0.4176567188
2551.6916740218	0.4182118602
2552.6919682259	0.4187670015
2553.6922624301	0.4193221429
2554.6925566343	0.4198772842
2555.6928508385	0.4204324256
2556.6931450427	0.4209875669
2557.6934392468	0.4215427083
2558.6937334510	0.4220978496
2559.6940276552	0.4226529910
2560.6943218594	0.4232081323
2561.6946160635	0.4237632737
2562.6949102677	0.4243184151
2563.6952044719	0.4248735564
2564.6954986761	0.4254286978
2565.6957928803	0.4259838391
2566.6960870844	0.4265389805
2567.6963812886	0.4270941218
2568.6966754928	0.4276492632
2569.6969696970	0.4282044045
2570.6972639011	0.4287595459
2571.6975581053	0.4293146873
2572.6978523095	0.4298698286
2573.6981465137	0.4304249700
2574.6984407179	0.4309801113
2575.6987349220	0.4315352527
2576.6990291262	0.4320903940
2577.6993233304	0.4326455354
2578.6996175346	0.4332006767
2579.6999117387	0.4337558181
2580.7002059429	0.4343109594
2581.7005001471	0.4348661008
2582.7007943513	0.4354212422
2583.7010885555	0.4359763835
2584.7013827596	0.4365315249
2585.7016769638	0.4370866662
2586.7019711680	0.4376418076
2587.7022653722	0.4381969489
2588.7025595763	0.4387520903
2589.7028537805	0.4393072316
2590.7031479847	0.4398623730
2591.7034421889	0.4404175143
2592.7037363931	0.4409726557
2593.7040305972	0.4415277971
2594.7043248014	0.4420829384
2595.7046190056	0.4426380798
2596.7049132098	0.4431932211
2597.7052074139	0.4437483625
2598.7055016181	0.4443035038
2599.7057958223	0.4448586452
2600.7060900265	0.4454137865
2601.7063842307	0.4459689279
2602.7066784348	0.4465240693
2603.7069726390	0.4470792106
2604.7072668432	0.4476343520
2605.7075610474	0.4481894933
2606.7078552515	0.4487446347
2607.7081494557	0.4492997760
2608.7084436599	0.4498549174
2609.7087378641	0.4504100587
2610.7090320683	0.4509652001
2611.7093262724	0.4515203414
2612.7096204766	0.4520754828
2613.7099146808	0.4526306242
2614.7102088850	0.4531857655
2615.7105030891	0.4537409069
2616.7107972933	0.4542960482
2617.7110914975	0.4548511896
2618.7113857017	0.4554063309
2619.7116799059	0.4559614723
2620.7119741100	0.4565166136
2621.7122683142	0.4570717550
2622.7125625184	0.4576268963
2623.7128567226	0.4581820377
2624.7131509267	0.4587371791
2625.7134451309	0.4592923204
2626.7137393351	0.4598474618
2627.7140335393	0.4604026031
2628.7143277435	0.4609577445
2629.7146219476	0.4615128858
2630.7149161518	0.4620680272
2631.7152103560	0.4626231685
2632.7155045602	0.4631783099
2633.7157987643	0.4637334512
2634.7160929685	0.4642885926
2635.7163871727	0.4648437340
2636.7166813769	0.4653988753
2637.7169755811	0.4659540167
2638.7172697852	0.4665091580
2639.7175639894	0.4670642994
2640.7178581936	0.4676194407
2641.7181523978	0.4681745821
2642.7184466019	0.4687297234
2643.7187408061	0.4692848648
2644.7190350103	0.4698400062
2645.7193292145	0.4703951475
2646.7196234187	0.4709502889
2647.7199176228	0.4715054302
2648.7202118270	0.4720605716
2649.7205060312	0.4726157129
2650.7208002354	0.4731708543
2651.7210944395	0.4737259956
2652.7213886437	0.4742811370
2653.7216828479	0.4748362783
2654.7219770521	0.4753914197
2655.7222712563	0.4759465611
2656.7225654604	0.4765017024
2657.7228596646	0.4770568438
2658.7231538688	0.4776119851
2659.7234480730	0.4781671265
2660.7237422771	0.4787222678
2661.7240364813	0.4792774092
2662.7243306855	0.4798325505
2663.7246248897	0.4803876919
2664.7249190939	0.4809428332
2665.7252132980	0.4814979746
2666.7255075022	0.4820531160
2667.7258017064	0.4826082573
2668.7260959106	0.4831633987
2669.7263901147	0.4837185400
2670.7266843189	0.4842736814
2671.7269785231	0.4848288227
2672.7272727273	0.4853839641
2673.7275669315	0.4859391054
2674.7278611356	0.4864942468
2675.7281553398	0.4870493882
2676.7284495440	0.4876045295
2677.7287437482	0.4881596709
2678.7290379523	0.4887148122
2679.7293321565	0.4892699536
2680.7296263607	0.4898250949
2681.7299205649	0.4903802363
2682.7302147690	0.4909353776
2683.7305089732	0.4914905190
2684.7308031774	0.4920456603
2685.7310973816	0.4926008017
2686.7313915858	0.4931559431
2687.7316857899	0.4937110844
2688.7319799941	0.4942662258
2689.7322741983	0.4948213671
2690.7325684025	0.4953765085
2691.7328626066	0.4959316498
2692.7331568108	0.4964867912
2693.7334510150	0.4970419325
2694.7337452192	0.4975970739
2695.7340394234	0.4981522152
2696.7343336275	0.4987073566
2697.7346278317	0.4992624980
2698.7349220359	0.4998176393
2699.7352162401	0.5003727807
2700.7355104442	0.5009279220
2701.7358046484	0.5014830634
2702.7360988526	0.5020382047
2703.7363930568	0.5025933461
2704.7366872610	0.5031484874
2705.7369814651	0.5037036288
2706.7372756693	0.5042587702
2707.7375698735	0.5048139115
2708.7378640777	0.5053690529
2709.7381582818	0.5059241942
2710.7384524860	0.5064793356
2711.7387466902	0.5070344769
2712.7390408944	0.5075896183
2713.7393350986	0.5081447596
2714.7396293027	0.5086999010
2715.7399235069	0.5092550423
2716.7402177111	0.5098101837
2717.7405119153	0.5103653251
2718.7408061194	0.5109204664
2719.7411003236	0.5114756078
2720.7413945278	0.5120307491
2721.7416887320	0.5125858905
2722.7419829362	0.5131410318
2723.7422771403	0.5136961732
2724.7425713445	0.5142513145
2725.7428655487	0.5148064559
2726.7431597529	0.5153615972
2727.7434539570	0.5159167386
2728.7437481612	0.5164718800
2729.7440423654	0.5170270213
2730.7443365696	0.5175821627
2731.7446307738	0.5181373040
2732.7449249779	0.5186924454
2733.7452191821	0.5192475867
2734.7455133863	0.5198027281
2735.7458075905	0.5203578694
2736.7461017946	0.5209130108
2737.7463959988	0.5214681522
2738.7466902030	0.5220232935
2739.7469844072	0.5225784349
2740.7472786114	0.5231335762
2741.7475728155	0.5236887176
2742.7478670197	0.5242438589
2743.7481612239	0.5247990003
2744.7484554281	0.5253541416
2745.7487496322	0.5259092830
2746.7490438364	0.5264644243
2747.7493380406	0.5270195657
2748.7496322448	0.5275747071
2749.7499264490	0.5281298484
2750.7502206531	0.5286849898
2751.7505148573	0.5292401311
2752.7508090615	0.5297952725
2753.7511032657	0.5303504138
2754.7513974698	0.5309055552
2755.7516916740	0.5314606965
2756.7519858782	0.5320158379
2757.7522800824	0.5325709792
2758.7525742866	0.5331261206
2759.7528684907	0.5336812620
2760.7531626949	0.5342364033
2761.7534568991	0.5347915447
2762.7537511033	0.5353466860
2763.7540453074	0.5359018274
2764.7543395116	0.5364569687
2765.7546337158	0.5370121101
2766.7549279200	0.5375672514
2767.7552221242	0.5381223928
2768.7555163283	0.5386775341
2769.7558105325	0.5392326755
2770.7561047367	0.5397878169
2771.7563989409	0.5403429582
2772.7566931450	0.5408980996
2773.7569873492	0.5414532409
2774.7572815534	0.5420083823
2775.7575757576	0.5425635236
2776.7578699618	0.5431186650
2777.7581641659	0.5436738063
2778.7584583701	0.5442289477
2779.7587525743	0.5447840891
2780.7590467785	0.5453392304
2781.7593409826	0.5458943718
2782.7596351868	0.5464495131
2783.7599293910	0.5470046545
2784.7602235952	0.5475597958
2785.7605177994	0.5481149372
2786.7608120035	0.5486700785
2787.7611062077	0.5492252199
2788.7614004119	0.5497803612
2789.7616946161	0.5503355026
2790.7619888202	0.5508906440
2791.7622830244	0.5514457853
2792.7625772286	0.5520009267
2793.7628714328	0.5525560680
2794.7631656370	0.5531112094
2795.7634598411	0.5536663507
2796.7637540453	0.5542214921
2797.7640482495	0.5547766334
2798.7643424537	0.5553317748
2799.7646366578	0.5558869161
2800.7649308620	0.5564420575
2801.7652250662	0.5569971989
2802.7655192704	0.5575523402
2803.7658134746	0.5581074816
2804.7661076787	0.5586626229
2805.7664018829	0.5592177643
2806.7666960871	0.5597729056
2807.7669902913	0.5603280470
2808.7672844954	0.5608831883
2809.7675786996	0.5614383297
2810.7678729038	0.5619934711
2811.7681671080	0.5625486124
2812.7684613122	0.5631037538
2813.7687555163	0.5636588951
2814.7690497205	0.5642140365
2815.7693439247	0.5647691778
2816.7696381289	0.5653243192
2817.7699323330	0.5658794605
2818.7702265372	0.5664346019
2819.7705207414	0.5669897432
2820.7708149456	0.5675448846
2821.7711091498	0.5681000260
2822.7714033539	0.5686551673
2823.7716975581	0.5692103087
2824.7719917623	0.5697654500
2825.7722859665	0.5703205914
2826.7725801706	0.5708757327
2827.7728743748	0.5714308741
2828.7731685790	0.5719860154
2829.7734627832	0.5725411568
2830.7737569873	0.5730962981
2831.7740511915	0.5736514395
2832.7743453957	0.5742065809
2833.7746395999	0.5747617222
2834.7749338041	0.5753168636
2835.7752280082	0.5758720049
2836.7755222124	0.5764271463
2837.7758164166	0.5769822876
2838.7761106208	0.5775374290
2839.7764048249	0.5780925703
2840.7766990291	0.5786477117
2841.7769932333	0.5792028531
2842.7772874375	0.5797579944
2843.7775816417	0.5803131358
2844.7778758458	0.5808682771
2845.7781700500	0.5814234185
2846.7784642542	0.5819785598
2847.7787584584	0.5825337012
2848.7790526625	0.5830888425
2849.7793468667	0.5836439839
2850.7796410709	0.5841991252
2851.7799352751	0.5847542666
2852.7802294793	0.5853094080
2853.7805236834	0.5858645493
2854.7808178876	0.5864196907
2855.7811120918	0.5869748320
2856.7814062960	0.5875299734
2857.7817005001	0.5880851147
2858.7819947043	0.5886402561
2859.7822889085	0.5891953974
2860.7825831127	0.5897505388
2861.7828773169	0.5903056801
2862.7831715210	0.5908608215
2863.7834657252	0.5914159629
2864.7837599294	0.5919711042
2865.7840541336	0.5925262456
2866.7843483377	0.5930813869
2867.7846425419	0.5936365283
2868.7849367461	0.5941916696
2869.7852309503	0.5947468110
2870.7855251545	0.5953019523
2871.7858193586	0.5958570937
2872.7861135628	0.5964122350
2873.7864077670	0.5969673764
2874.7867019712	0.5975225178
2875.7869961753	0.5980776591
2876.7872903795	0.5986328005
2877.7875845837	0.5991879418
2878.7878787879	0.5997430832
2879.7881729921	0.6002982245
2880.7884671962	0.6008533659
2881.7887614004	0.6014085072
2882.7890556046	0.6019636486
2883.7893498088	0.6025187900
2884.7896440129	0.6030739313
2885.7899382171	0.6036290727
2886.7902324213	0.6041842140
2887.7905266255	0.6047393554
2888.7908208297	0.6052944967
2889.7911150338	0.6058496381
2890.7914092380	0.6064047794
2891.7917034422	0.6069599208
2892.7919976464	0.6075150621
2893.7922918505	0.6080702035
2894.7925860547	0.6086253449
2895.7928802589	0.6091804862
2896.7931744631	0.6097356276
2897.7934686673	0.6102907689
2898.7937628714	0.6108459103
2899.7940570756	0.6114010516
2900.7943512798	0.6119561930
2901.7946454840	0.6125113343
2902.7949396881	0.6130664757
2903.7952338923	0.6136216170
2904.7955280965	0.6141767584
2905.7958223007	0.6147318998
2906.7961165049	0.6152870411
2907.7964107090	0.6158421825
2908.7967049132	0.6163973238
2909.7969991174	0.6169524652
2910.7972933216	0.6175076065
2911.7975875257	0.6180627479
2912.7978817299	0.6186178892
2913.7981759341	0.6191730306
2914.7984701383	0.6197281720
2915.7987643425	0.6202833133
2916.7990585466	0.6208384547
2917.7993527508	0.6213935960
2918.7996469550	0.6219487374
2919.7999411592	0.6225038787
2920.8002353633	0.6230590201
2921.8005295675	0.6236141614
2922.8008237717	0.6241693028
2923.8011179759	0.6247244441
2924.8014121801	0.6252795855
2925.8017063842	0.6258347269
2926.8020005884	0.6263898682
2927.8022947926	0.6269450096
2928.8025889968	0.6275001509
2929.8028832009	0.6280552923
2930.8031774051	0.6286104336
2931.8034716093	0.6291655750
2932.8037658135	0.6297207163
2933.8040600177	0.6302758577
2934.8043542218	0.6308309990
2935.8046484260	0.6313861404
2936.8049426302	0.6319412818
2937.8052368344	0.6324964231
2938.8055310385	0.6330515645
2939.8058252427	0.6336067058
2940.8061194469	0.6341618472
2941.8064136511	0.6347169885
2942.8067078553	0.6352721299
2943.8070020594	0.6358272712
2944.8072962636	0.6363824126
2945.8075904678	0.6369375540
2946.8078846720	0.6374926953
2947.8081788761	0.6380478367
2948.8084730803	0.6386029780
2949.8087672845	0.6391581194
2950.8090614887	0.6397132607
2951.8093556929	0.6402684021
2952.8096498970	0.6408235434
2953.8099441012	0.6413786848
2954.8102383054	0.6419338261
2955.8105325096	0.6424889675
2956.8108267137	0.6430441089
2957.8111209179	0.6435992502
2958.8114151221	0.6441543916
2959.8117093263	0.6447095329
2960.8120035305	0.6452646743
2961.8122977346	0.6458198156
2962.8125919388	0.6463749570
2963.8128861430	0.6469300983
2964.8131803472	0.6474852397
2965.8134745513	0.6480403810
2966.8137687555	0.6485955224
2967.8140629597	0.6491506638
2968.8143571639	0.6497058051
2969.8146513680	0.6502609465
2970.8149455722	0.6508160878
2971.8152397764	0.6513712292
2972.8155339806	0.6519263705
2973.8158281848	0.6524815119
2974.8161223889	0.6530366532
2975.8164165931	0.6535917946
2976.8167107973	0.6541469360
2977.8170050015	0.6547020773
2978.8172992056	0.6552572187
2979.8175934098	0.6558123600
2980.8178876140	0.6563675014
2981.8181818182	0.6569226427
2982.8184760224	0.6574777841
2983.8187702265	0.6580329254
2984.8190644307	0.6585880668
2985.8193586349	0.6591432081
2986.8196528391	0.6596983495
2987.8199470432	0.6602534909
2988.8202412474	0.6608086322
2989.8205354516	0.6613637736
2990.8208296558	0.6619189149
2991.8211238600	0.6624740563
2992.8214180641	0.6630291976
2993.8217122683	0.6635843390
2994.8220064725	0.6641394803
2995.8223006767	0.6646946217
2996.8225948808	0.6652497630
2997.8228890850	0.6658049044
2998.8231832892	0.6663600458
2999.8234774934	0.6669151871
3000.8237716976	0.6674703285
3001.8240659017	0.6680254698
3002.8243601059	0.6685806112
3003.8246543101	0.6691357525
3004.8249485143	0.6696908939
3005.8252427184	0.6702460352
3006.8255369226	0.6708011766
3007.8258311268	0.6713563179
3008.8261253310	0.6719114593
3009.8264195352	0.6724666007
3010.8267137393	0.6730217420
3011.8270079435	0.6735768834
3012.8273021477	0.6741320247
3013.8275963519	0.6746871661
3014.8278905560	0.6752423074
3015.8281847602	0.6757974488
3016.8284789644	0.6763525901
3017.8287731686	0.6769077315
3018.8290673728	0.6774628729
3019.8293615769	0.6780180142
3020.8296557811	0.6785731556
3021.8299499853	0.6791282969
3022.8302441895	0.6796834383
3023.8305383936	0.6802385796
3024.8308325978	0.6807937210
3025.8311268020	0.6813488623
3026.8314210062	0.6819040037
3027.8317152104	0.6824591450
3028.8320094145	0.6830142864
3029.8323036187	0.6835694278
3030.8325978229	0.6841245691
3031.8328920271	0.6846797105
3032.8331862312	0.6852348518
3033.8334804354	0.6857899932
3034.8337746396	0.6863451345
3035.8340688438	0.6869002759
3036.8343630480	0.6874554172
3037.8346572521	0.6880105586
3038.8349514563	0.6885656999
3039.8352456605	0.6891208413
3040.8355398647	0.6896759827
3041.8358340688	0.6902311240
3042.8361282730	0.6907862654
3043.8364224772	0.6913414067
3044.8367166814	0.6918965481
3045.8370108856	0.6924516894
3046.8373050897	0.6930068308
3047.8375992939	0.6935619721
3048.8378934981	0.6941171135
3049.8381877023	0.6946722549
3050.8384819064	0.6952273962
3051.8387761106	0.6957825376
3052.8390703148	0.6963376789
3053.8393645190	0.6968928203
3054.8396587232	0.6974479616
3055.8399529273	0.6980031030
3056.8402471315	0.6985582443
3057.8405413357	0.6991133857
3058.8408355399	0.6996685270
3059.8411297440	0.7002236684
3060.8414239482	0.7007788098
3061.8417181524	0.7013339511
3062.8420123566	0.7018890925
3063.8423065608	0.7024442338
3064.8426007649	0.7029993752
3065.8428949691	0.7035545165
3066.8431891733	0.7041096579
3067.8434833775	0.7046647992
3068.8437775816	0.7052199406
3069.8440717858	0.7057750819
3070.8443659900	0.7063302233
3071.8446601942	0.7068853647
3072.8449543984	0.7074405060
3073.8452486025	0.7079956474
3074.8455428067	0.7085507887
3075.8458370109	0.7091059301
3076.8461312151	0.7096610714
3077.8464254192	0.7102162128
3078.8467196234	0.7107713541
3079.8470138276	0.7113264955
3080.8473080318	0.7118816369
3081.8476022360	0.7124367782
3082.8478964401	0.7129919196
3083.8481906443	0.7135470609
3084.8484848485	0.7141022023
3085.8487790527	0.7146573436
3086.8490732568	0.7152124850
3087.8493674610	0.7157676263
3088.8496616652	0.7163227677
3089.8499558694	0.7168779090
3090.8502500736	0.7174330504
3091.8505442777	0.7179881918
3092.8508384819	0.7185433331
3093.8511326861	0.7190984745
3094.8514268903	0.7196536158
3095.8517210944	0.7202087572
3096.8520152986	0.7207638985
3097.8523095028	0.7213190399
3098.8526037070	0.7218741812
3099.8528979112	0.7224293226
3100.8531921153	0.7229844639
3101.8534863195	0.7235396053
3102.8537805237	0.7240947467
3103.8540747279	0.7246498880
3104.8543689320	0.7252050294
3105.8546631362	0.7257601707
3106.8549573404	0.7263153121
3107.8552515446	0.7268704534
3108.8555457488	0.7274255948
3109.8558399529	0.7279807361
3110.8561341571	0.7285358775
3111.8564283613	0.7290910189
3112.8567225655	0.7296461602
3113.8570167696	0.7302013016
3114.8573109738	0.7307564429
3115.8576051780	0.7313115843
3116.8578993822	0.7318667256
3117.8581935863	0.7324218670
3118.8584877905	0.7329770083
3119.8587819947	0.7335321497
3120.8590761989	0.7340872910
3121.8593704031	0.7346424324
3122.8596646072	0.7351975738
3123.8599588114	0.7357527151
3124.8602530156	0.7363078565
3125.8605472198	0.7368629978
3126.8608414239	0.7374181392
3127.8611356281	0.7379732805
3128.8614298323	0.7385284219
3129.8617240365	0.7390835632
3130.8620182407	0.7396387046
3131.8623124448	0.7401938459
3132.8626066490	0.7407489873
3133.8629008532	0.7413041287
3134.8631950574	0.7418592700
3135.8634892615	0.7424144114
3136.8637834657	0.7429695527
3137.8640776699	0.7435246941
3138.8643718741	0.7440798354
3139.8646660783	0.7446349768
3140.8649602824	0.7451901181
3141.8652544866	0.7457452595
3142.8655486908	0.7463004008
3143.8658428950	0.7468555422
3144.8661370991	0.7474106836
3145.8664313033	0.7479658249
3146.8667255075	0.7485209663
3147.8670197117	0.7490761076
3148.8673139159	0.7496312490
3149.8676081200	0.7501863903
3150.8679023242	0.7507415317
3151.8681965284	0.7512966730
3152.8684907326	0.7518518144
3153.8687849367	0.7524069558
3154.8690791409	0.7529620971
3155.8693733451	0.7535172385
3156.8696675493	0.7540723798
3157.8699617535	0.7546275212
3158.8702559576	0.7551826625
3159.8705501618	0.7557378039
3160.8708443660	0.7562929452
3161.8711385702	0.7568480866
3162.8714327743	0.7574032279
3163.8717269785	0.7579583693
3164.8720211827	0.7585135107
3165.8723153869	0.7590686520
3166.8726095911	0.7596237934
3167.8729037952	0.7601789347
3168.8731979994	0.7607340761
3169.8734922036	0.7612892174
3170.8737864078	0.7618443588
3171.8740806119	0.7623995001
3172.8743748161	0.7629546415
3173.8746690203	0.7635097828
3174.8749632245	0.7640649242
3175.8752574287	0.7646200656
3176.8755516328	0.7651752069
3177.8758458370	0.7657303483
3178.8761400412	0.7662854896
3179.8764342454	0.7668406310
3180.8767284495	0.7673957723
3181.8770226537	0.7679509137
3182.8773168579	0.7685060550
3183.8776110621	0.7690611964
3184.8779052663	0.7696163378
3185.8781994704	0.7701714791
3186.8784936746	0.7707266205
3187.8787878788	0.7712817618
3188.8790820830	0.7718369032
3189.8793762871	0.7723920445
3190.8796704913	0.7729471859
3191.8799646955	0.7735023272
3192.8802588997	0.7740574686
3193.8805531039	0.7746126099
3194.8808473080	0.7751677513
3195.8811415122	0.7757228927
3196.8814357164	0.7762780340
3197.8817299206	0.7768331754
3198.8820241247	0.7773883167
3199.8823183289	0.7779434581
3200.8826125331	0.7784985994
3201.8829067373	0.7790537408
3202.8832009415	0.7796088821
3203.8834951456	0.7801640235
3204.8837893498	0.7807191648
3205.8840835540	0.7812743062
3206.8843777582	0.7818294476
3207.8846719623	0.7823845889
3208.8849661665	0.7829397303
3209.8852603707	0.7834948716
3210.8855545749	0.7840500130
3211.8858487791	0.7846051543
3212.8861429832	0.7851602957
3213.8864371874	0.7857154370
3214.8867313916	0.7862705784
3215.8870255958	0.7868257198
3216.8873197999	0.7873808611
3217.8876140041	0.7879360025
3218.8879082083	0.7884911438
3219.8882024125	0.7890462852
3220.8884966167	0.7896014265
3221.8887908208	0.7901565679
3222.8890850250	0.7907117092
3223.8893792292	0.7912668506
3224.8896734334	0.7918219919
3225.8899676375	0.7923771333
3226.8902618417	0.7929322747
3227.8905560459	0.7934874160
3228.8908502501	0.7940425574
3229.8911444543	0.7945976987
3230.8914386584	0.7951528401
3231.8917328626	0.7957079814
3232.8920270668	0.7962631228
3233.8923212710	0.7968182641
3234.8926154751	0.7973734055
3235.8929096793	0.7979285468
3236.8932038835	0.7984836882
3237.8934980877	0.7990388296
3238.8937922919	0.7995939709
3239.8940864960	0.8001491123
3240.8943807002	0.8007042536
3241.8946749044	0.8012593950
3242.8949691086	0.8018145363
3243.8952633127	0.8023696777
3244.8955575169	0.8029248190
3245.8958517211	0.8034799604
3246.8961459253	0.8040351018
3247.8964401295	0.8045902431
3248.8967343336	0.8051453845
3249.8970285378	0.8057005258
3250.8973227420	0.8062556672
3251.8976169462	0.8068108085
3252.8979111503	0.8073659499
3253.8982053545	0.8079210912
3254.8984995587	0.8084762326
3255.8987937629	0.8090313739
3256.8990879670	0.8095865153
3257.8993821712	0.8101416567
3258.8996763754	0.8106967980
3259.8999705796	0.8112519394
3260.9002647838	0.8118070807
3261.9005589879	0.8123622221
3262.9008531921	0.8129173634
3263.9011473963	0.8134725048
3264.9014416005	0.8140276461
3265.9017358046	0.8145827875
3266.9020300088	0.8151379288
3267.9023242130	0.8156930702
3268.9026184172	0.8162482116
3269.9029126214	0.8168033529
3270.9032068255	0.8173584943
3271.9035010297	0.8179136356
3272.9037952339	0.8184687770
3273.9040894381	0.8190239183
3274.9043836422	0.8195790597
3275.9046778464	0.8201342010
3276.9049720506	0.8206893424
3277.9052662548	0.8212444837
3278.9055604590	0.8217996251
3279.9058546631	0.8223547665
3280.9061488673	0.8229099078
3281.9064430715	0.8234650492
3282.9067372757	0.8240201905
3283.9070314798	0.8245753319
3284.9073256840	0.8251304732
3285.9076198882	0.8256856146
3286.9079140924	0.8262407559
3287.9082082966	0.8267958973
3288.9085025007	0.8273510387
3289.9087967049	0.8279061800
3290.9090909091	0.8284613214
3291.9093851133	0.8290164627
3292.9096793174	0.8295716041
3293.9099735216	0.8301267454
3294.9102677258	0.8306818868
3295.9105619300	0.8312370281
3296.9108561342	0.8317921695
3297.9111503383	0.8323473108
3298.9114445425	0.8329024522
3299.9117387467	0.8334575936
3300.9120329509	0.8340127349
3301.9123271550	0.8345678763
3302.9126213592	0.8351230176
3303.9129155634	0.8356781590
3304.9132097676	0.8362333003
3305.9135039718	0.8367884417
3306.9137981759	0.8373435830
3307.9140923801	0.8378987244
3308.9143865843	0.8384538657
3309.9146807885	0.8390090071
3310.9149749926	0.8395641485
3311.9152691968	0.8401192898
3312.9155634010	0.8406744312
3313.9158576052	0.8412295725
3314.9161518094	0.8417847139
3315.9164460135	0.8423398552
3316.9167402177	0.8428949966
3317.9170344219	0.8434501379
3318.9173286261	0.8440052793
3319.9176228302	0.8445604207
3320.9179170344	0.8451155620
3321.9182112386	0.8456707034
3322.9185054428	0.8462258447
3323.9187996470	0.8467809861
3324.9190938511	0.8473361274
3325.9193880553	0.8478912688
3326.9196822595	0.8484464101
3327.9199764637	0.8490015515
3328.9202706678	0.8495566928
3329.9205648720	0.8501118342
3330.9208590762	0.8506669756
3331.9211532804	0.8512221169
3332.9214474846	0.8517772583
3333.9217416887	0.8523323996
3334.9220358929	0.8528875410
3335.9223300971	0.8534426823
3336.9226243013	0.8539978237
3337.9229185054	0.8545529650
3338.9232127096	0.8551081064
3339.9235069138	0.8556632477
3340.9238011180	0.8562183891
3341.9240953222	0.8567735305
3342.9243895263	0.8573286718
3343.9246837305	0.8578838132
3344.9249779347	0.8584389545
3345.9252721389	0.8589940959
3346.9255663430	0.8595492372
3347.9258605472	0.8601043786
3348.9261547514	0.8606595199
3349.9264489556	0.8612146613
3350.9267431598	0.8617698027
3351.9270373639	0.8623249440
3352.9273315681	0.8628800854
3353.9276257723	0.8634352267
3354.9279199765	0.8639903681
3355.9282141806	0.8645455094
3356.9285083848	0.8651006508
3357.9288025890	0.8656557921
3358.9290967932	0.8662109335
3359.9293909974	0.8667660748
3360.9296852015	0.8673212162
3361.9299794057	0.8678763576
3362.9302736099	0.8684314989
3363.9305678141	0.8689866403
3364.9308620182	0.8695417816
3365.9311562224	0.8700969230
3366.9314504266	0.8706520643
3367.9317446308	0.8712072057
3368.9320388350	0.8717623470
3369.9323330391	0.8723174884
3370.9326272433	0.8728726297
3371.9329214475	0.8734277711
3372.9332156517	0.8739829125
3373.9335098558	0.8745380538
3374.9338040600	0.8750931952
3375.9340982642	0.8756483365
3376.9343924684	0.8762034779
3377.9346866726	0.8767586192
3378.9349808767	0.8773137606
3379.9352750809	0.8778689019
3380.9355692851	0.8784240433
3381.9358634893	0.8789791847
3382.9361576934	0.8795343260
3383.9364518976	0.8800894674
3384.9367461018	0.8806446087
3385.9370403060	0.8811997501
3386.9373345102	0.8817548914
3387.9376287143	0.8823100328
3388.9379229185	0.8828651741
3389.9382171227	0.8834203155
3390.9385113269	0.8839754568
3391.9388055310	0.8845305982
3392.9390997352	0.8850857396
3393.9393939394	0.8856408809
3394.9396881436	0.8861960223
3395.9399823477	0.8867511636
3396.9402765519	0.8873063050
3397.9405707561	0.8878614463
3398.9408649603	0.8884165877
3399.9411591645	0.8889717290
3400.9414533686	0.8895268704
3401.9417475728	0.8900820117
3402.9420417770	0.8906371531
3403.9423359812	0.8911922945
3404.9426301853	0.8917474358
3405.9429243895	0.8923025772
3406.9432185937	0.8928577185
3407.9435127979	0.8934128599
3408.9438070021	0.8939680012
3409.9441012062	0.8945231426
3410.9443954104	0.8950782839
3411.9446896146	0.8956334253
3412.9449838188	0.8961885666
3413.9452780229	0.8967437080
3414.9455722271	0.8972988494
3415.9458664313	0.8978539907
3416.9461606355	0.8984091321
3417.9464548397	0.8989642734
3418.9467490438	0.8995194148
3419.9470432480	0.9000745561
3420.9473374522	0.9006296975
3421.9476316564	0.9011848388
3422.9479258605	0.9017399802
3423.9482200647	0.9022951216
3424.9485142689	0.9028502629
3425.9488084731	0.9034054043
3426.9491026773	0.9039605456
3427.9493968814	0.9045156870
3428.9496910856	0.9050708283
3429.9499852898	0.9056259697
3430.9502794940	0.9061811110
3431.9505736981	0.9067362524
3432.9508679023	0.9072913937
3433.9511621065	0.9078465351
3434.9514563107	0.9084016765
3435.9517505149	0.9089568178
3436.9520447190	0.9095119592
3437.9523389232	0.9100671005
3438.9526331274	0.9106222419
3439.9529273316	0.9111773832
3440.9532215357	0.9117325246
3441.9535157399	0.9122876659
3442.9538099441	0.9128428073
3443.9541041483	0.9133979486
3444.9543983525	0.9139530900
3445.9546925566	0.9145082314
3446.9549867608	0.9150633727
3447.9552809650	0.9156185141
3448.9555751692	0.9161736554
3449.9558693733	0.9167287968
3450.9561635775	0.9172839381
3451.9564577817	0.9178390795
3452.9567519859	0.9183942208
3453.9570461901	0.9189493622
3454.9573403942	0.9195045036
3455.9576345984	0.9200596449
3456.9579288026	0.9206147863
3457.9582230068	0.9211699276
3458.9585172109	0.9217250690
3459.9588114151	0.9222802103
3460.9591056193	0.9228353517
3461.9593998235	0.9233904930
3462.9596940277	0.9239456344
3463.9599882318	0.9245007757
3464.9602824360	0.9250559171
3465.9605766402	0.9256110585
3466.9608708444	0.9261661998
3467.9611650485	0.9267213412
3468.9614592527	0.9272764825
3469.9617534569	0.9278316239
3470.9620476611	0.9283867652
3471.9623418653	0.9289419066
3472.9626360694	0.9294970479
3473.9629302736	0.9300521893
3474.9632244778	0.9306073306
3475.9635186820	0.9311624720
3476.9638128861	0.9317176134
3477.9641070903	0.9322727547
3478.9644012945	0.9328278961
3479.9646954987	0.9333830374
3480.9649897029	0.9339381788
3481.9652839070	0.9344933201
3482.9655781112	0.9350484615
3483.9658723154	0.9356036028
3484.9661665196	0.9361587442
3485.9664607237	0.9367138856
3486.9667549279	0.9372690269
3487.9670491321	0.9378241683
3488.9673433363	0.9383793096
3489.9676375405	0.9389344510
3490.9679317446	0.9394895923
3491.9682259488	0.9400447337
3492.9685201530	0.9405998750
3493.9688143572	0.9411550164
3494.9691085613	0.9417101577
3495.9694027655	0.9422652991
3496.9696969697	0.9428204405
3497.9699911739	0.9433755818
3498.9702853781	0.9439307232
3499.9705795822	0.9444858645
3500.9708737864	0.9450410059
3501.9711679906	0.9455961472
3502.9714621948	0.9461512886
3503.9717563989	0.9467064299
3504.9720506031	0.9472615713
3505.9723448073	0.9478167126
3506.9726390115	0.9483718540
3507.9729332157	0.9489269954
3508.9732274198	0.9494821367
3509.9735216240	0.9500372781
3510.9738158282	0.9505924194
3511.9741100324	0.9511475608
3512.9744042365	0.9517027021
3513.9746984407	0.9522578435
3514.9749926449	0.9528129848
3515.9752868491	0.9533681262
3516.9755810533	0.9539232676
3517.9758752574	0.9544784089
3518.9761694616	0.9550335503
3519.9764636658	0.9555886916
3520.9767578700	0.9561438330
3521.9770520741	0.9566989743
3522.9773462783	0.9572541157
3523.9776404825	0.9578092570
3524.9779346867	0.9583643984
3525.9782288909	0.9589195397
3526.9785230950	0.9594746811
3527.9788172992	0.9600298225
3528.9791115034	0.9605849638
3529.9794057076	0.9611401052
3530.9796999117	0.9616952465
3531.9799941159	0.9622503879
3532.9802883201	0.9628055292
3533.9805825243	0.9633606706
3534.9808767284	0.9639158119
3535.9811709326	0.9644709533
3536.9814651368	0.9650260946
3537.9817593410	0.9655812360
3538.9820535452	0.9661363774
3539.9823477493	0.9666915187
3540.9826419535	0.9672466601
3541.9829361577	0.9678018014
3542.9832303619	0.9683569428
3543.9835245660	0.9689120841
3544.9838187702	0.9694672255
3545.9841129744	0.9700223668
3546.9844071786	0.9705775082
3547.9847013828	0.9711326495
3548.9849955869	0.9716877909
3549.9852897911	0.9722429323
3550.9855839953	0.9727980736
3551.9858781995	0.9733532150
3552.9861724036	0.9739083563
3553.9864666078	0.9744634977
3554.9867608120	0.9750186390
3555.9870550162	0.9755737804
3556.9873492204	0.9761289217
3557.9876434245	0.9766840631
3558.9879376287	0.9772392045
3559.9882318329	0.9777943458
3560.9885260371	0.9783494872
3561.9888202412	0.9789046285
3562.9891144454	0.9794597699
3563.9894086496	0.9800149112
3564.9897028538	0.9805700526
3565.9899970580	0.9811251939
3566.9902912621	0.9816803353
3567.9905854663	0.9822354766
3568.9908796705	0.9827906180
3569.9911738747	0.9833457594
3570.9914680788	0.9839009007
3571.9917622830	0.9844560421
3572.9920564872	0.9850111834
3573.9923506914	0.9855663248
3574.9926448956	0.9861214661
3575.9929390997	0.9866766075
3576.9932333039	0.9872317488
3577.9935275081	0.9877868902
3578.9938217123	0.9883420315
3579.9941159164	0.9888971729
3580.9944101206	0.9894523143
3581.9947043248	0.9900074556
3582.9949985290	0.9905625970
3583.9952927332	0.9911177383
3584.9955869373	0.9916728797
3585.9958811415	0.9922280210
3586.9961753457	0.9927831624
3587.9964695499	0.9933383037
3588.9967637540	0.9938934451
3589.9970579582	0.9944485865
3590.9973521624	0.9950037278
3591.9976463666	0.9955588692
3592.9979405708	0.9961140105
3593.9982347749	0.9966691519
3594.9985289791	0.9972242932
3595.9988231833	0.9977794346
3596.9991173875	0.9983345759
3597.9994115916	0.9988897173
3598.9997057958	0.9994448586
3600.0000000000	1.0000000000
