200.0000000000	0.4343165044
201.0006253909	0.4407156044
202.0012507817	0.4402252679
203.0018761726	0.4367935741
204.0025015635	0.4317195161
205.0031269543	0.4260051769
206.0037523452	0.4212327667
207.0043777361	0.4196742724
208.0050031270	0.4327014903
209.0056285178	0.4160063914
210.0062539087	0.4064527670
211.0068792996	0.4140949858
212.0075046904	0.4242552983
213.0081300813	0.4255106527
214.0087554722	0.4202209632
215.0093808630	0.4195048261
216.0100062539	0.4289117730
217.0106316448	0.4363645573
218.0112570356	0.4281388031
219.0118824265	0.4429950088
220.0125078174	0.4405028214
221.0131332083	0.4273243330
222.0137585991	0.4161869220
223.0143839900	0.4032947394
224.0150093809	0.4125303848
225.0156347717	0.4161952861
226.0162601626	0.4000837154
227.0168855535	0.3989803579
228.0175109443	0.4129168390
229.0181363352	0.4192243447
230.0187617261	0.4227670571
231.0193871169	0.4326204149
232.0200125078	0.4183768840
233.0206378987	0.4140813339
234.0212632896	0.4187562686
235.0218886804	0.4211366423
236.0225140713	0.4151912822
237.0231394622	0.4086238361
238.0237648530	0.4116105106
239.0243902439	0.4235414291
240.0250156348	0.4301181860
241.0256410256	0.4203838616
242.0262664165	0.4053867910
243.0268918074	0.4173783204
244.0275171982	0.4067063398
245.0281425891	0.4069673369
246.0287679800	0.4144039671
247.0293933709	0.4122176570
248.0300187617	0.4054943552
249.0306441526	0.4107165237
250.0312695435	0.4210391583
251.0318949343	0.4103465068
252.0325203252	0.4037085172
253.0331457161	0.4283964988
254.0337711069	0.4276807174
255.0343964978	0.4089480852
256.0350218887	0.4168572094
257.0356472795	0.4111442166
258.0362726704	0.4040056144
259.0368980613	0.3970503691
260.0375234522	0.3997979413
261.0381488430	0.4026840699
262.0387742339	0.3975304266
263.0393996248	0.3917607786
264.0400250156	0.3919372562
265.0406504065	0.3896050466
266.0412757974	0.3819631808
267.0419011882	0.3708501420
268.0425265791	0.3653376481
269.0431519700	0.3495322544
270.0437773609	0.3453132611
271.0444027517	0.3521824343
272.0450281426	0.3586505979
273.0456535335	0.3608752452
274.0462789243	0.3606308599
275.0469043152	0.3517195468
276.0475297061	0.3394913606
277.0481550969	0.3511585225
278.0487804878	0.3437909723
279.0494058787	0.3444984971
280.0500312695	0.3545228713
281.0506566604	0.3499583487
282.0512820513	0.3506186503
283.0519074422	0.3471268429
284.0525328330	0.3560984437
285.0531582239	0.3652822839
286.0537836148	0.3567221825
287.0544090056	0.3360212230
288.0550343965	0.3275861101
289.0556597874	0.3453910609
290.0562851782	0.3660099263
291.0569105691	0.3349224610
292.0575359600	0.3537708410
293.0581613508	0.3414360014
294.0587867417	0.3262910123
295.0594121326	0.3169530051
296.0600375235	0.3186235467
297.0606629143	0.3306092279
298.0612883052	0.3446595647
299.0619136961	0.3513344979
300.0625390869	0.3472939445
301.0631644778	0.3364322550
302.0637898687	0.3274050205
303.0644152595	0.3255630874
304.0650406504	0.3363116913
305.0656660413	0.3448754534
306.0662914321	0.3405767292
307.0669168230	0.3475998866
308.0675422139	0.3407861549
309.0681676048	0.3294281180
310.0687929956	0.3314501975
311.0694183865	0.3368677819
312.0700437774	0.3362372922
313.0706691682	0.3341466981
314.0712945591	0.3384615774
315.0719199500	0.3490156399
316.0725453408	0.3692352993
317.0731707317	0.3566613734
318.0737961226	0.3687139081
319.0744215134	0.3733432001
320.0750469043	0.3690500922
321.0756722952	0.3630533672
322.0762976861	0.3574157437
323.0769230769	0.3504674468
324.0775484678	0.3503032580
325.0781738587	0.3528850236
326.0787992495	0.3460367161
327.0794246404	0.3475683812
328.0800500313	0.3414714713
329.0806754221	0.3349609475
330.0813008130	0.3352994111
331.0819262039	0.3386142856
332.0825515947	0.3403792948
333.0831769856	0.3490817019
334.0838023765	0.3319518148
335.0844277674	0.3269321073
336.0850531582	0.3320485387
337.0856785491	0.3332622514
338.0863039400	0.3236663928
339.0869293308	0.3101156577
340.0875547217	0.3079909578
341.0881801126	0.3268901543
342.0888055034	0.3337965913
343.0894308943	0.3191491379
344.0900562852	0.3290445253
345.0906816760	0.3198203495
346.0913070669	0.2896726956
347.0919324578	0.2792639106
348.0925578487	0.3088905738
349.0931832395	0.3185589226
350.0938086304	0.3142085480
351.0944340213	0.3114804599
352.0950594121	0.3105483341
353.0956848030	0.3174764256
354.0963101939	0.3197437088
355.0969355847	0.3121604166
356.0975609756	0.3001683666
357.0981863665	0.2853349773
358.0988117573	0.2832127215
359.0994371482	0.3087210822
360.1000625391	0.3006816960
361.1006879300	0.3009508346
362.1013133208	0.3016114659
363.1019387117	0.3032758956
364.1025641026	0.3105341034
365.1031894934	0.3108090394
366.1038148843	0.3019419709
367.1044402752	0.3077518563
368.1050656660	0.3033978005
369.1056910569	0.3102679142
370.1063164478	0.3068546701
371.1069418386	0.3033068170
372.1075672295	0.3059572996
373.1081926204	0.3018832887
374.1088180113	0.3038894607
375.1094434021	0.2932128144
376.1100687930	0.2870457683
377.1106941839	0.2920031665
378.1113195747	0.2943993661
379.1119449656	0.2902111668
380.1125703565	0.2873629692
381.1131957473	0.2943623608
382.1138211382	0.3067736971
383.1144465291	0.3121098265
384.1150719199	0.3066062395
385.1156973108	0.3143331737
386.1163227017	0.3029102458
387.1169480926	0.3177903449
388.1175734834	0.3423694523
389.1181988743	0.3540339731
390.1188242652	0.3917038995
391.1194496560	0.4124519254
392.1200750469	0.4172471170
393.1207004378	0.4497302377
394.1213258286	0.4884629509
395.1219512195	0.5129835243
396.1225766104	0.5312736935
397.1232020013	0.5438729729
398.1238273921	0.5386180508
399.1244527830	0.5393752374
400.1250781739	0.5402104215
401.1257035647	0.5067908183
402.1263289556	0.4761285296
403.1269543465	0.4512839077
404.1275797373	0.4137227953
405.1282051282	0.3744126178
406.1288305191	0.3579701267
407.1294559099	0.3493744924
408.1300813008	0.3397959059
409.1307066917	0.3394642224
410.1313320826	0.3363975154
411.1319574734	0.3180782144
412.1325828643	0.2991165534
413.1332082552	0.3076446436
414.1338336460	0.3260389636
415.1344590369	0.2970952133
416.1350844278	0.2998162179
417.1357098186	0.3011068634
418.1363352095	0.2987812535
419.1369606004	0.3036450760
420.1375859912	0.3071349527
421.1382113821	0.3125895718
422.1388367730	0.3167393543
423.1394621639	0.3067705732
424.1400875547	0.2934180336
425.1407129456	0.2939515592
426.1413383365	0.2950961822
427.1419637273	0.2959218742
428.1425891182	0.2841935373
429.1432145091	0.2867764361
430.1438398999	0.2934533841
431.1444652908	0.2817228239
432.1450906817	0.2917872514
433.1457160725	0.2853972654
434.1463414634	0.2863841322
435.1469668543	0.2838301230
436.1475922452	0.2909260764
437.1482176360	0.2961376941
438.1488430269	0.2921151173
439.1494684178	0.2833619184
440.1500938086	0.2770463426
441.1507191995	0.2713152874
442.1513445904	0.2745489032
443.1519699812	0.2936773039
444.1525953721	0.2988136513
445.1532207630	0.3025406937
446.1538461538	0.3002090256
447.1544715447	0.2947024319
448.1550969356	0.3030832344
449.1557223265	0.3112294195
450.1563477173	0.3159862868
451.1569731082	0.3293308664
452.1575984991	0.3326993839
453.1582238899	0.3272668581
454.1588492808	0.3238886218
455.1594746717	0.3251209953
456.1601000625	0.3251082994
457.1607254534	0.3235218154
458.1613508443	0.3263358855
459.1619762351	0.3182857477
460.1626016260	0.3118353181
461.1632270169	0.3058772568
462.1638524078	0.2955084394
463.1644777986	0.2844979306
464.1651031895	0.2840531887
465.1657285804	0.2952099112
466.1663539712	0.2779486069
467.1669793621	0.2580162671
468.1676047530	0.2577251124
469.1682301438	0.2667555531
470.1688555347	0.2706891256
471.1694809256	0.2628909021
472.1701063164	0.2503964010
473.1707317073	0.2465667091
474.1713570982	0.2520765415
475.1719824891	0.2544555459
476.1726078799	0.2650725121
477.1732332708	0.2712241613
478.1738586617	0.2733847129
479.1744840525	0.2606505555
480.1751094434	0.2468194951
481.1757348343	0.2522000715
482.1763602251	0.2564274050
483.1769856160	0.2606110571
484.1776110069	0.2400224709
485.1782363977	0.2335002818
486.1788617886	0.2507804405
487.1794871795	0.2577749347
488.1801125704	0.2451742343
489.1807379612	0.2340402357
490.1813633521	0.2403450961
491.1819887430	0.2431266285
492.1826141338	0.2250564067
493.1832395247	0.2114001500
494.1838649156	0.2150776459
495.1844903064	0.2424297206
496.1851156973	0.2553159295
497.1857410882	0.2514964647
498.1863664790	0.2647874586
499.1869918699	0.2371679666
500.1876172608	0.2297805620
501.1882426517	0.2223026824
502.1888680425	0.2303362222
503.1894934334	0.2292652123
504.1901188243	0.2242880858
505.1907442151	0.2283379860
506.1913696060	0.2381473471
507.1919949969	0.2353475102
508.1926203877	0.2314127073
509.1932457786	0.2485136484
510.1938711695	0.2603620860
511.1944965604	0.2601204085
512.1951219512	0.2560771823
513.1957473421	0.2520807094
514.1963727330	0.2465213173
515.1969981238	0.2390269018
516.1976235147	0.2280464455
517.1982489056	0.2525881897
518.1988742964	0.2613022974
519.1994996873	0.2625724632
520.2001250782	0.2511970132
521.2007504690	0.2461771941
522.2013758599	0.2550901292
523.2020012508	0.2593585074
524.2026266417	0.2589942306
525.2032520325	0.2704505914
526.2038774234	0.2746272717
527.2045028143	0.2677631315
528.2051282051	0.2669013203
529.2057535960	0.2729622774
530.2063789869	0.2767695818
531.2070043777	0.2757616750
532.2076297686	0.2802418567
533.2082551595	0.2680420635
534.2088805503	0.2624081673
535.2095059412	0.2613320102
536.2101313321	0.2670703430
537.2107567230	0.2668395643
538.2113821138	0.2591601566
539.2120075047	0.2509855908
540.2126328956	0.2454000451
541.2132582864	0.2510362810
542.2138836773	0.2432865466
543.2145090682	0.2467689334
544.2151344590	0.2481311348
545.2157598499	0.2323589787
546.2163852408	0.2139204399
547.2170106316	0.2159360545
548.2176360225	0.2364754942
549.2182614134	0.2348309666
550.2188868043	0.2044938611
551.2195121951	0.2176561334
552.2201375860	0.2138916487
553.2207629769	0.2234090182
554.2213883677	0.2248418248
555.2220137586	0.2028391158
556.2226391495	0.1821263591
557.2232645403	0.1930619504
558.2238899312	0.1818544052
559.2245153221	0.2044972010
560.2251407129	0.2094577354
561.2257661038	0.1957537344
562.2263914947	0.1782145380
563.2270168856	0.1716666543
564.2276422764	0.1717500891
565.2282676673	0.1584229797
566.2288930582	0.1510260770
567.2295184490	0.1773668171
568.2301438399	0.1880692665
569.2307692308	0.1863828493
570.2313946216	0.1843099953
571.2320200125	0.1857254812
572.2326454034	0.1936823660
573.2332707942	0.2062823200
574.2338961851	0.1965137265
575.2345215760	0.2232458432
576.2351469669	0.2051881125
577.2357723577	0.1868609098
578.2363977486	0.1864093557
579.2370231395	0.1902809306
580.2376485303	0.1912592133
581.2382739212	0.1936677135
582.2388993121	0.1902133487
583.2395247029	0.1877759656
584.2401500938	0.1800520938
585.2407754847	0.1828721460
586.2414008755	0.1942385798
587.2420262664	0.2005551695
588.2426516573	0.1955156335
589.2432770482	0.1853555687
590.2439024390	0.1820608767
591.2445278299	0.1911154927
592.2451532208	0.1946517538
593.2457786116	0.1890700130
594.2464040025	0.2008018777
595.2470293934	0.1957556699
596.2476547842	0.1789124401
597.2482801751	0.1823752936
598.2489055660	0.2096446810
599.2495309568	0.2008784545
600.2501563477	0.2089146273
601.2507817386	0.2017774060
602.2514071295	0.1989877206
603.2520325203	0.1884208756
604.2526579112	0.1854719745
605.2532833021	0.1903645156
606.2539086929	0.1866892988
607.2545340838	0.1819648879
608.2551594747	0.1863918606
609.2557848655	0.1890124264
610.2564102564	0.1872284962
611.2570356473	0.1865886142
612.2576610381	0.1892211944
613.2582864290	0.1895668678
614.2589118199	0.1824363359
615.2595372108	0.1727269895
616.2601626016	0.1721322818
617.2607879925	0.1739443593
618.2614133834	0.1823832946
619.2620387742	0.1922818873
620.2626641651	0.1881053396
621.2632895560	0.1825315818
622.2639149468	0.1898766151
623.2645403377	0.1984161985
624.2651657286	0.1840274975
625.2657911194	0.1974008609
626.2664165103	0.1807631714
627.2670419012	0.1755911720
628.2676672921	0.1820807906
629.2682926829	0.1862587675
630.2689180738	0.1837997662
631.2695434647	0.1809159336
632.2701688555	0.1771618750
633.2707942464	0.1663423676
634.2714196373	0.1545866115
635.2720450281	0.1482488487
636.2726704190	0.1454108159
637.2732958099	0.1415576843
638.2739212008	0.1351885942
639.2745465916	0.1283812410
640.2751719825	0.1258171800
641.2757973734	0.1375252737
642.2764227642	0.1317625091
643.2770481551	0.1257199889
644.2776735460	0.1256975390
645.2782989368	0.1252723346
646.2789243277	0.1220473285
647.2795497186	0.1157450832
648.2801751094	0.1057524077
649.2808005003	0.0981020153
650.2814258912	0.1146485230
651.2820512821	0.1165967637
652.2826766729	0.1206839351
653.2833020638	0.1261033715
654.2839274547	0.1284306639
655.2845528455	0.1249201248
656.2851782364	0.1195365178
657.2858036273	0.1233642031
658.2864290181	0.1317699518
659.2870544090	0.1286285196
660.2876797999	0.1259247850
661.2883051907	0.1312021918
662.2889305816	0.1382384160
663.2895559725	0.1435517776
664.2901813634	0.1498459637
665.2908067542	0.1568108125
666.2914321451	0.1467422490
667.2920575360	0.1722912753
668.2926829268	0.1780594234
669.2933083177	0.1674740677
670.2939337086	0.1645392422
671.2945590994	0.1689661315
672.2951844903	0.1748889718
673.2958098812	0.1812652158
674.2964352720	0.1626327589
675.2970606629	0.1442022120
676.2976860538	0.1541679256
677.2983114447	0.1555830657
678.2989368355	0.1625546190
679.2995622264	0.1681205337
680.3001876173	0.1650607186
681.3008130081	0.1596891776
682.3014383990	0.1602890545
683.3020637899	0.1627940268
684.3026891807	0.1599053292
685.3033145716	0.1703377221
686.3039399625	0.1717753067
687.3045653533	0.1602140040
688.3051907442	0.1527132044
689.3058161351	0.1604839654
690.3064415260	0.1687316673
691.3070669168	0.1692162987
692.3076923077	0.1572563496
693.3083176986	0.1590755704
694.3089430894	0.1516013835
695.3095684803	0.1554013279
696.3101938712	0.1651625759
697.3108192620	0.1688087570
698.3114446529	0.1705050771
699.3120700438	0.1690411591
700.3126954346	0.1672657119
701.3133208255	0.1339214503
702.3139462164	0.1576565163
703.3145716073	0.1720706343
704.3151969981	0.1616392556
705.3158223890	0.1539355860
706.3164477799	0.1639340194
707.3170731707	0.1605896973
708.3176985616	0.1476411821
709.3183239525	0.1612905914
710.3189493433	0.1718987783
711.3195747342	0.1744165869
712.3202001251	0.1729355677
713.3208255159	0.1724075994
714.3214509068	0.1741564273
715.3220762977	0.1754798791
716.3227016886	0.1725832355
717.3233270794	0.1678447109
718.3239524703	0.1766052701
719.3245778612	0.1884641787
720.3252032520	0.1850064057
721.3258286429	0.1698681772
722.3264540338	0.1601785862
723.3270794246	0.1649654503
724.3277048155	0.1721700176
725.3283302064	0.1723832588
726.3289555972	0.1809012852
727.3295809881	0.1760940311
728.3302063790	0.1485106146
729.3308317699	0.1460401997
730.3314571607	0.1672666379
731.3320825516	0.1690512310
732.3327079425	0.1740400674
733.3333333333	0.1698970636
734.3339587242	0.1703746304
735.3345841151	0.1787505912
736.3352095059	0.1784120934
737.3358348968	0.1639391705
738.3364602877	0.1644945095
739.3370856785	0.1825077944
740.3377110694	0.1635738535
741.3383364603	0.1681582797
742.3389618512	0.1591238323
743.3395872420	0.1696666171
744.3402126329	0.1677694803
745.3408380238	0.1585287132
746.3414634146	0.1613588418
747.3420888055	0.1714698594
748.3427141964	0.1628860055
749.3433395872	0.1528375601
750.3439649781	0.1680631063
751.3445903690	0.1753323085
752.3452157598	0.1627434190
753.3458411507	0.1527555054
754.3464665416	0.1539298009
755.3470919325	0.1607784923
756.3477173233	0.1669814527
757.3483427142	0.1735611791
758.3489681051	0.1582376148
759.3495934959	0.1484775895
760.3502188868	0.1640435135
761.3508442777	0.1696236402
762.3514696685	0.1664685413
763.3520950594	0.1610414531
764.3527204503	0.1585116255
765.3533458412	0.1672900239
766.3539712320	0.1728806299
767.3545966229	0.1508567788
768.3552220138	0.1630332193
769.3558474046	0.1741207580
770.3564727955	0.1706872753
771.3570981864	0.1675820983
772.3577235772	0.1768409221
773.3583489681	0.1854176093
774.3589743590	0.1735457153
775.3595997498	0.1826523559
776.3602251407	0.1656347685
777.3608505316	0.1830076447
778.3614759225	0.1890143842
779.3621013133	0.1740801819
780.3627267042	0.1653526025
781.3633520951	0.1758901933
782.3639774859	0.1672378534
783.3646028768	0.1725416172
784.3652282677	0.1819850786
785.3658536585	0.1858057753
786.3664790494	0.1879986847
787.3671044403	0.1923663377
788.3677298311	0.1957032375
789.3683552220	0.1949799840
790.3689806129	0.1951782669
791.3696060038	0.1966274315
792.3702313946	0.2002521927
793.3708567855	0.2075133846
794.3714821764	0.2105991901
795.3721075672	0.2135974381
796.3727329581	0.2234298215
797.3733583490	0.2377373080
798.3739837398	0.2472716242
799.3746091307	0.2586490103
800.3752345216	0.2812402972
801.3758599124	0.2965305390
802.3764853033	0.3350102186
803.3771106942	0.3991860780
804.3777360851	0.4554072114
805.3783614759	0.4949195582
806.3789868668	0.5401076905
807.3796122577	0.5893811479
808.3802376485	0.6122173949
809.3808630394	0.6149864996
810.3814884303	0.5991064836
811.3821138211	0.5809640668
812.3827392120	0.5501943293
813.3833646029	0.4998359998
814.3839899937	0.4409220655
815.3846153846	0.3927591523
816.3852407755	0.3526104878
817.3858661664	0.3245580798
818.3864915572	0.2979156683
819.3871169481	0.2883039033
820.3877423390	0.2764544608
821.3883677298	0.2665794987
822.3889931207	0.2673847828
823.3896185116	0.2704966830
824.3902439024	0.2739680400
825.3908692933	0.2583885875
826.3914946842	0.2801262975
827.3921200750	0.2725745827
828.3927454659	0.2871948350
829.3933708568	0.2962302112
830.3939962477	0.2917547803
831.3946216385	0.3080155511
832.3952470294	0.3273868056
833.3958724203	0.3349440541
834.3964978111	0.3558943459
835.3971232020	0.3768992827
836.3977485929	0.4121982968
837.3983739837	0.4527289270
838.3989993746	0.4920115630
839.3996247655	0.5296417565
840.4002501563	0.5610180232
841.4008755472	0.5839687218
842.4015009381	0.5541590679
843.4021263290	0.5358295841
844.4027517198	0.5122960295
845.4033771107	0.4735968525
846.4040025016	0.4275170021
847.4046278924	0.3860412056
848.4052532833	0.3524166715
849.4058786742	0.3259207843
850.4065040650	0.3072442909
851.4071294559	0.2909604790
852.4077548468	0.2820968849
853.4083802376	0.2659346089
854.4090056285	0.2480864539
855.4096310194	0.2425600652
856.4102564103	0.2498543541
857.4108818011	0.2487388492
858.4115071920	0.2407371784
859.4121325829	0.2145375624
860.4127579737	0.2106420070
861.4133833646	0.2176854234
862.4140087555	0.2261861713
863.4146341463	0.2344994089
864.4152595372	0.2393243121
865.4158849281	0.2300287400
866.4165103189	0.2129143505
867.4171357098	0.2130073568
868.4177611007	0.2128474208
869.4183864916	0.2156726361
870.4190118824	0.2110011565
871.4196372733	0.2040780900
872.4202626642	0.2046653849
873.4208880550	0.2105935266
874.4215134459	0.2125227685
875.4221388368	0.1998159359
876.4227642276	0.1911147858
877.4233896185	0.2005811250
878.4240150094	0.1990100446
879.4246404003	0.2021854106
880.4252657911	0.2136807625
881.4258911820	0.2114342083
882.4265165729	0.2013173683
883.4271419637	0.1962654084
884.4277673546	0.2061424923
885.4283927455	0.1988766011
886.4290181363	0.1922213586
887.4296435272	0.1916897717
888.4302689181	0.1934489488
889.4308943089	0.1927619928
890.4315196998	0.1900527604
891.4321450907	0.1918073947
892.4327704816	0.2169936226
893.4333958724	0.1904830219
894.4340212633	0.1967255307
895.4346466542	0.2085676657
896.4352720450	0.2150254432
897.4358974359	0.2176386205
898.4365228268	0.2102701534
899.4371482176	0.2207098713
900.4377736085	0.2178762586
901.4383989994	0.2200788618
902.4390243902	0.2219949958
903.4396497811	0.2172017382
904.4402751720	0.1938559739
905.4409005629	0.1686584492
906.4415259537	0.1624939161
907.4421513446	0.1411308557
908.4427767355	0.1430194622
909.4434021263	0.1757370886
910.4440275172	0.1622676164
911.4446529081	0.1582213939
912.4452782989	0.1608445020
913.4459036898	0.1588800075
914.4465290807	0.1595794058
915.4471544715	0.1725302402
916.4477798624	0.1679799790
917.4484052533	0.1742278154
918.4490306442	0.1713548073
919.4496560350	0.1716898915
920.4502814259	0.1671098155
921.4509068168	0.1684831224
922.4515322076	0.1758324200
923.4521575985	0.1669111948
924.4527829894	0.1594306254
925.4534083802	0.1884889058
926.4540337711	0.1815848332
927.4546591620	0.1681372591
928.4552845528	0.1628422080
929.4559099437	0.1751029927
930.4565353346	0.1892890031
931.4571607255	0.1869310533
932.4577861163	0.1928704030
933.4584115072	0.1784537691
934.4590368981	0.1860087904
935.4596622889	0.1900459014
936.4602876798	0.1888583306
937.4609130707	0.2018395913
938.4615384615	0.2149825929
939.4621638524	0.2091720692
940.4627892433	0.2069118634
941.4634146341	0.1991972550
942.4640400250	0.2048351297
943.4646654159	0.2278892491
944.4652908068	0.2174185885
945.4659161976	0.2015683887
946.4665415885	0.1931546960
947.4671669794	0.1836324622
948.4677923702	0.1719012495
949.4684177611	0.1756646904
950.4690431520	0.1780885692
951.4696685428	0.1717939802
952.4702939337	0.1641967517
953.4709193246	0.1519977532
954.4715447154	0.1395610783
955.4721701063	0.1411051222
956.4727954972	0.1584369946
957.4734208881	0.1583383122
958.4740462789	0.1654798589
959.4746716698	0.1737012470
960.4752970607	0.1717194877
961.4759224515	0.1787941238
962.4765478424	0.1832027780
963.4771732333	0.1808492474
964.4777986241	0.1821017532
965.4784240150	0.1928947571
966.4790494059	0.2105215203
967.4796747967	0.2246087231
968.4803001876	0.2433392676
969.4809255785	0.2678536452
970.4815509694	0.2844036642
971.4821763602	0.2966725021
972.4828017511	0.3134154390
973.4834271420	0.3271120264
974.4840525328	0.3166451813
975.4846779237	0.3129590635
976.4853033146	0.3025499647
977.4859287054	0.2717696587
978.4865540963	0.2423876403
979.4871794872	0.2284384871
980.4878048780	0.2181354120
981.4884302689	0.1943137108
982.4890556598	0.1739311552
983.4896810507	0.1658320346
984.4903064415	0.1605705954
985.4909318324	0.1593278618
986.4915572233	0.1442639029
987.4921826141	0.1416968471
988.4928080050	0.1520273547
989.4934333959	0.1587468893
990.4940587867	0.1735508483
991.4946841776	0.1914234050
992.4953095685	0.1967275877
993.4959349593	0.2165933507
994.4965603502	0.2304341825
995.4971857411	0.2414324226
996.4978111320	0.2541282149
997.4984365228	0.2658228964
998.4990619137	0.2704483112
999.4996873046	0.2690097644
1000.5003126954	0.2499863811
1001.5009380863	0.2416456771
1002.5015634772	0.2267456618
1003.5021888680	0.2252344722
1004.5028142589	0.2187997304
1005.5034396498	0.2020139001
1006.5040650407	0.1927145073
1007.5046904315	0.1786799953
1008.5053158224	0.1562742131
1009.5059412133	0.1726454027
1010.5065666041	0.1687195611
1011.5071919950	0.1665718153
1012.5078173859	0.1673153241
1013.5084427767	0.1654533305
1014.5090681676	0.1645716897
1015.5096935585	0.1731467506
1016.5103189493	0.1671587221
1017.5109443402	0.1619447930
1018.5115697311	0.1675816336
1019.5121951220	0.1654726742
1020.5128205128	0.1674750592
1021.5134459037	0.1713705069
1022.5140712946	0.1682933151
1023.5146966854	0.1656016344
1024.5153220763	0.1872133628
1025.5159474672	0.1850769105
1026.5165728580	0.1882399844
1027.5171982489	0.1918859007
1028.5178236398	0.1949224248
1029.5184490306	0.2087193905
1030.5190744215	0.2237387663
1031.5196998124	0.2208838861
1032.5203252033	0.2240356598
1033.5209505941	0.2396757885
1034.5215759850	0.2462856639
1035.5222013759	0.2585266591
1036.5228267667	0.2527099743
1037.5234521576	0.2461553451
1038.5240775485	0.2461890337
1039.5247029393	0.2445417510
1040.5253283302	0.2441456643
1041.5259537211	0.2493637903
1042.5265791119	0.2600033441
1043.5272045028	0.2499147168
1044.5278298937	0.2408531001
1045.5284552846	0.2331641364
1046.5290806754	0.2248565068
1047.5297060663	0.2206966040
1048.5303314572	0.2243825539
1049.5309568480	0.2168422084
1050.5315822389	0.2174804993
1051.5322076298	0.2302252654
1052.5328330206	0.2459642974
1053.5334584115	0.2555921333
1054.5340838024	0.2739373076
1055.5347091932	0.3085077896
1056.5353345841	0.3470516447
1057.5359599750	0.3812812531
1058.5365853659	0.4193644612
1059.5372107567	0.4650092393
1060.5378361476	0.5092880614
1061.5384615385	0.5366383768
1062.5390869293	0.5486752147
1063.5397123202	0.5455747472
1064.5403377111	0.5217576565
1065.5409631019	0.4782432952
1066.5415884928	0.4407425125
1067.5422138837	0.3930625884
1068.5428392745	0.3453698505
1069.5434646654	0.3140298578
1070.5440900563	0.2885830573
1071.5447154472	0.2680259250
1072.5453408380	0.2561169561
1073.5459662289	0.2512340470
1074.5465916198	0.2604258819
1075.5472170106	0.2691325440
1076.5478424015	0.2672348078
1077.5484677924	0.2585184502
1078.5490931832	0.2577777316
1079.5497185741	0.2610617733
1080.5503439650	0.2593937585
1081.5509693558	0.2538483880
1082.5515947467	0.2532000031
1083.5522201376	0.2397080449
1084.5528455285	0.2485536278
1085.5534709193	0.2484822632
1086.5540963102	0.2419962953
1087.5547217011	0.2358275791
1088.5553470919	0.2336692624
1089.5559724828	0.2331059078
1090.5565978737	0.2273975207
1091.5572232645	0.2156663265
1092.5578486554	0.2044687818
1093.5584740463	0.2038715054
1094.5590994371	0.2043671080
1095.5597248280	0.2055128098
1096.5603502189	0.2027827253
1097.5609756098	0.1965111952
1098.5616010006	0.1967449565
1099.5622263915	0.2028437499
1100.5628517824	0.2044546589
1101.5634771732	0.2003071744
1102.5641025641	0.2119562227
1103.5647279550	0.2169009858
1104.5653533458	0.2139792905
1105.5659787367	0.2107385067
1106.5666041276	0.2035683413
1107.5672295184	0.1816140891
1108.5678549093	0.1814581700
1109.5684803002	0.1879641247
1110.5691056911	0.1898218708
1111.5697310819	0.1957261871
1112.5703564728	0.1951298626
1113.5709818637	0.1957949770
1114.5716072545	0.2079664197
1115.5722326454	0.2111150837
1116.5728580363	0.2107034041
1117.5734834271	0.2299648689
1118.5741088180	0.2408085710
1119.5747342089	0.2528531870
1120.5753595997	0.2724266974
1121.5759849906	0.3001797868
1122.5766103815	0.3347383677
1123.5772357724	0.3754138653
1124.5778611632	0.4192794474
1125.5784865541	0.4719321255
1126.5791119450	0.4981641754
1127.5797373358	0.5071951546
1128.5803627267	0.5168792713
1129.5809881176	0.5146814359
1130.5816135084	0.4925410922
1131.5822388993	0.4583615323
1132.5828642902	0.4059090266
1133.5834896811	0.3471900241
1134.5841150719	0.3099146959
1135.5847404628	0.2833477933
1136.5853658537	0.2587424579
1137.5859912445	0.2368553572
1138.5866166354	0.2253907202
1139.5872420263	0.2259489826
1140.5878674171	0.2269140878
1141.5884928080	0.2336909083
1142.5891181989	0.2349288708
1143.5897435897	0.2416239642
1144.5903689806	0.2617761639
1145.5909943715	0.2844010512
1146.5916197624	0.3089214340
1147.5922451532	0.3400859798
1148.5928705441	0.3697458582
1149.5934959350	0.3720053421
1150.5941213258	0.3915019077
1151.5947467167	0.4093874263
1152.5953721076	0.4158749589
1153.5959974984	0.4000994278
1154.5966228893	0.3795310604
1155.5972482802	0.3654469453
1156.5978736710	0.3481487424
1157.5984990619	0.3246925571
1158.5991244528	0.3155155808
1159.5997498437	0.2908385133
1160.6003752345	0.2942247252
1161.6010006254	0.3031161590
1162.6016260163	0.3047140934
1163.6022514071	0.3077635152
1164.6028767980	0.3263842850
1165.6035021889	0.3539428889
1166.6041275797	0.3525718284
1167.6047529706	0.3606146423
1168.6053783615	0.3417009732
1169.6060037523	0.3357520460
1170.6066291432	0.3165258935
1171.6072545341	0.2925100318
1172.6078799250	0.2764034825
1173.6085053158	0.2433142705
1174.6091307067	0.1928081519
1175.6097560976	0.1667950092
1176.6103814884	0.1600042673
1177.6110068793	0.1473696122
1178.6116322702	0.1362753023
1179.6122576610	0.1273807253
1180.6128830519	0.1189824268
1181.6135084428	0.1132471357
1182.6141338336	0.1111509562
1183.6147592245	0.1121976206
1184.6153846154	0.1036887206
1185.6160100063	0.0961177293
1186.6166353971	0.1010168174
1187.6172607880	0.1063144875
1188.6178861789	0.1035845539
1189.6185115697	0.0967409510
1190.6191369606	0.0938741703
1191.6197623515	0.1125819047
1192.6203877423	0.1066687647
1193.6210131332	0.1028203821
1194.6216385241	0.1058958265
1195.6222639149	0.1102985261
1196.6228893058	0.1134784720
1197.6235146967	0.1157175270
1198.6241400876	0.1176674791
1199.6247654784	0.1254922175
1200.6253908693	0.1143492811
1201.6260162602	0.1151477143
1202.6266416510	0.1174318457
1203.6272670419	0.1180019557
1204.6278924328	0.1157832977
1205.6285178236	0.1128085231
1206.6291432145	0.1169867308
1207.6297686054	0.1384782873
1208.6303939962	0.1348838040
1209.6310193871	0.1345998400
1210.6316447780	0.1356510162
1211.6322701689	0.1456140036
1212.6328955597	0.1581465075
1213.6335209506	0.1693644611
1214.6341463415	0.1763991567
1215.6347717323	0.1719443361
1216.6353971232	0.1862882873
1217.6360225141	0.1985385685
1218.6366479049	0.1976441785
1219.6372732958	0.1963670983
1220.6378986867	0.1892661695
1221.6385240775	0.1810405844
1222.6391494684	0.1740974969
1223.6397748593	0.1599978596
1224.6404002502	0.1552149295
1225.6410256410	0.1513029801
1226.6416510319	0.1405939246
1227.6422764228	0.1334189675
1228.6429018136	0.1280478203
1229.6435272045	0.1254873096
1230.6441525954	0.1224516502
1231.6447779862	0.1154429138
1232.6454033771	0.1164481639
1233.6460287680	0.1054817740
1234.6466541588	0.1087283685
1235.6472795497	0.1015931956
1236.6479049406	0.0940100652
1237.6485303315	0.0900991351
1238.6491557223	0.0858921671
1239.6497811132	0.0757742253
1240.6504065041	0.0623526760
1241.6510318949	0.0689656477
1242.6516572858	0.0633106495
1243.6522826767	0.0563346300
1244.6529080675	0.0599924114
1245.6535334584	0.0568579140
1246.6541588493	0.0497116219
1247.6547842402	0.0530016684
1248.6554096310	0.0679082119
1249.6560350219	0.0870392462
1250.6566604128	0.0800712191
1251.6572858036	0.0871963446
1252.6579111945	0.0949492505
1253.6585365854	0.1003148979
1254.6591619762	0.1051875406
1255.6597873671	0.1105050578
1256.6604127580	0.1129478382
1257.6610381488	0.1069990210
1258.6616635397	0.0989656142
1259.6622889306	0.1042554333
1260.6629143215	0.1044624069
1261.6635397123	0.1100048301
1262.6641651032	0.1128365880
1263.6647904941	0.1161186163
1264.6654158849	0.1254935422
1265.6660412758	0.1231959596
1266.6666666667	0.1150905557
1267.6672920575	0.1245187993
1268.6679174484	0.1258774960
1269.6685428393	0.1388283307
1270.6691682301	0.1467946896
1271.6697936210	0.1474600251
1272.6704190119	0.1445577421
1273.6710444028	0.1358939138
1274.6716697936	0.1521460442
1275.6722951845	0.1387073537
1276.6729205754	0.1608284976
1277.6735459662	0.1657225468
1278.6741713571	0.1675444774
1279.6747967480	0.1744132374
1280.6754221388	0.1788242197
1281.6760475297	0.1766817456
1282.6766729206	0.1876303185
1283.6772983114	0.2015088769
1284.6779237023	0.2111146027
1285.6785490932	0.2302154767
1286.6791744841	0.2632100630
1287.6797998749	0.3070367614
1288.6804252658	0.3671341152
1289.6810506567	0.4494332825
1290.6816760475	0.5410474784
1291.6823014384	0.6230158837
1292.6829268293	0.7131077990
1293.6835522201	0.7686503989
1294.6841776110	0.7912824044
1295.6848030019	0.7918970566
1296.6854283927	0.7563223911
1297.6860537836	0.6863848563
1298.6866791745	0.6190075951
1299.6873045654	0.5348851479
1300.6879299562	0.4623911548
1301.6885553471	0.4264681342
1302.6891807380	0.3965940382
1303.6898061288	0.3825711756
1304.6904315197	0.3760417645
1305.6910569106	0.3634234209
1306.6916823014	0.3420430873
1307.6923076923	0.3147101744
1308.6929330832	0.2999992321
1309.6935584740	0.2980031804
1310.6941838649	0.2836705447
1311.6948092558	0.2760939460
1312.6954346467	0.2805647006
1313.6960600375	0.2815966614
1314.6966854284	0.2694293864
1315.6973108193	0.2635385163
1316.6979362101	0.2547576740
1317.6985616010	0.2534115197
1318.6991869919	0.2487915021
1319.6998123827	0.2586830029
1320.7004377736	0.2731614712
1321.7010631645	0.2869263011
1322.7016885553	0.3070394143
1323.7023139462	0.3408324328
1324.7029393371	0.3778688040
1325.7035647280	0.4163159690
1326.7041901188	0.4389349377
1327.7048155097	0.4556693203
1328.7054409006	0.4651247720
1329.7060662914	0.4624732920
1330.7066916823	0.4518899354
1331.7073170732	0.4393144337
1332.7079424640	0.4082614096
1333.7085678549	0.3618581241
1334.7091932458	0.3196736004
1335.7098186366	0.2747872887
1336.7104440275	0.2283938970
1337.7110694184	0.1962875591
1338.7116948093	0.1831664503
1339.7123202001	0.1763470070
1340.7129455910	0.1618577691
1341.7135709819	0.1458500190
1342.7141963727	0.1397176245
1343.7148217636	0.1430666277
1344.7154471545	0.1517409677
1345.7160725453	0.1463943202
1346.7166979362	0.1335775308
1347.7173233271	0.1322223485
1348.7179487179	0.1425822337
1349.7185741088	0.1443719888
1350.7191994997	0.1515404022
1351.7198248906	0.1569014983
1352.7204502814	0.1678314397
1353.7210756723	0.1776643380
1354.7217010632	0.1943022927
1355.7223264540	0.2171230275
1356.7229518449	0.2281415678
1357.7235772358	0.2203363288
1358.7242026266	0.2188599534
1359.7248280175	0.2218269789
1360.7254534084	0.2226449241
1361.7260787992	0.2167289922
1362.7267041901	0.2188225607
1363.7273295810	0.2150340722
1364.7279549719	0.1887396364
1365.7285803627	0.1774403436
1366.7292057536	0.1947691625
1367.7298311445	0.1863020797
1368.7304565353	0.1789638898
1369.7310819262	0.1788265091
1370.7317073171	0.1791720732
1371.7323327079	0.1745816176
1372.7329580988	0.1643900165
1373.7335834897	0.1505324277
1374.7342088806	0.1372184051
1375.7348342714	0.1407993244
1376.7354596623	0.1461648462
1377.7360850532	0.1322140657
1378.7367104440	0.1185388931
1379.7373358349	0.1052180293
1380.7379612258	0.0889093517
1381.7385866166	0.0817206361
1382.7392120075	0.0965906777
1383.7398373984	0.0832701118
1384.7404627892	0.0783138740
1385.7410881801	0.0828282350
1386.7417135710	0.0738067148
1387.7423389619	0.0693605370
1388.7429643527	0.0653161110
1389.7435897436	0.0475237650
1390.7442151345	0.0460571349
1391.7448405253	0.0484495734
1392.7454659162	0.0459422814
1393.7460913071	0.0419525192
1394.7467166979	0.0416071232
1395.7473420888	0.0399274844
1396.7479674797	0.0407769674
1397.7485928705	0.0500019650
1398.7492182614	0.0598744079
1399.7498436523	0.0490220818
1400.7504690432	0.0608022290
1401.7510944340	0.0249729044
1402.7517198249	0.0378617395
1403.7523452158	0.0607433328
1404.7529706066	0.0655162179
1405.7535959975	0.0590228997
1406.7542213884	0.0603846635
1407.7548467792	0.0727876982
1408.7554721701	0.0839875809
1409.7560975610	0.0953363302
1410.7567229518	0.1037287474
1411.7573483427	0.1221072156
1412.7579737336	0.1532878545
1413.7585991245	0.1890570848
1414.7592245153	0.2176671601
1415.7598499062	0.2321398258
1416.7604752971	0.2281959539
1417.7611006879	0.2297901554
1418.7617260788	0.2329106312
1419.7623514697	0.2446667769
1420.7629768605	0.2398261792
1421.7636022514	0.2238616445
1422.7642276423	0.2170852828
1423.7648530331	0.2205731774
1424.7654784240	0.2407611933
1425.7661038149	0.2482566202
1426.7667292058	0.2921886681
1427.7673545966	0.3257313097
1428.7679799875	0.3699026519
1429.7686053784	0.4287037287
1430.7692307692	0.4973411105
1431.7698561601	0.5757298640
1432.7704815510	0.6540573939
1433.7711069418	0.7415103334
1434.7717323327	0.8182567553
1435.7723577236	0.9009957893
1436.7729831144	0.9427815803
1437.7736085053	0.9739285173
1438.7742338962	1.0000000000
1439.7748592871	0.9989362357
1440.7754846779	0.9940123499
1441.7761100688	0.9594263040
1442.7767354597	0.9007324393
1443.7773608505	0.8382329373
1444.7779862414	0.7860010189
1445.7786116323	0.7590986450
1446.7792370231	0.7495186835
1447.7798624140	0.7371380932
1448.7804878049	0.7172402517
1449.7811131957	0.7167307442
1450.7817385866	0.7427722326
1451.7823639775	0.7618006296
1452.7829893684	0.7731080013
1453.7836147592	0.7931621085
1454.7842401501	0.8124556225
1455.7848655410	0.8236017678
1456.7854909318	0.8329808323
1457.7861163227	0.8295678333
1458.7867417136	0.8478677916
1459.7873671044	0.8387696544
1460.7879924953	0.8068600939
1461.7886178862	0.7717232406
1462.7892432770	0.7308112844
1463.7898686679	0.6766025843
1464.7904940588	0.6148298290
1465.7911194497	0.5632756058
1466.7917448405	0.5076277963
1467.7923702314	0.4700872446
1468.7929956223	0.4245977816
1469.7936210131	0.3668771866
1470.7942464040	0.3247822941
1471.7948717949	0.2947553529
1472.7954971857	0.2647812235
1473.7961225766	0.2507382405
1474.7967479675	0.2523775171
1475.7973733583	0.2268475046
1476.7979987492	0.2132849152
1477.7986241401	0.2099927465
1478.7992495310	0.1986765391
1479.7998749218	0.1863280610
1480.8005003127	0.1785021432
1481.8011257036	0.1617264351
1482.8017510944	0.1308656732
1483.8023764853	0.1348516783
1484.8030018762	0.1187894084
1485.8036272670	0.1199717887
1486.8042526579	0.0998870638
1487.8048780488	0.0870912032
1488.8055034396	0.0897874655
1489.8061288305	0.0851025119
1490.8067542214	0.0820429752
1491.8073796123	0.0747435109
1492.8080050031	0.0753744201
1493.8086303940	0.0654782284
1494.8092557849	0.0607685223
1495.8098811757	0.0626894082
1496.8105065666	0.0653356445
1497.8111319575	0.0634749557
1498.8117573483	0.0574204699
1499.8123827392	0.0536832208
1500.8130081301	0.0635274652
1501.8136335210	0.0613093157
1502.8142589118	0.0486726599
1503.8148843027	0.0423027484
1504.8155096936	0.0435227873
1505.8161350844	0.0444868434
1506.8167604753	0.0434741818
1507.8173858662	0.0503932328
1508.8180112570	0.0566520536
1509.8186366479	0.0576466516
1510.8192620388	0.0456178238
1511.8198874296	0.0265756385
1512.8205128205	0.0257673104
1513.8211382114	0.0390740735
1514.8217636023	0.0376602107
1515.8223889931	0.0198383324
1516.8230143840	0.0333432519
1517.8236397749	0.0414768436
1518.8242651657	0.0379250727
1519.8248905566	0.0368861166
1520.8255159475	0.0398632830
1521.8261413383	0.0395762013
1522.8267667292	0.0292687633
1523.8273921201	0.0117966091
1524.8280175109	0.0037208485
1525.8286429018	0.0117723363
1526.8292682927	0.0134193659
1527.8298936836	0.0132367779
1528.8305190744	0.0212641608
1529.8311444653	0.0272341041
1530.8317698562	0.0274538738
1531.8323952470	0.0301710707
1532.8330206379	0.0186315899
1533.8336460288	0.0250173611
1534.8342714196	0.0368412544
1535.8348968105	0.0360178180
1536.8355222014	0.0275729860
1537.8361475922	0.0238046725
1538.8367729831	0.0251860072
1539.8373983740	0.0261868091
1540.8380237649	0.0346916123
1541.8386491557	0.0542089164
1542.8392745466	0.0550144726
1543.8398999375	0.0279765731
1544.8405253283	0.0324642799
1545.8411507192	0.0319989970
1546.8417761101	0.0222725047
1547.8424015009	0.0241541192
1548.8430268918	0.0266267062
1549.8436522827	0.0202284444
1550.8442776735	0.0212656915
1551.8449030644	0.0240393813
1552.8455284553	0.0249778664
1553.8461538462	0.0285360500
1554.8467792370	0.0388094449
1555.8474046279	0.0482719009
1556.8480300188	0.0446897430
1557.8486554096	0.0377420109
1558.8492808005	0.0344509719
1559.8499061914	0.0284491016
1560.8505315822	0.0165238695
1561.8511569731	0.0128722710
1562.8517823640	0.0161808722
1563.8524077548	0.0177579019
1564.8530331457	0.0147409767
1565.8536585366	0.0153202392
1566.8542839275	0.0236881570
1567.8549093183	0.0361962710
1568.8555347092	0.0237365950
1569.8561601001	0.0148247258
1570.8567854909	0.0117963199
1571.8574108818	0.0144850303
1572.8580362727	0.0179846140
1573.8586616635	0.0104808373
1574.8592870544	0.0116487583
1575.8599124453	0.0233287401
1576.8605378361	0.0388515356
1577.8611632270	0.0419116920
1578.8617886179	0.0443912216
1579.8624140088	0.0475199198
1580.8630393996	0.0458470483
1581.8636647905	0.0398961191
1582.8642901814	0.0377595318
1583.8649155722	0.0500647738
1584.8655409631	0.0471987216
1585.8661663540	0.0447629616
1586.8667917448	0.0385658061
1587.8674171357	0.0359603110
1588.8680425266	0.0356501932
1589.8686679174	0.0293957479
1590.8692933083	0.0239150531
1591.8699186992	0.0310569414
1592.8705440901	0.0167081285
1593.8711694809	0.0195969769
1594.8717948718	0.0189371259
1595.8724202627	0.0171454681
1596.8730456535	0.0191877145
1597.8736710444	0.0247628338
1598.8742964353	0.0336989877
1599.8749218261	0.0533131939
1600.8755472170	0.0509296272
1601.8761726079	0.0471263613
1602.8767979987	0.0494213116
1603.8774233896	0.0588596929
1604.8780487805	0.0602013901
1605.8786741714	0.0547872055
1606.8792995622	0.0591244016
1607.8799249531	0.0493203180
1608.8805503440	0.0509494282
1609.8811757348	0.0509351662
1610.8818011257	0.0505338039
1611.8824265166	0.0527731615
1612.8830519074	0.0480704679
1613.8836772983	0.0390974771
1614.8843026892	0.0390916283
1615.8849280801	0.0470433040
1616.8855534709	0.0568860271
1617.8861788618	0.0449343140
1618.8868042527	0.0455983643
1619.8874296435	0.0499555051
1620.8880550344	0.0408824644
1621.8886804253	0.0356413135
1622.8893058161	0.0483538756
1623.8899312070	0.0520494268
1624.8905565979	0.0482032137
1625.8911819887	0.0469473961
1626.8918073796	0.0515800862
1627.8924327705	0.0586379278
1628.8930581614	0.0567098760
1629.8936835522	0.0659156900
1630.8943089431	0.0837005798
1631.8949343340	0.0783936770
1632.8955597248	0.0794173713
1633.8961851157	0.0816799832
1634.8968105066	0.0784683761
1635.8974358974	0.0755468915
1636.8980612883	0.0765776749
1637.8986866792	0.0819484944
1638.8993120700	0.0886636183
1639.8999374609	0.0882038261
1640.9005628518	0.0706080743
1641.9011882427	0.0668762894
1642.9018136335	0.0681821356
1643.9024390244	0.0618264460
1644.9030644153	0.0608726131
1645.9036898061	0.0599283920
1646.9043151970	0.0622437331
1647.9049405879	0.0674806470
1648.9055659787	0.0586705320
1649.9061913696	0.0475887832
1650.9068167605	0.0536159469
1651.9074421513	0.0391768993
1652.9080675422	0.0451125918
1653.9086929331	0.0519419238
1654.9093183240	0.0449198037
1655.9099437148	0.0373350672
1656.9105691057	0.0471066020
1657.9111944966	0.0454033139
1658.9118198874	0.0474189684
1659.9124452783	0.0514861843
1660.9130706692	0.0508274780
1661.9136960600	0.0491838459
1662.9143214509	0.0488044192
1663.9149468418	0.0482715670
1664.9155722326	0.0498374805
1665.9161976235	0.0620549720
1666.9168230144	0.0482125959
1667.9174484053	0.0445089418
1668.9180737961	0.0393422830
1669.9186991870	0.0321983343
1670.9193245779	0.0330963807
1671.9199499687	0.0298980442
1672.9205753596	0.0176675673
1673.9212007505	0.0202959008
1674.9218261413	0.0059814509
1675.9224515322	0.0196549720
1676.9230769231	0.0287650853
1677.9237023139	0.0241708309
1678.9243277048	0.0283989955
1679.9249530957	0.0367587094
1680.9255784866	0.0340020909
1681.9262038774	0.0211877915
1682.9268292683	0.0126956546
1683.9274546592	0.0232336681
1684.9280800500	0.0182135980
1685.9287054409	0.0257401658
1686.9293308318	0.0352354875
1687.9299562226	0.0318869660
1688.9305816135	0.0232017168
1689.9312070044	0.0263927287
1690.9318323952	0.0325892624
1691.9324577861	0.0251504844
1692.9330831770	0.0386192282
1693.9337085679	0.0396909582
1694.9343339587	0.0291849872
1695.9349593496	0.0222761693
1696.9355847405	0.0242351634
1697.9362101313	0.0282535392
1698.9368355222	0.0274013579
1699.9374609131	0.0243109382
1700.9380863039	0.0358360102
1701.9387116948	0.0313339431
1702.9393370857	0.0352745953
1703.9399624765	0.0365679789
1704.9405878674	0.0305182047
1705.9412132583	0.0214583164
1706.9418386492	0.0154071572
1707.9424640400	0.0200941348
1708.9430894309	0.0349290285
1709.9437148218	0.0396558646
1710.9443402126	0.0326534466
1711.9449656035	0.0273384176
1712.9455909944	0.0284970102
1713.9462163852	0.0335814036
1714.9468417761	0.0346417297
1715.9474671670	0.0231709223
1716.9480925578	0.0307546713
1717.9487179487	0.0220574502
1718.9493433396	0.0263719627
1719.9499687305	0.0388990824
1720.9505941213	0.0433575654
1721.9512195122	0.0405138716
1722.9518449031	0.0357787919
1723.9524702939	0.0203749796
1724.9530956848	0.0000000000
1725.9537210757	0.0330066414
1726.9543464665	0.0343208996
1727.9549718574	0.0281593884
1728.9555972483	0.0187356991
1729.9562226391	0.0140073211
1730.9568480300	0.0166126155
1731.9574734209	0.0194263163
1732.9580988118	0.0236641134
1733.9587242026	0.0207782340
1734.9593495935	0.0276398192
1735.9599749844	0.0154528644
1736.9606003752	0.0217275199
1737.9612257661	0.0294356300
1738.9618511570	0.0276191931
1739.9624765478	0.0292572866
1740.9631019387	0.0269202833
1741.9637273296	0.0200327805
1742.9643527205	0.0282083926
1743.9649781113	0.0225682272
1744.9656035022	0.0296607274
1745.9662288931	0.0336495574
1746.9668542839	0.0290185618
1747.9674796748	0.0288359949
1748.9681050657	0.0385697254
1749.9687304565	0.0369967968
1750.9693558474	0.0320489835
1751.9699812383	0.0266423101
1752.9706066291	0.0258182377
1753.9712320200	0.0267317070
1754.9718574109	0.0236567568
1755.9724828018	0.0173524260
1756.9731081926	0.0160489398
1757.9737335835	0.0218815855
1758.9743589744	0.0140662790
1759.9749843652	0.0145719549
1760.9756097561	0.0202785392
1761.9762351470	0.0233650707
1762.9768605378	0.0268168255
1763.9774859287	0.0283029647
1764.9781113196	0.0250486891
1765.9787367104	0.0316471489
1766.9793621013	0.0314940901
1767.9799874922	0.0410002983
1768.9806128831	0.0482443461
1769.9812382739	0.0406119640
1770.9818636648	0.0307004864
1771.9824890557	0.0275428436
1772.9831144465	0.0308452335
1773.9837398374	0.0346198351
1774.9843652283	0.0093303786
1775.9849906191	0.0241255410
1776.9856160100	0.0148456079
1777.9862414009	0.0132440942
1778.9868667917	0.0152732238
1779.9874921826	0.0120618492
1780.9881175735	0.0125059571
1781.9887429644	0.0302214642
1782.9893683552	0.0354437712
1783.9899937461	0.0390210170
1784.9906191370	0.0328468642
1785.9912445278	0.0262104973
1786.9918699187	0.0271621264
1787.9924953096	0.0350051077
1788.9931207004	0.0348778750
1789.9937460913	0.0165407729
1790.9943714822	0.0038035772
1791.9949968730	0.0355905796
1792.9956222639	0.0340247987
1793.9962476548	0.0404097885
1794.9968730457	0.0403184589
1795.9974984365	0.0330413864
1796.9981238274	0.0270179542
1797.9987492183	0.0259419012
1798.9993746091	0.0225011789
1800.0000000000	0.0157026167
