200.0000000000	0.0527481136
201.0006253909	0.0388924365
202.0012507817	0.0401343381
203.0018761726	0.0362107505
204.0025015635	0.0280360149
205.0031269543	0.0327830131
206.0037523452	0.0284005951
207.0043777361	0.0157965308
208.0050031270	0.0117677738
209.0056285178	0.0173715722
210.0062539087	0.0300530961
211.0068792996	0.0305486985
212.0075046904	0.0203910797
213.0081300813	0.0151528445
214.0087554722	0.0179058991
215.0093808630	0.0274968901
216.0100062539	0.0310707953
217.0106316448	0.0281765140
218.0112570356	0.0413795116
219.0118824265	0.0464876026
220.0125078174	0.0337225196
221.0131332083	0.0185228492
222.0137585991	0.0173946329
223.0143839900	0.0122395769
224.0150093809	-0.0006761400
225.0156347717	-0.0055707869
226.0162601626	0.0007489076
227.0168855535	0.0117180163
228.0175109443	0.0200362487
229.0181363352	0.0325704242
230.0187617261	0.0369987329
231.0193871169	0.0311615978
232.0200125078	0.0423902731
233.0206378987	0.0613747739
234.0212632896	0.0630820682
235.0218886804	0.0529680622
236.0225140713	0.0473285475
237.0231394622	0.0494415728
238.0237648530	0.0376332804
239.0243902439	0.0315108698
240.0250156348	0.0413157995
241.0256410256	0.0561731802
242.0262664165	0.0496487567
243.0268918074	0.0562207969
244.0275171982	0.0582621299
245.0281425891	0.0525392159
246.0287679800	0.0639794757
247.0293933709	0.0718718311
248.0300187617	0.0618279943
249.0306441526	0.0408442305
250.0312695435	0.0360933501
251.0318949343	0.0496670026
252.0325203252	0.0506362656
253.0331457161	0.0480488594
254.0337711069	0.0461271133
255.0343964978	0.0417886136
256.0350218887	0.0329519038
257.0356472795	0.0244724775
258.0362726704	0.0279124503
259.0368980613	0.0258716878
260.0375234522	0.0194787057
261.0381488430	0.0255224077
262.0387742339	0.0354857870
263.0393996248	0.0328494119
264.0400250156	0.0342138338
265.0406504065	0.0399988523
266.0412757974	0.0421972000
267.0419011882	0.0440538888
268.0425265791	0.0332204367
269.0431519700	0.0327239044
270.0437773609	0.0368052031
271.0444027517	0.0361944044
272.0450281426	0.0383619450
273.0456535335	0.0412376551
274.0462789243	0.0334200055
275.0469043152	0.0322151085
276.0475297061	0.0455398328
277.0481550969	0.0472555275
278.0487804878	0.0394173491
279.0494058787	0.0414106972
280.0500312695	0.0373799809
281.0506566604	0.0129922275
282.0512820513	0.0162091467
283.0519074422	0.0377444037
284.0525328330	0.0456464568
285.0531582239	0.0416698134
286.0537836148	0.0438419782
287.0544090056	0.0532566785
288.0550343965	0.0448489494
289.0556597874	0.0398951422
290.0562851782	0.0462234966
291.0569105691	0.0574743840
292.0575359600	0.0360370301
293.0581613508	0.0338119420
294.0587867417	0.0413983835
295.0594121326	0.0456793251
296.0600375235	0.0354283602
297.0606629143	0.0271752411
298.0612883052	0.0230753362
299.0619136961	0.0211175378
300.0625390869	0.0209609625
301.0631644778	0.0264936022
302.0637898687	0.0276374349
303.0644152595	0.0183167225
304.0650406504	0.0157293028
305.0656660413	0.0291143978
306.0662914321	0.0247862743
307.0669168230	0.0095000970
308.0675422139	0.0145957095
309.0681676048	0.0125225238
310.0687929956	-0.0002464964
311.0694183865	0.0243858854
312.0700437774	0.0312254012
313.0706691682	0.0267420109
314.0712945591	0.0113439959
315.0719199500	-0.0051109795
316.0725453408	-0.0000494244
317.0731707317	0.0182427262
318.0737961226	0.0242919687
319.0744215134	0.0142440637
320.0750469043	0.0055713444
321.0756722952	0.0014560604
322.0762976861	-0.0004691397
323.0769230769	0.0045735744
324.0775484678	0.0051753635
325.0781738587	0.0012229302
326.0787992495	-0.0074686610
327.0794246404	-0.0189118568
328.0800500313	-0.0077039217
329.0806754221	-0.0027529169
330.0813008130	-0.0082634055
331.0819262039	-0.0128035261
332.0825515947	-0.0146068317
333.0831769856	-0.0183049540
334.0838023765	-0.0083167377
335.0844277674	-0.0064873661
336.0850531582	-0.0070696242
337.0856785491	0.0029235916
338.0863039400	-0.0028065901
339.0869293308	0.0147362035
340.0875547217	0.0236403863
341.0881801126	0.0230871230
342.0888055034	0.0292956873
343.0894308943	0.0386086751
344.0900562852	0.0344024865
345.0906816760	0.0292037993
346.0913070669	0.0362579787
347.0919324578	0.0629864364
348.0925578487	0.0499234332
349.0931832395	0.0604309776
350.0938086304	0.0790732217
351.0944340213	0.0998638270
352.0950594121	0.1198397297
353.0956848030	0.1139570647
354.0963101939	0.1277302657
355.0969355847	0.1442634909
356.0975609756	0.1573368753
357.0981863665	0.1710723917
358.0988117573	0.1958466373
359.0994371482	0.1887296146
360.1000625391	0.1833532711
361.1006879300	0.1908905568
362.1013133208	0.2012933637
363.1019387117	0.2112446085
364.1025641026	0.2271926261
365.1031894934	0.2378305906
366.1038148843	0.2374331132
367.1044402752	0.2233256897
368.1050656660	0.2071670430
369.1056910569	0.2205680469
370.1063164478	0.2315075493
371.1069418386	0.2223880843
372.1075672295	0.2145027634
373.1081926204	0.2228288132
374.1088180113	0.2167878128
375.1094434021	0.2006430846
376.1100687930	0.2005605926
377.1106941839	0.2043890169
378.1113195747	0.1935596036
379.1119449656	0.1886219285
380.1125703565	0.1739327692
381.1131957473	0.1789599058
382.1138211382	0.1861128513
383.1144465291	0.1798862514
384.1150719199	0.1763022309
385.1156973108	0.1601332258
386.1163227017	0.1603861305
387.1169480926	0.1752278041
388.1175734834	0.1788269517
389.1181988743	0.1768449173
390.1188242652	0.1858884925
391.1194496560	0.1848657637
392.1200750469	0.2017349763
393.1207004378	0.2074862497
394.1213258286	0.1946122640
395.1219512195	0.1920766107
396.1225766104	0.1974528191
397.1232020013	0.1834158266
398.1238273921	0.1775489544
399.1244527830	0.1827892809
400.1250781739	0.1807905303
401.1257035647	0.1682040292
402.1263289556	0.1712834380
403.1269543465	0.1630579891
404.1275797373	0.1471474585
405.1282051282	0.1415940180
406.1288305191	0.1355850955
407.1294559099	0.1599249776
408.1300813008	0.1508722745
409.1307066917	0.1259918013
410.1313320826	0.1234866474
411.1319574734	0.1108163152
412.1325828643	0.1265144089
413.1332082552	0.1301159971
414.1338336460	0.1178904960
415.1344590369	0.1023059785
416.1350844278	0.1116764570
417.1357098186	0.1076064136
418.1363352095	0.1046738945
419.1369606004	0.1000734770
420.1375859912	0.0937633117
421.1382113821	0.0981340065
422.1388367730	0.1038559525
423.1394621639	0.1010075394
424.1400875547	0.0968710161
425.1407129456	0.0925702939
426.1413383365	0.0767643010
427.1419637273	0.0615705129
428.1425891182	0.0683338819
429.1432145091	0.0786179519
430.1438398999	0.0735364590
431.1444652908	0.0572928136
432.1450906817	0.0508541202
433.1457160725	0.0511714188
434.1463414634	0.0562572442
435.1469668543	0.0419203793
436.1475922452	0.0293755748
437.1482176360	0.0396806824
438.1488430269	0.0290710449
439.1494684178	0.0319343614
440.1500938086	0.0512831571
441.1507191995	0.0568600653
442.1513445904	0.0439659077
443.1519699812	0.0334114248
444.1525953721	0.0322762004
445.1532207630	0.0296189555
446.1538461538	0.0252650129
447.1544715447	0.0235322857
448.1550969356	0.0201779024
449.1557223265	0.0166622731
450.1563477173	0.0242203173
451.1569731082	0.0210220496
452.1575984991	0.0203168624
453.1582238899	0.0159080767
454.1588492808	0.0080868817
455.1594746717	0.0262351720
456.1601000625	0.0116888419
457.1607254534	0.0079641317
458.1613508443	-0.0020741255
459.1619762351	-0.0142051975
460.1626016260	0.0082546095
461.1632270169	0.0037044385
462.1638524078	0.0108364423
463.1644777986	0.0110743540
464.1651031895	0.0080470635
465.1657285804	0.0195883809
466.1663539712	0.0427813966
467.1669793621	0.0238783803
468.1676047530	0.0191646889
469.1682301438	0.0256423200
470.1688555347	0.0247118154
471.1694809256	0.0043095757
472.1701063164	0.0114387136
473.1707317073	0.0198025323
474.1713570982	0.0188268092
475.1719824891	0.0148517468
476.1726078799	0.0314451192
477.1732332708	0.0475511057
478.1738586617	0.0353448848
479.1744840525	0.0232044726
480.1751094434	0.0206960769
481.1757348343	0.0241762392
482.1763602251	0.0332111220
483.1769856160	0.0219163290
484.1776110069	0.0240181392
485.1782363977	0.0356191639
486.1788617886	0.0399424923
487.1794871795	0.0338533539
488.1801125704	0.0268159888
489.1807379612	0.0227736163
490.1813633521	0.0312945808
491.1819887430	0.0382103975
492.1826141338	0.0207270262
493.1832395247	0.0083009640
494.1838649156	0.0130604019
495.1844903064	0.0171565863
496.1851156973	0.0113653506
497.1857410882	0.0117335632
498.1863664790	0.0152334086
499.1869918699	0.0100035651
500.1876172608	0.0231609041
501.1882426517	0.0354495755
502.1888680425	0.0285484080
503.1894934334	0.0260329894
504.1901188243	0.0236750156
505.1907442151	0.0117138739
506.1913696060	0.0193414753
507.1919949969	0.0322304149
508.1926203877	0.0365057542
509.1932457786	0.0394493881
510.1938711695	0.0403237171
511.1944965604	0.0389692107
512.1951219512	0.0442044183
513.1957473421	0.0232382301
514.1963727330	0.0265171957
515.1969981238	0.0428269748
516.1976235147	0.0383121603
517.1982489056	0.0287271091
518.1988742964	0.0330438785
519.1994996873	0.0392143893
520.2001250782	0.0369484994
521.2007504690	0.0334482123
522.2013758599	0.0393759535
523.2020012508	0.0265093079
524.2026266417	0.0262959812
525.2032520325	0.0291208203
526.2038774234	0.0264968708
527.2045028143	0.0229392515
528.2051282051	0.0428634978
529.2057535960	0.0345032302
530.2063789869	0.0148720869
531.2070043777	-0.0033045259
532.2076297686	0.0018471206
533.2082551595	0.0493829803
534.2088805503	0.0365185630
535.2095059412	0.0180125215
536.2101313321	0.0111511746
537.2107567230	0.0079099943
538.2113821138	0.0006149591
539.2120075047	0.0016223839
540.2126328956	0.0015757232
541.2132582864	0.0021240016
542.2138836773	0.0086405026
543.2145090682	0.0089519148
544.2151344590	-0.0037440553
545.2157598499	0.0202158333
546.2163852408	0.0111550101
547.2170106316	-0.0134897664
548.2176360225	-0.0185219774
549.2182614134	0.0023858913
550.2188868043	0.0091599089
551.2195121951	0.0102255536
552.2201375860	0.0044337243
553.2207629769	-0.0007805494
554.2213883677	0.0092690354
555.2220137586	0.0207965315
556.2226391495	0.0087325172
557.2232645403	0.0054280470
558.2238899312	0.0040558002
559.2245153221	-0.0026485580
560.2251407129	-0.0048887156
561.2257661038	-0.0078552061
562.2263914947	-0.0175817880
563.2270168856	-0.0191323770
564.2276422764	-0.0239049770
565.2282676673	-0.0305825606
566.2288930582	-0.0318375382
567.2295184490	-0.0268607223
568.2301438399	-0.0119270019
569.2307692308	0.0054178653
570.2313946216	0.0044653454
571.2320200125	0.0100875782
572.2326454034	0.0306156539
573.2332707942	0.0423396962
574.2338961851	0.0431312659
575.2345215760	0.0413052996
576.2351469669	0.0320973355
577.2357723577	0.0412093802
578.2363977486	0.0531022695
579.2370231395	0.0533389811
580.2376485303	0.0507557685
581.2382739212	0.0593316300
582.2388993121	0.0511255936
583.2395247029	0.0567242597
584.2401500938	0.0698465889
585.2407754847	0.0710722030
586.2414008755	0.0597094236
587.2420262664	0.0627731400
588.2426516573	0.0648722369
589.2432770482	0.0823357890
590.2439024390	0.0822293149
591.2445278299	0.0805304897
592.2451532208	0.1012174878
593.2457786116	0.0956913949
594.2464040025	0.0812083387
595.2470293934	0.0906916926
596.2476547842	0.0958060868
597.2482801751	0.0932262984
598.2489055660	0.1043055703
599.2495309568	0.1298458092
600.2501563477	0.1350980163
601.2507817386	0.1439013379
602.2514071295	0.1530814120
603.2520325203	0.1593651280
604.2526579112	0.1657103157
605.2532833021	0.1655471284
606.2539086929	0.1845228239
607.2545340838	0.2003311789
608.2551594747	0.2009495547
609.2557848655	0.2035839061
610.2564102564	0.2310480806
611.2570356473	0.2308127535
612.2576610381	0.2317098430
613.2582864290	0.2412724289
614.2589118199	0.2495935805
615.2595372108	0.2571000530
616.2601626016	0.2724553830
617.2607879925	0.2851875075
618.2614133834	0.3200832244
619.2620387742	0.3634582164
620.2626641651	0.4112034343
621.2632895560	0.4679393582
622.2639149468	0.5094110191
623.2645403377	0.5582591684
624.2651657286	0.6521531277
625.2657911194	0.7366218602
626.2664165103	0.8003119628
627.2670419012	0.8484105982
628.2676672921	0.8877389649
629.2682926829	0.9233892811
630.2689180738	0.9406284401
631.2695434647	0.9439059508
632.2701688555	0.9278841926
633.2707942464	0.8828168014
634.2714196373	0.8383080778
635.2720450281	0.8135612463
636.2726704190	0.7913181301
637.2732958099	0.7304532239
638.2739212008	0.6811743433
639.2745465916	0.6318683074
640.2751719825	0.5809211081
641.2757973734	0.5379569455
642.2764227642	0.5035029556
643.2770481551	0.4690414560
644.2776735460	0.4385013614
645.2782989368	0.4003444932
646.2789243277	0.3505632693
647.2795497186	0.3148576341
648.2801751094	0.3106791374
649.2808005003	0.2582012043
650.2814258912	0.2712072169
651.2820512821	0.2503221245
652.2826766729	0.2436085044
653.2833020638	0.2467557319
654.2839274547	0.2134081355
655.2845528455	0.2380047053
656.2851782364	0.2321478237
657.2858036273	0.2331764444
658.2864290181	0.2286316366
659.2870544090	0.2232568409
660.2876797999	0.2343444846
661.2883051907	0.2373026878
662.2889305816	0.2270428065
663.2895559725	0.2130361460
664.2901813634	0.2086939192
665.2908067542	0.2060097350
666.2914321451	0.1861333033
667.2920575360	0.1716002016
668.2926829268	0.1714331715
669.2933083177	0.1585624072
670.2939337086	0.1382730374
671.2945590994	0.1199983318
672.2951844903	0.1080105942
673.2958098812	0.1070262053
674.2964352720	0.1087243899
675.2970606629	0.0926798099
676.2976860538	0.0892489375
677.2983114447	0.0878206676
678.2989368355	0.0607884242
679.2995622264	0.0468624929
680.3001876173	0.0499156988
681.3008130081	0.0439626285
682.3014383990	0.0471571569
683.3020637899	0.0442457025
684.3026891807	0.0359946846
685.3033145716	0.0435824577
686.3039399625	0.0495674637
687.3045653533	0.0488628641
688.3051907442	0.0431933128
689.3058161351	0.0438004852
690.3064415260	0.0261772049
691.3070669168	0.0175487110
692.3076923077	0.0264099845
693.3083176986	0.0283838835
694.3089430894	0.0248159843
695.3095684803	0.0137628171
696.3101938712	0.0084787126
697.3108192620	0.0140626411
698.3114446529	0.0187464551
699.3120700438	0.0211427459
700.3126954346	0.0278656643
701.3133208255	0.0350024006
702.3139462164	0.0292224016
703.3145716073	0.0173103540
704.3151969981	0.0122437415
705.3158223890	0.0099833670
706.3164477799	0.0026106701
707.3170731707	0.0010552453
708.3176985616	0.0112483381
709.3183239525	-0.0014370634
710.3189493433	0.0044095412
711.3195747342	0.0149861597
712.3202001251	0.0040225117
713.3208255159	-0.0020959895
714.3214509068	0.0034622891
715.3220762977	0.0179137115
716.3227016886	0.0102704100
717.3233270794	0.0002827705
718.3239524703	0.0061154515
719.3245778612	0.0099226972
720.3252032520	-0.0027368113
721.3258286429	0.0054176428
722.3264540338	0.0113414487
723.3270794246	0.0071021581
724.3277048155	0.0010625948
725.3283302064	0.0042468873
726.3289555972	-0.0106240054
727.3295809881	-0.0228472806
728.3302063790	-0.0134372231
729.3308317699	-0.0134139574
730.3314571607	-0.0222128225
731.3320825516	-0.0128847255
732.3327079425	0.0010181019
733.3333333333	-0.0006186578
734.3339587242	-0.0002166598
735.3345841151	0.0031774174
736.3352095059	0.0031127316
737.3358348968	-0.0033200678
738.3364602877	-0.0055216880
739.3370856785	-0.0047464123
740.3377110694	-0.0089677347
741.3383364603	-0.0027757592
742.3389618512	0.0004749139
743.3395872420	0.0006981726
744.3402126329	-0.0017374305
745.3408380238	-0.0120719013
746.3414634146	-0.0071678007
747.3420888055	0.0057118799
748.3427141964	0.0027200965
749.3433395872	-0.0035709804
750.3439649781	-0.0047039536
751.3445903690	-0.0122264581
752.3452157598	-0.0090567560
753.3458411507	0.0007265340
754.3464665416	-0.0043066490
755.3470919325	-0.0031382169
756.3477173233	0.0070239627
757.3483427142	0.0047148354
758.3489681051	-0.0087903938
759.3495934959	-0.0178392426
760.3502188868	-0.0116771878
761.3508442777	0.0051049959
762.3514696685	-0.0041787701
763.3520950594	-0.0125642169
764.3527204503	-0.0003759856
765.3533458412	0.0085701476
766.3539712320	-0.0036125058
767.3545966229	-0.0240267714
768.3552220138	-0.0009056342
769.3558474046	-0.0141869008
770.3564727955	-0.0167268386
771.3570981864	-0.0179408742
772.3577235772	-0.0141650639
773.3583489681	-0.0005008453
774.3589743590	-0.0009689601
775.3595997498	-0.0087703723
776.3602251407	-0.0163121398
777.3608505316	-0.0157591616
778.3614759225	-0.0052276979
779.3621013133	0.0058263095
780.3627267042	0.0029939311
781.3633520951	-0.0071491580
782.3639774859	0.0075394776
783.3646028768	0.0056140613
784.3652282677	0.0205120244
785.3658536585	0.0302784622
786.3664790494	0.0192709876
787.3671044403	0.0433517004
788.3677298311	0.0755918789
789.3683552220	0.0885882042
790.3689806129	0.0975243717
791.3696060038	0.0994280330
792.3702313946	0.0997042077
793.3708567855	0.1115378943
794.3714821764	0.1295202485
795.3721075672	0.1449231627
796.3727329581	0.1511719520
797.3733583490	0.1572963007
798.3739837398	0.1645643113
799.3746091307	0.1692945511
800.3752345216	0.1715669090
801.3758599124	0.1761061908
802.3764853033	0.1794010589
803.3771106942	0.1732197460
804.3777360851	0.1689953081
805.3783614759	0.1786694098
806.3789868668	0.1852303241
807.3796122577	0.1770963977
808.3802376485	0.1692181744
809.3808630394	0.1704620144
810.3814884303	0.1771711674
811.3821138211	0.1683966908
812.3827392120	0.1633883113
813.3833646029	0.1739081512
814.3839899937	0.1853436418
815.3846153846	0.1848836475
816.3852407755	0.1723343295
817.3858661664	0.1594990732
818.3864915572	0.1552993153
819.3871169481	0.1678635159
820.3877423390	0.1674500756
821.3883677298	0.1686776319
822.3889931207	0.1721113020
823.3896185116	0.1656675902
824.3902439024	0.1522067632
825.3908692933	0.1495204252
826.3914946842	0.1322243023
827.3921200750	0.1486474563
828.3927454659	0.1310090660
829.3933708568	0.1151907650
830.3939962477	0.1345511995
831.3946216385	0.1403854343
832.3952470294	0.1450295674
833.3958724203	0.1286994872
834.3964978111	0.1390744268
835.3971232020	0.1459610409
836.3977485929	0.1399942139
837.3983739837	0.1280175643
838.3989993746	0.1105681349
839.3996247655	0.1221412748
840.4002501563	0.1112795085
841.4008755472	0.1091065603
842.4015009381	0.1081673765
843.4021263290	0.1067149766
844.4027517198	0.1106350937
845.4033771107	0.1179303807
846.4040025016	0.0974824049
847.4046278924	0.0797602031
848.4052532833	0.0876538631
849.4058786742	0.0814110810
850.4065040650	0.0644660435
851.4071294559	0.0686025442
852.4077548468	0.0675175104
853.4083802376	0.0501461222
854.4090056285	0.0634708383
855.4096310194	0.0654954496
856.4102564103	0.0619101739
857.4108818011	0.0577713975
858.4115071920	0.0558282262
859.4121325829	0.0693898768
860.4127579737	0.0736636402
861.4133833646	0.0649465804
862.4140087555	0.0637305109
863.4146341463	0.0687892348
864.4152595372	0.0601360497
865.4158849281	0.0703585354
866.4165103189	0.1136120142
867.4171357098	0.1348307019
868.4177611007	0.1485803564
869.4183864916	0.1687745601
870.4190118824	0.1931638604
871.4196372733	0.2059783606
872.4202626642	0.2317436758
873.4208880550	0.2515559511
874.4215134459	0.2632735548
875.4221388368	0.2881704432
876.4227642276	0.3100091201
877.4233896185	0.3153882045
878.4240150094	0.3091480687
879.4246404003	0.3318095738
880.4252657911	0.3449894874
881.4258911820	0.3422312007
882.4265165729	0.3409246171
883.4271419637	0.3353289016
884.4277673546	0.3151622583
885.4283927455	0.3053994943
886.4290181363	0.2928298748
887.4296435272	0.2917087843
888.4302689181	0.2828581831
889.4308943089	0.2719941983
890.4315196998	0.2656674249
891.4321450907	0.2560892006
892.4327704816	0.2518340306
893.4333958724	0.2129933815
894.4340212633	0.2198942286
895.4346466542	0.2063571228
896.4352720450	0.1736154468
897.4358974359	0.1563862765
898.4365228268	0.1682145224
899.4371482176	0.1640099601
900.4377736085	0.1570834296
901.4383989994	0.1497942945
902.4390243902	0.1410202916
903.4396497811	0.1411654612
904.4402751720	0.1372242736
905.4409005629	0.1219383145
906.4415259537	0.1338892462
907.4421513446	0.1195795086
908.4427767355	0.1034611353
909.4434021263	0.0972005256
910.4440275172	0.0959926531
911.4446529081	0.0942608629
912.4452782989	0.0867524898
913.4459036898	0.0780608559
914.4465290807	0.0852100784
915.4471544715	0.0675348494
916.4477798624	0.0815076437
917.4484052533	0.0931052158
918.4490306442	0.0837274399
919.4496560350	0.0737918963
920.4502814259	0.0830901825
921.4509068168	0.0869764704
922.4515322076	0.0741856328
923.4521575985	0.0641168027
924.4527829894	0.0684467805
925.4534083802	0.0698302539
926.4540337711	0.0845992392
927.4546591620	0.1017469475
928.4552845528	0.0897206018
929.4559099437	0.0844424731
930.4565353346	0.0802750231
931.4571607255	0.0691712500
932.4577861163	0.0756470550
933.4584115072	0.0986231997
934.4590368981	0.1110000002
935.4596622889	0.1185892872
936.4602876798	0.1143894765
937.4609130707	0.1068704372
938.4615384615	0.1029750638
939.4621638524	0.0999223502
940.4627892433	0.1146519284
941.4634146341	0.1244133891
942.4640400250	0.1253187025
943.4646654159	0.1105258442
944.4652908068	0.0935606423
945.4659161976	0.0810627791
946.4665415885	0.0790929014
947.4671669794	0.0936845672
948.4677923702	0.1032377781
949.4684177611	0.1032912954
950.4690431520	0.0971829200
951.4696685428	0.0821953980
952.4702939337	0.0817612403
953.4709193246	0.0796169113
954.4715447154	0.0632182302
955.4721701063	0.0685891696
956.4727954972	0.0550842534
957.4734208881	0.0605082678
958.4740462789	0.0661029373
959.4746716698	0.0719762125
960.4752970607	0.0591088130
961.4759224515	0.0373346654
962.4765478424	0.0361676057
963.4771732333	0.0335149282
964.4777986241	0.0383351618
965.4784240150	0.0623836584
966.4790494059	0.0583964359
967.4796747967	0.0442768522
968.4803001876	0.0394804495
969.4809255785	0.0435030632
970.4815509694	0.0431952600
971.4821763602	0.0353471496
972.4828017511	0.0092130543
973.4834271420	0.0285519073
974.4840525328	0.0399775249
975.4846779237	0.0317467618
976.4853033146	0.0227617868
977.4859287054	0.0289143652
978.4865540963	0.0302887057
979.4871794872	0.0154194061
980.4878048780	0.0311522653
981.4884302689	0.0353717995
982.4890556598	0.0296078004
983.4896810507	0.0326483906
984.4903064415	0.0386628297
985.4909318324	0.0367886291
986.4915572233	0.0268446272
987.4921826141	0.0210839695
988.4928080050	0.0314941044
989.4934333959	0.0317987869
990.4940587867	0.0341154082
991.4946841776	0.0271280735
992.4953095685	0.0264933008
993.4959349593	0.0333337083
994.4965603502	0.0312780364
995.4971857411	0.0442075268
996.4978111320	0.0520434498
997.4984365228	0.0498921801
998.4990619137	0.0584743152
999.4996873046	0.0470953070
1000.5003126954	0.0418983428
1001.5009380863	0.0544839174
1002.5015634772	0.0567333151
1003.5021888680	0.0470740802
1004.5028142589	0.0423008489
1005.5034396498	0.0535070437
1006.5040650407	0.0758179312
1007.5046904315	0.0921105801
1008.5053158224	0.0966630512
1009.5059412133	0.1046997255
1010.5065666041	0.1004152164
1011.5071919950	0.1032935071
1012.5078173859	0.1250142866
1013.5084427767	0.1538900747
1014.5090681676	0.1714737108
1015.5096935585	0.1755469070
1016.5103189493	0.1870844451
1017.5109443402	0.1964008428
1018.5115697311	0.2151170391
1019.5121951220	0.2099636216
1020.5128205128	0.2268801362
1021.5134459037	0.2579944656
1022.5140712946	0.2567805232
1023.5146966854	0.2765087596
1024.5153220763	0.2501549598
1025.5159474672	0.2406217933
1026.5165728580	0.2388533446
1027.5171982489	0.2307913772
1028.5178236398	0.2129879497
1029.5184490306	0.1946120665
1030.5190744215	0.1718898452
1031.5196998124	0.1348922918
1032.5203252033	0.1638061998
1033.5209505941	0.1510219360
1034.5215759850	0.1318505433
1035.5222013759	0.1293716088
1036.5228267667	0.1152165279
1037.5234521576	0.0999490668
1038.5240775485	0.1042989851
1039.5247029393	0.0984500538
1040.5253283302	0.0897345966
1041.5259537211	0.0928996256
1042.5265791119	0.0853623916
1043.5272045028	0.0747578844
1044.5278298937	0.0627949139
1045.5284552846	0.0599537492
1046.5290806754	0.0559393126
1047.5297060663	0.0474967275
1048.5303314572	0.0517739185
1049.5309568480	0.0404742574
1050.5315822389	0.0274521493
1051.5322076298	0.0316250892
1052.5328330206	0.0370933698
1053.5334584115	0.0415755941
1054.5340838024	0.0339188039
1055.5347091932	0.0313260455
1056.5353345841	0.0268657700
1057.5359599750	0.0356193638
1058.5365853659	0.0461696261
1059.5372107567	0.0349274285
1060.5378361476	0.0220910244
1061.5384615385	0.0204812732
1062.5390869293	0.0364608308
1063.5397123202	0.0351018049
1064.5403377111	0.0249213253
1065.5409631019	0.0293096960
1066.5415884928	0.0313153755
1067.5422138837	0.0234858736
1068.5428392745	0.0263582890
1069.5434646654	0.0381859614
1070.5440900563	0.0171657948
1071.5447154472	0.0251389667
1072.5453408380	0.0027559750
1073.5459662289	0.0349110019
1074.5465916198	0.0384450620
1075.5472170106	0.0313069062
1076.5478424015	0.0305322832
1077.5484677924	0.0311527935
1078.5490931832	0.0414681174
1079.5497185741	0.0526433730
1080.5503439650	0.0557004116
1081.5509693558	0.0405953703
1082.5515947467	0.0452187368
1083.5522201376	0.0563295052
1084.5528455285	0.0588469226
1085.5534709193	0.0539533614
1086.5540963102	0.0529107420
1087.5547217011	0.0568051073
1088.5553470919	0.0422532952
1089.5559724828	0.0549749353
1090.5565978737	0.0431625101
1091.5572232645	0.0478299699
1092.5578486554	0.0498409050
1093.5584740463	0.0550009212
1094.5590994371	0.0606019858
1095.5597248280	0.0521834816
1096.5603502189	0.0584935045
1097.5609756098	0.0671640972
1098.5616010006	0.0760940691
1099.5622263915	0.0729311977
1100.5628517824	0.0704008444
1101.5634771732	0.0809216363
1102.5641025641	0.0944406368
1103.5647279550	0.0945907514
1104.5653533458	0.0828555175
1105.5659787367	0.0818891571
1106.5666041276	0.0992832052
1107.5672295184	0.1063029074
1108.5678549093	0.1023633613
1109.5684803002	0.0933456770
1110.5691056911	0.0999206199
1111.5697310819	0.1050651692
1112.5703564728	0.1061389306
1113.5709818637	0.1139204510
1114.5716072545	0.1113853887
1115.5722326454	0.1214735673
1116.5728580363	0.1438667500
1117.5734834271	0.1535047915
1118.5741088180	0.1584662726
1119.5747342089	0.1684604510
1120.5753595997	0.1756019475
1121.5759849906	0.1825577772
1122.5766103815	0.1887384913
1123.5772357724	0.1915496356
1124.5778611632	0.1980183962
1125.5784865541	0.1984684188
1126.5791119450	0.2039038436
1127.5797373358	0.2161760299
1128.5803627267	0.2130951751
1129.5809881176	0.2074146411
1130.5816135084	0.2124364080
1131.5822388993	0.2167878231
1132.5828642902	0.2103123037
1133.5834896811	0.2123602325
1134.5841150719	0.2039695011
1135.5847404628	0.1907982765
1136.5853658537	0.1808409571
1137.5859912445	0.1671914041
1138.5866166354	0.1682634673
1139.5872420263	0.1801552575
1140.5878674171	0.1538134871
1141.5884928080	0.1450753313
1142.5891181989	0.1285367956
1143.5897435897	0.1252197528
1144.5903689806	0.1240902236
1145.5909943715	0.1157746472
1146.5916197624	0.1066568756
1147.5922451532	0.0843545313
1148.5928705441	0.0731390805
1149.5934959350	0.0630848355
1150.5941213258	0.0782361698
1151.5947467167	0.0592741133
1152.5953721076	0.0387434744
1153.5959974984	0.0343160116
1154.5966228893	0.0318087220
1155.5972482802	0.0166420075
1156.5978736710	-0.0007057234
1157.5984990619	-0.0073152662
1158.5991244528	-0.0095924757
1159.5997498437	-0.0060026460
1160.6003752345	-0.0145527846
1161.6010006254	-0.0164816362
1162.6016260163	-0.0128122357
1163.6022514071	-0.0132514455
1164.6028767980	-0.0141229217
1165.6035021889	-0.0208485053
1166.6041275797	-0.0308845675
1167.6047529706	-0.0126163699
1168.6053783615	-0.0112216476
1169.6060037523	-0.0117846814
1170.6066291432	-0.0022858010
1171.6072545341	-0.0097745879
1172.6078799250	-0.0182543048
1173.6085053158	-0.0228870010
1174.6091307067	-0.0147026832
1175.6097560976	0.0167889352
1176.6103814884	0.0133822061
1177.6110068793	-0.0079805031
1178.6116322702	-0.0013991229
1179.6122576610	0.0152802777
1180.6128830519	0.0218895137
1181.6135084428	0.0191385829
1182.6141338336	0.0263514573
1183.6147592245	0.0292694983
1184.6153846154	0.0317469277
1185.6160100063	0.0302462534
1186.6166353971	0.0322552845
1187.6172607880	0.0250552243
1188.6178861789	0.0335070220
1189.6185115697	0.0455457241
1190.6191369606	0.0467008635
1191.6197623515	0.0580171437
1192.6203877423	0.0655635514
1193.6210131332	0.0667395417
1194.6216385241	0.0515525060
1195.6222639149	0.0709256497
1196.6228893058	0.0771171068
1197.6235146967	0.0571652586
1198.6241400876	0.0563395813
1199.6247654784	0.0663368918
1200.6253908693	0.0576610750
1201.6260162602	0.0515104191
1202.6266416510	0.0700802533
1203.6272670419	0.0516981838
1204.6278924328	0.0639918173
1205.6285178236	0.0674804564
1206.6291432145	0.0563143067
1207.6297686054	0.0498430698
1208.6303939962	0.0559461457
1209.6310193871	0.0685590921
1210.6316447780	0.0790118252
1211.6322701689	0.0823776754
1212.6328955597	0.0750034229
1213.6335209506	0.0676035516
1214.6341463415	0.0744416060
1215.6347717323	0.0694618544
1216.6353971232	0.0625851982
1217.6360225141	0.0717154520
1218.6366479049	0.0658318476
1219.6372732958	0.0549670537
1220.6378986867	0.0604458188
1221.6385240775	0.0640927087
1222.6391494684	0.0643450394
1223.6397748593	0.0646775330
1224.6404002502	0.0700053216
1225.6410256410	0.0615336135
1226.6416510319	0.0727951437
1227.6422764228	0.0813921802
1228.6429018136	0.0820874871
1229.6435272045	0.0682621555
1230.6441525954	0.0582024027
1231.6447779862	0.0630367462
1232.6454033771	0.0725307797
1233.6460287680	0.0868341011
1234.6466541588	0.0921841960
1235.6472795497	0.0920061786
1236.6479049406	0.0915631419
1237.6485303315	0.0853283803
1238.6491557223	0.0584245747
1239.6497811132	0.0352272711
1240.6504065041	0.0134605167
1241.6510318949	-0.0066108061
1242.6516572858	-0.0098000246
1243.6522826767	-0.0170490889
1244.6529080675	-0.0124916763
1245.6535334584	-0.0112564362
1246.6541588493	-0.0178180428
1247.6547842402	-0.0203806249
1248.6554096310	-0.0237597516
1249.6560350219	-0.0216718359
1250.6566604128	-0.0004019990
1251.6572858036	0.0022079431
1252.6579111945	0.0043927563
1253.6585365854	0.0045019829
1254.6591619762	0.0139570778
1255.6597873671	0.0129809143
1256.6604127580	0.0202928588
1257.6610381488	0.0201158031
1258.6616635397	0.0192919228
1259.6622889306	0.0354620423
1260.6629143215	0.0502501829
1261.6635397123	0.0507714798
1262.6641651032	0.0279409295
1263.6647904941	0.0268679446
1264.6654158849	0.0538924175
1265.6660412758	0.0651514353
1266.6666666667	0.0717265529
1267.6672920575	0.0807976722
1268.6679174484	0.0948810692
1269.6685428393	0.1014811449
1270.6691682301	0.0970420136
1271.6697936210	0.0968870373
1272.6704190119	0.1018745717
1273.6710444028	0.0956061461
1274.6716697936	0.0908830202
1275.6722951845	0.0901443810
1276.6729205754	0.0892785004
1277.6735459662	0.0997147941
1278.6741713571	0.0900727727
1279.6747967480	0.0871535648
1280.6754221388	0.0830300196
1281.6760475297	0.0693534445
1282.6766729206	0.0732941904
1283.6772983114	0.0824572839
1284.6779237023	0.0786224638
1285.6785490932	0.0782930031
1286.6791744841	0.0728267271
1287.6797998749	0.0837037515
1288.6804252658	0.0807743301
1289.6810506567	0.0787691348
1290.6816760475	0.0725076520
1291.6823014384	0.0713361367
1292.6829268293	0.0695271165
1293.6835522201	0.0658096113
1294.6841776110	0.0700221311
1295.6848030019	0.0747857086
1296.6854283927	0.0664871211
1297.6860537836	0.0605557407
1298.6866791745	0.0688080460
1299.6873045654	0.0775688818
1300.6879299562	0.0830245253
1301.6885553471	0.0791098173
1302.6891807380	0.0745916263
1303.6898061288	0.0775780147
1304.6904315197	0.0889842502
1305.6910569106	0.0624033610
1306.6916823014	0.0561657145
1307.6923076923	0.0610803847
1308.6929330832	0.0607428652
1309.6935584740	0.0522356959
1310.6941838649	0.0505668102
1311.6948092558	0.0610979283
1312.6954346467	0.0654451437
1313.6960600375	0.0577939014
1314.6966854284	0.0439695792
1315.6973108193	0.0289998218
1316.6979362101	0.0469751847
1317.6985616010	0.0588538359
1318.6991869919	0.0565735193
1319.6998123827	0.0492386025
1320.7004377736	0.0551151115
1321.7010631645	0.0665602959
1322.7016885553	0.0732558553
1323.7023139462	0.0698550868
1324.7029393371	0.0532309939
1325.7035647280	0.0467499080
1326.7041901188	0.0726508040
1327.7048155097	0.0642199797
1328.7054409006	0.0862249489
1329.7060662914	0.0828601047
1330.7066916823	0.0932958162
1331.7073170732	0.0994418197
1332.7079424640	0.0998854211
1333.7085678549	0.1017352379
1334.7091932458	0.1074689468
1335.7098186366	0.1163409853
1336.7104440275	0.1194038079
1337.7110694184	0.1195514916
1338.7116948093	0.1654514781
1339.7123202001	0.1761327186
1340.7129455910	0.1784099295
1341.7135709819	0.1855210916
1342.7141963727	0.1874507605
1343.7148217636	0.1966139852
1344.7154471545	0.2132155064
1345.7160725453	0.2149354571
1346.7166979362	0.2005769023
1347.7173233271	0.2028127158
1348.7179487179	0.2357379540
1349.7185741088	0.2703874723
1350.7191994997	0.2657832092
1351.7198248906	0.2592555600
1352.7204502814	0.2677934494
1353.7210756723	0.2652843852
1354.7217010632	0.2607793255
1355.7223264540	0.2576813023
1356.7229518449	0.2515603926
1357.7235772358	0.2383815665
1358.7242026266	0.2268788506
1359.7248280175	0.2207529825
1360.7254534084	0.2262158676
1361.7260787992	0.2312157709
1362.7267041901	0.2312402429
1363.7273295810	0.2228443336
1364.7279549719	0.2135899907
1365.7285803627	0.2091711214
1366.7292057536	0.1964141790
1367.7298311445	0.1868058225
1368.7304565353	0.1903847199
1369.7310819262	0.1884141323
1370.7317073171	0.1985049869
1371.7323327079	0.1815960574
1372.7329580988	0.1931893033
1373.7335834897	0.2161625555
1374.7342088806	0.2185513225
1375.7348342714	0.2176208692
1376.7354596623	0.2166958147
1377.7360850532	0.2158550904
1378.7367104440	0.2114275432
1379.7373358349	0.2024394449
1380.7379612258	0.2085474937
1381.7385866166	0.2056640033
1382.7392120075	0.1838819644
1383.7398373984	0.1711296286
1384.7404627892	0.1678315305
1385.7410881801	0.1631241367
1386.7417135710	0.1509492355
1387.7423389619	0.1221590236
1388.7429643527	0.1011636151
1389.7435897436	0.0920716947
1390.7442151345	0.0776822586
1391.7448405253	0.0511715297
1392.7454659162	0.0303040856
1393.7460913071	0.0478397974
1394.7467166979	0.0222357363
1395.7473420888	0.0550319284
1396.7479674797	0.0522256081
1397.7485928705	0.0470014854
1398.7492182614	0.0551333555
1399.7498436523	0.0583004959
1400.7504690432	0.0630930639
1401.7510944340	0.0650552055
1402.7517198249	0.0551350461
1403.7523452158	0.0525118245
1404.7529706066	0.0677982785
1405.7535959975	0.0647232927
1406.7542213884	0.0548355555
1407.7548467792	0.0557220833
1408.7554721701	0.0390061494
1409.7560975610	0.0442516921
1410.7567229518	0.0497882967
1411.7573483427	0.0697327832
1412.7579737336	0.0775573131
1413.7585991245	0.0809212500
1414.7592245153	0.1046006983
1415.7598499062	0.1340765270
1416.7604752971	0.1487647472
1417.7611006879	0.1551041877
1418.7617260788	0.1571234689
1419.7623514697	0.1708244700
1420.7629768605	0.1875451648
1421.7636022514	0.2022317837
1422.7642276423	0.2174113959
1423.7648530331	0.2436182540
1424.7654784240	0.2778200006
1425.7661038149	0.2947281739
1426.7667292058	0.3085518595
1427.7673545966	0.3396988705
1428.7679799875	0.3791697981
1429.7686053784	0.4017684371
1430.7692307692	0.4263942122
1431.7698561601	0.4447641837
1432.7704815510	0.4614255329
1433.7711069418	0.4745949368
1434.7717323327	0.4967797397
1435.7723577236	0.5149439699
1436.7729831144	0.5318147886
1437.7736085053	0.5542828283
1438.7742338962	0.5715258953
1439.7748592871	0.5673615934
1440.7754846779	0.5550098520
1441.7761100688	0.5615160061
1442.7767354597	0.5448181941
1443.7773608505	0.5064319385
1444.7779862414	0.5076784387
1445.7786116323	0.4932986109
1446.7792370231	0.4760239261
1447.7798624140	0.4503999630
1448.7804878049	0.4325774252
1449.7811131957	0.3970089812
1450.7817385866	0.3581689997
1451.7823639775	0.3328160505
1452.7829893684	0.3027239547
1453.7836147592	0.2620884263
1454.7842401501	0.2423686156
1455.7848655410	0.2385299073
1456.7854909318	0.1950501361
1457.7861163227	0.1883804568
1458.7867417136	0.1585471007
1459.7873671044	0.1464947567
1460.7879924953	0.1433808228
1461.7886178862	0.1291575591
1462.7892432770	0.1245859962
1463.7898686679	0.1048457677
1464.7904940588	0.0930077681
1465.7911194497	0.0964427949
1466.7917448405	0.0976078839
1467.7923702314	0.0901576390
1468.7929956223	0.0755493598
1469.7936210131	0.0517124973
1470.7942464040	0.0335890803
1471.7948717949	0.0537703361
1472.7954971857	0.0504264342
1473.7961225766	0.0503007774
1474.7967479675	0.0517642388
1475.7973733583	0.0440408975
1476.7979987492	0.0623265028
1477.7986241401	0.0804409069
1478.7992495310	0.0747217603
1479.7998749218	0.0638779980
1480.8005003127	0.0649977246
1481.8011257036	0.0632568347
1482.8017510944	0.0479163090
1483.8023764853	0.0508552659
1484.8030018762	0.0440024900
1485.8036272670	0.0193732458
1486.8042526579	0.0164552888
1487.8048780488	0.0256813849
1488.8055034396	0.0148262867
1489.8061288305	-0.0075985956
1490.8067542214	-0.0076391247
1491.8073796123	-0.0034748549
1492.8080050031	-0.0120364604
1493.8086303940	-0.0041117999
1494.8092557849	0.0205427248
1495.8098811757	0.0233315865
1496.8105065666	0.0153573976
1497.8111319575	0.0129588937
1498.8117573483	0.0302396756
1499.8123827392	0.0200737770
1500.8130081301	0.0105595102
1501.8136335210	0.0093042424
1502.8142589118	0.0112766996
1503.8148843027	0.0133179572
1504.8155096936	0.0249640819
1505.8161350844	0.0334474518
1506.8167604753	0.0421397275
1507.8173858662	0.0444676325
1508.8180112570	0.0377640828
1509.8186366479	0.0288048368
1510.8192620388	0.0020453115
1511.8198874296	0.0130618481
1512.8205128205	0.0077293803
1513.8211382114	0.0035073773
1514.8217636023	0.0149783137
1515.8223889931	0.0108163395
1516.8230143840	-0.0060967287
1517.8236397749	0.0181189973
1518.8242651657	0.0369057453
1519.8248905566	0.0312934957
1520.8255159475	0.0277373091
1521.8261413383	0.0302284415
1522.8267667292	0.0182618027
1523.8273921201	0.0086570489
1524.8280175109	0.0028940413
1525.8286429018	-0.0200305612
1526.8292682927	-0.0237990978
1527.8298936836	-0.0347953681
1528.8305190744	-0.0233963408
1529.8311444653	-0.0067000279
1530.8317698562	0.0043194469
1531.8323952470	0.0154093521
1532.8330206379	0.0232143436
1533.8336460288	0.0273550755
1534.8342714196	0.0291473420
1535.8348968105	0.0341603097
1536.8355222014	0.0384293383
1537.8361475922	0.0282285945
1538.8367729831	0.0161166908
1539.8373983740	0.0138445321
1540.8380237649	0.0368715595
1541.8386491557	0.0520607592
1542.8392745466	0.0396636942
1543.8398999375	0.0308039676
1544.8405253283	0.0180424600
1545.8411507192	-0.0001863957
1546.8417761101	-0.0094611324
1547.8424015009	-0.0202162863
1548.8430268918	-0.0309632873
1549.8436522827	-0.0218135553
1550.8442776735	-0.0054517004
1551.8449030644	0.0022661362
1552.8455284553	0.0145611427
1553.8461538462	0.0347159142
1554.8467792370	0.0472216218
1555.8474046279	0.0477616934
1556.8480300188	0.0356731726
1557.8486554096	0.0315867993
1558.8492808005	0.0374630934
1559.8499061914	0.0251155712
1560.8505315822	0.0180491580
1561.8511569731	-0.0004401704
1562.8517823640	0.0151179316
1563.8524077548	0.0098155864
1564.8530331457	-0.0151235054
1565.8536585366	-0.0135975142
1566.8542839275	-0.0014967966
1567.8549093183	0.0055931853
1568.8555347092	-0.0038755977
1569.8561601001	-0.0120498224
1570.8567854909	0.0001063935
1571.8574108818	0.0097953044
1572.8580362727	0.0015977400
1573.8586616635	0.0026596311
1574.8592870544	0.0173565651
1575.8599124453	0.0428515179
1576.8605378361	0.0438764577
1577.8611632270	0.0616214531
1578.8617886179	0.0811594340
1579.8624140088	0.0695167780
1580.8630393996	0.0811752108
1581.8636647905	0.0793001979
1582.8642901814	0.0722292688
1583.8649155722	0.0717609464
1584.8655409631	0.0677815909
1585.8661663540	0.0590239955
1586.8667917448	0.0629993562
1587.8674171357	0.0705112839
1588.8680425266	0.0652538552
1589.8686679174	0.0614427460
1590.8692933083	0.0528202341
1591.8699186992	0.0192929800
1592.8705440901	-0.0053457124
1593.8711694809	-0.0131526096
1594.8717948718	-0.0097463351
1595.8724202627	-0.0046052387
1596.8730456535	-0.0022952451
1597.8736710444	0.0132263824
1598.8742964353	0.0354985177
1599.8749218261	0.0508073578
1600.8755472170	0.0614130507
1601.8761726079	0.0703427161
1602.8767979987	0.0716384928
1603.8774233896	0.0666260918
1604.8780487805	0.0566233990
1605.8786741714	0.0500914917
1606.8792995622	0.0505725977
1607.8799249531	0.0517334718
1608.8805503440	0.0532271834
1609.8811757348	0.0465244233
1610.8818011257	0.0592823247
1611.8824265166	0.0574807506
1612.8830519074	0.0474524100
1613.8836772983	0.0410638022
1614.8843026892	0.0313876271
1615.8849280801	0.0287287606
1616.8855534709	0.0431424921
1617.8861788618	0.0415459596
1618.8868042527	0.0397928692
1619.8874296435	0.0402434085
1620.8880550344	0.0295318699
1621.8886804253	-0.0029251736
1622.8893058161	-0.0208867132
1623.8899312070	0.0060265322
1624.8905565979	0.0314070200
1625.8911819887	0.0300585543
1626.8918073796	0.0342431839
1627.8924327705	0.0359996748
1628.8930581614	0.0400773096
1629.8936835522	0.0211458841
1630.8943089431	0.0150946842
1631.8949343340	0.0364287133
1632.8955597248	0.0174448623
1633.8961851157	0.0379745703
1634.8968105066	0.0615336786
1635.8974358974	0.0485508503
1636.8980612883	0.0507534651
1637.8986866792	0.0462336078
1638.8993120700	0.0402561329
1639.8999374609	0.0254076571
1640.9005628518	0.0202150602
1641.9011882427	0.0230209305
1642.9018136335	0.0312929683
1643.9024390244	0.0311566297
1644.9030644153	0.0315359137
1645.9036898061	0.0330709718
1646.9043151970	0.0112071740
1647.9049405879	-0.0061565571
1648.9055659787	0.0067435610
1649.9061913696	0.0126670502
1650.9068167605	0.0256927065
1651.9074421513	0.0234358149
1652.9080675422	0.0233688961
1653.9086929331	0.0312853860
1654.9093183240	0.0344690387
1655.9099437148	0.0440354952
1656.9105691057	0.0289491702
1657.9111944966	0.0497891991
1658.9118198874	0.0529598851
1659.9124452783	0.0422626692
1660.9130706692	0.0450276826
1661.9136960600	0.0409087442
1662.9143214509	0.0388984393
1663.9149468418	0.0413054923
1664.9155722326	0.0373125265
1665.9161976235	0.0324239660
1666.9168230144	0.0357123213
1667.9174484053	0.0428481448
1668.9180737961	0.0394212000
1669.9186991870	0.0261211221
1670.9193245779	0.0112285390
1671.9199499687	0.0088580549
1672.9205753596	0.0191426616
1673.9212007505	0.0210433089
1674.9218261413	0.0254952575
1675.9224515322	0.0104827768
1676.9230769231	0.0101813732
1677.9237023139	0.0380803472
1678.9243277048	0.0516308693
1679.9249530957	0.0681285838
1680.9255784866	0.0704939504
1681.9262038774	0.0668235179
1682.9268292683	0.0647879702
1683.9274546592	0.0660654637
1684.9280800500	0.0668103882
1685.9287054409	0.0536269352
1686.9293308318	0.0513048844
1687.9299562226	0.0639026914
1688.9305816135	0.0628023679
1689.9312070044	0.0569213736
1690.9318323952	0.0476365154
1691.9324577861	0.0275542034
1692.9330831770	0.0351649720
1693.9337085679	0.0442233729
1694.9343339587	0.0629720025
1695.9349593496	0.0600934210
1696.9355847405	0.0751457511
1697.9362101313	0.0726645751
1698.9368355222	0.0873405834
1699.9374609131	0.0716653209
1700.9380863039	0.1016752828
1701.9387116948	0.0856203894
1702.9393370857	0.0967235080
1703.9399624765	0.1120123547
1704.9405878674	0.1091700779
1705.9412132583	0.1215536675
1706.9418386492	0.1188785593
1707.9424640400	0.1115667120
1708.9430894309	0.1294642858
1709.9437148218	0.1306235634
1710.9443402126	0.1093896100
1711.9449656035	0.1111779280
1712.9455909944	0.1242659243
1713.9462163852	0.1244345836
1714.9468417761	0.1325269091
1715.9474671670	0.1519223525
1716.9480925578	0.1687867403
1717.9487179487	0.1865471422
1718.9493433396	0.2008018785
1719.9499687305	0.2191463817
1720.9505941213	0.2532645900
1721.9512195122	0.2909253432
1722.9518449031	0.3434567218
1723.9524702939	0.3963806513
1724.9530956848	0.4364905029
1725.9537210757	0.4678156404
1726.9543464665	0.5088193649
1727.9549718574	0.5339889682
1728.9555972483	0.5335503406
1729.9562226391	0.5598081198
1730.9568480300	0.5894247152
1731.9574734209	0.6189714669
1732.9580988118	0.6172692398
1733.9587242026	0.6026669051
1734.9593495935	0.5967518926
1735.9599749844	0.5928524245
1736.9606003752	0.5736952119
1737.9612257661	0.5537476493
1738.9618511570	0.5254574151
1739.9624765478	0.4937518441
1740.9631019387	0.4717377465
1741.9637273296	0.4397027325
1742.9643527205	0.4162177621
1743.9649781113	0.3972644699
1744.9656035022	0.3647658132
1745.9662288931	0.3540378352
1746.9668542839	0.3171813348
1747.9674796748	0.2848883506
1748.9681050657	0.2777904221
1749.9687304565	0.2518632085
1750.9693558474	0.2144810320
1751.9699812383	0.1846410328
1752.9706066291	0.1776185337
1753.9712320200	0.1554175072
1754.9718574109	0.1086978217
1755.9724828018	0.1307134419
1756.9731081926	0.1033681694
1757.9737335835	0.0597838829
1758.9743589744	0.0645498293
1759.9749843652	0.0727698710
1760.9756097561	0.0471747568
1761.9762351470	0.0576968019
1762.9768605378	0.0582542376
1763.9774859287	0.0471602833
1764.9781113196	0.0298124962
1765.9787367104	0.0456465142
1766.9793621013	0.0485973920
1767.9799874922	0.0470952217
1768.9806128831	0.0354448539
1769.9812382739	0.0283683164
1770.9818636648	0.0342637951
1771.9824890557	0.0208501563
1772.9831144465	0.0004800544
1773.9837398374	-0.0004068830
1774.9843652283	0.0003285541
1775.9849906191	-0.0089240549
1776.9856160100	-0.0153019365
1777.9862414009	-0.0136841807
1778.9868667917	-0.0126705150
1779.9874921826	-0.0143753023
1780.9881175735	-0.0128617033
1781.9887429644	-0.0029316588
1782.9893683552	0.0129686402
1783.9899937461	0.0116633622
1784.9906191370	0.0012286664
1785.9912445278	0.0041561441
1786.9918699187	0.0046273265
1787.9924953096	0.0038766382
1788.9931207004	0.0083746414
1789.9937460913	0.0100533084
1790.9943714822	0.0059952879
1791.9949968730	0.0026815055
1792.9956222639	0.0126987662
1793.9962476548	0.0107800737
1794.9968730457	0.0024222001
1795.9974984365	0.0033288111
1796.9981238274	-0.0015714445
1797.9987492183	-0.0151321850
1798.9993746091	-0.0007734424
1800.0000000000	0.0012887263
