200.0000000000	0.0514618108
201.0006253909	0.0477317441
202.0012507817	0.0454864321
203.0018761726	0.0464112715
204.0025015635	0.0435321994
205.0031269543	0.0363562597
206.0037523452	0.0313349441
207.0043777361	0.0303347747
208.0050031270	0.0269184683
209.0056285178	0.0314984365
210.0062539087	0.0336110199
211.0068792996	0.0412303473
212.0075046904	0.0423701121
213.0081300813	0.0358445844
214.0087554722	0.0310853083
215.0093808630	0.0324539857
216.0100062539	0.0299191916
217.0106316448	0.0280188158
218.0112570356	0.0299323651
219.0118824265	0.0320337418
220.0125078174	0.0306925794
221.0131332083	0.0326335714
222.0137585991	0.0358550689
223.0143839900	0.0311850752
224.0150093809	0.0305135258
225.0156347717	0.0317309369
226.0162601626	0.0311475692
227.0168855535	0.0370263578
228.0175109443	0.0469046026
229.0181363352	0.0491924064
230.0187617261	0.0422395080
231.0193871169	0.0335631878
232.0200125078	0.0284710791
233.0206378987	0.0461511339
234.0212632896	0.0497905503
235.0218886804	0.0483357241
236.0225140713	0.0465282199
237.0231394622	0.0472179409
238.0237648530	0.0500197632
239.0243902439	0.0508358365
240.0250156348	0.0467377104
241.0256410256	0.0482909364
242.0262664165	0.0536063287
243.0268918074	0.0618629835
244.0275171982	0.0533767307
245.0281425891	0.0532372336
246.0287679800	0.0537311789
247.0293933709	0.0474576381
248.0300187617	0.0456120567
249.0306441526	0.0429620109
250.0312695435	0.0297873449
251.0318949343	0.0313520138
252.0325203252	0.0442182560
253.0331457161	0.0400742414
254.0337711069	0.0357693512
255.0343964978	0.0415831628
256.0350218887	0.0485388578
257.0356472795	0.0533817119
258.0362726704	0.0489449131
259.0368980613	0.0486027285
260.0375234522	0.0459082170
261.0381488430	0.0440017952
262.0387742339	0.0448083511
263.0393996248	0.0399714899
264.0400250156	0.0270293102
265.0406504065	0.0211734511
266.0412757974	0.0328409405
267.0419011882	0.0348850024
268.0425265791	0.0398235257
269.0431519700	0.0374127661
270.0437773609	0.0383065067
271.0444027517	0.0389836011
272.0450281426	0.0354954889
273.0456535335	0.0336901121
274.0462789243	0.0364877093
275.0469043152	0.0326445552
276.0475297061	0.0258371424
277.0481550969	0.0247895096
278.0487804878	0.0350456753
279.0494058787	0.0322123522
280.0500312695	0.0230298551
281.0506566604	0.0294016607
282.0512820513	0.0325088461
283.0519074422	0.0359684267
284.0525328330	0.0350675918
285.0531582239	0.0364240375
286.0537836148	0.0422649514
287.0544090056	0.0462626913
288.0550343965	0.0438726945
289.0556597874	0.0392522148
290.0562851782	0.0413425582
291.0569105691	0.0453113165
292.0575359600	0.0497682232
293.0581613508	0.0362776331
294.0587867417	0.0348835061
295.0594121326	0.0364201702
296.0600375235	0.0354787208
297.0606629143	0.0350244097
298.0612883052	0.0370403803
299.0619136961	0.0342376032
300.0625390869	0.0277683774
301.0631644778	0.0406685545
302.0637898687	0.0401670684
303.0644152595	0.0310708067
304.0650406504	0.0234386807
305.0656660413	0.0274620803
306.0662914321	0.0386980659
307.0669168230	0.0321531737
308.0675422139	0.0227440901
309.0681676048	0.0254919075
310.0687929956	0.0267590716
311.0694183865	0.0222456431
312.0700437774	0.0177407053
313.0706691682	0.0171086022
314.0712945591	0.0171556925
315.0719199500	0.0129574219
316.0725453408	0.0131465371
317.0731707317	0.0014080504
318.0737961226	0.0098865212
319.0744215134	0.0061333610
320.0750469043	-0.0007015855
321.0756722952	0.0006127877
322.0762976861	0.0056293781
323.0769230769	0.0007410332
324.0775484678	-0.0118069626
325.0781738587	-0.0115887483
326.0787992495	-0.0008472446
327.0794246404	-0.0008105331
328.0800500313	-0.0042730229
329.0806754221	-0.0127464888
330.0813008130	-0.0165846716
331.0819262039	-0.0105128250
332.0825515947	-0.0177241531
333.0831769856	-0.0143008125
334.0838023765	-0.0126438537
335.0844277674	-0.0136270141
336.0850531582	-0.0060061869
337.0856785491	0.0020638709
338.0863039400	0.0021755675
339.0869293308	-0.0010625471
340.0875547217	0.0053446446
341.0881801126	0.0148166670
342.0888055034	0.0314159991
343.0894308943	0.0379878999
344.0900562852	0.0442101466
345.0906816760	0.0478846336
346.0913070669	0.0575816469
347.0919324578	0.0706206687
348.0925578487	0.0730515804
349.0931832395	0.0769049930
350.0938086304	0.0902822388
351.0944340213	0.1007788636
352.0950594121	0.1050705090
353.0956848030	0.1143542275
354.0963101939	0.1328059237
355.0969355847	0.1441980860
356.0975609756	0.1441280709
357.0981863665	0.1668296804
358.0988117573	0.1576481719
359.0994371482	0.1844234055
360.1000625391	0.1937464969
361.1006879300	0.2066643523
362.1013133208	0.2221395367
363.1019387117	0.2307498693
364.1025641026	0.2304256322
365.1031894934	0.2300525298
366.1038148843	0.2330866172
367.1044402752	0.2320843551
368.1050656660	0.2325433458
369.1056910569	0.2274184795
370.1063164478	0.2326225593
371.1069418386	0.2340382090
372.1075672295	0.2279968222
373.1081926204	0.2275348592
374.1088180113	0.2046117018
375.1094434021	0.1958341993
376.1100687930	0.1861672441
377.1106941839	0.1877420360
378.1113195747	0.1903657247
379.1119449656	0.1878265796
380.1125703565	0.1821337620
381.1131957473	0.1768667839
382.1138211382	0.1697130135
383.1144465291	0.1653503587
384.1150719199	0.1532036898
385.1156973108	0.1663581099
386.1163227017	0.1662659504
387.1169480926	0.1622800937
388.1175734834	0.1627707247
389.1181988743	0.1648594859
390.1188242652	0.1667152721
391.1194496560	0.1699114365
392.1200750469	0.1758780834
393.1207004378	0.1784155373
394.1213258286	0.1718957412
395.1219512195	0.1666168207
396.1225766104	0.1743195371
397.1232020013	0.1858156281
398.1238273921	0.1803983000
399.1244527830	0.1700429153
400.1250781739	0.1727029761
401.1257035647	0.1709308760
402.1263289556	0.1685491611
403.1269543465	0.1665585940
404.1275797373	0.1603286226
405.1282051282	0.1512872149
406.1288305191	0.1448264574
407.1294559099	0.1397856793
408.1300813008	0.1395463959
409.1307066917	0.1393183741
410.1313320826	0.1276564734
411.1319574734	0.1113688888
412.1325828643	0.1046379937
413.1332082552	0.1047303839
414.1338336460	0.1039741285
415.1344590369	0.1055782250
416.1350844278	0.1044176794
417.1357098186	0.1052840053
418.1363352095	0.0916512388
419.1369606004	0.0797146511
420.1375859912	0.0742460440
421.1382113821	0.0728386145
422.1388367730	0.0709039584
423.1394621639	0.0671720593
424.1400875547	0.0668222358
425.1407129456	0.0668154506
426.1413383365	0.0576475232
427.1419637273	0.0501796411
428.1425891182	0.0487399232
429.1432145091	0.0501181689
430.1438398999	0.0433183282
431.1444652908	0.0310589746
432.1450906817	0.0425935217
433.1457160725	0.0447368742
434.1463414634	0.0411626919
435.1469668543	0.0285610532
436.1475922452	0.0231860200
437.1482176360	0.0220666989
438.1488430269	0.0220797693
439.1494684178	0.0242858826
440.1500938086	0.0275677773
441.1507191995	0.0229766103
442.1513445904	0.0131662300
443.1519699812	0.0148895856
444.1525953721	0.0161385984
445.1532207630	0.0144148667
446.1538461538	0.0145181211
447.1544715447	0.0152885740
448.1550969356	0.0138341298
449.1557223265	0.0273721270
450.1563477173	0.0178422631
451.1569731082	-0.0007813854
452.1575984991	0.0059820521
453.1582238899	0.0164222580
454.1588492808	0.0153399411
455.1594746717	0.0059096585
456.1601000625	0.0011791470
457.1607254534	0.0071799062
458.1613508443	0.0146017543
459.1619762351	0.0093737727
460.1626016260	0.0013926597
461.1632270169	-0.0030338436
462.1638524078	0.0024685873
463.1644777986	0.0088265995
464.1651031895	0.0061159245
465.1657285804	0.0026544168
466.1663539712	0.0145965813
467.1669793621	0.0128548320
468.1676047530	0.0161117240
469.1682301438	0.0140334107
470.1688555347	0.0063777191
471.1694809256	0.0024199119
472.1701063164	0.0054795265
473.1707317073	0.0085646902
474.1713570982	0.0102340249
475.1719824891	0.0149487886
476.1726078799	0.0015237532
477.1732332708	0.0042670360
478.1738586617	0.0078830956
479.1744840525	0.0029182312
480.1751094434	0.0010387298
481.1757348343	0.0113493267
482.1763602251	0.0107972279
483.1769856160	0.0018996311
484.1776110069	0.0088878343
485.1782363977	0.0003372109
486.1788617886	-0.0026416248
487.1794871795	0.0009096162
488.1801125704	0.0012068721
489.1807379612	-0.0041105674
490.1813633521	-0.0040761450
491.1819887430	0.0016850176
492.1826141338	-0.0011562154
493.1832395247	0.0018042418
494.1838649156	0.0027857986
495.1844903064	0.0026391742
496.1851156973	0.0015679572
497.1857410882	-0.0022271275
498.1863664790	-0.0064563346
499.1869918699	0.0019228586
500.1876172608	0.0000612133
501.1882426517	-0.0052001117
502.1888680425	-0.0009973822
503.1894934334	0.0000319612
504.1901188243	0.0035770703
505.1907442151	0.0128008696
506.1913696060	0.0191598449
507.1919949969	0.0150003763
508.1926203877	0.0088103148
509.1932457786	0.0106936044
510.1938711695	0.0166752769
511.1944965604	0.0206819770
512.1951219512	0.0159626566
513.1957473421	0.0132613900
514.1963727330	0.0210694750
515.1969981238	0.0252794463
516.1976235147	0.0169673226
517.1982489056	0.0117337147
518.1988742964	0.0195082284
519.1994996873	0.0200102552
520.2001250782	0.0138853631
521.2007504690	0.0135560488
522.2013758599	0.0195739901
523.2020012508	0.0184440754
524.2026266417	0.0122885149
525.2032520325	0.0067196364
526.2038774234	0.0080305404
527.2045028143	0.0111981576
528.2051282051	0.0083598136
529.2057535960	0.0035215116
530.2063789869	0.0034392808
531.2070043777	0.0083525287
532.2076297686	0.0088236434
533.2082551595	-0.0131577896
534.2088805503	-0.0013820067
535.2095059412	-0.0083545026
536.2101313321	-0.0146890645
537.2107567230	-0.0087318251
538.2113821138	-0.0039094365
539.2120075047	-0.0081698008
540.2126328956	-0.0044222957
541.2132582864	-0.0104726859
542.2138836773	-0.0100993046
543.2145090682	-0.0052304668
544.2151344590	-0.0019332747
545.2157598499	0.0002041712
546.2163852408	-0.0006437164
547.2170106316	-0.0060419195
548.2176360225	-0.0115169104
549.2182614134	-0.0050987274
550.2188868043	0.0050900640
551.2195121951	0.0034467318
552.2201375860	0.0085983724
553.2207629769	0.0018658410
554.2213883677	-0.0042882618
555.2220137586	-0.0007195205
556.2226391495	0.0030482407
557.2232645403	-0.0007246041
558.2238899312	0.0046000462
559.2245153221	0.0006001345
560.2251407129	0.0005233615
561.2257661038	-0.0002999182
562.2263914947	-0.0016778162
563.2270168856	-0.0008381235
564.2276422764	0.0011917257
565.2282676673	-0.0004267034
566.2288930582	0.0021610152
567.2295184490	0.0126509827
568.2301438399	0.0144689693
569.2307692308	0.0145716507
570.2313946216	0.0157404189
571.2320200125	0.0193967921
572.2326454034	0.0180883978
573.2332707942	0.0062469082
574.2338961851	0.0106797954
575.2345215760	0.0208581698
576.2351469669	0.0295983931
577.2357723577	0.0254101979
578.2363977486	0.0203892951
579.2370231395	0.0235447415
580.2376485303	0.0311541199
581.2382739212	0.0344671553
582.2388993121	0.0352211107
583.2395247029	0.0399491646
584.2401500938	0.0432303913
585.2407754847	0.0429321861
586.2414008755	0.0462372197
587.2420262664	0.0521161088
588.2426516573	0.0557664375
589.2432770482	0.0564423789
590.2439024390	0.0589919068
591.2445278299	0.0596919531
592.2451532208	0.0543665536
593.2457786116	0.0595371952
594.2464040025	0.0658779970
595.2470293934	0.0697666737
596.2476547842	0.0743413334
597.2482801751	0.0804071278
598.2489055660	0.0843927700
599.2495309568	0.0898049856
600.2501563477	0.1011954781
601.2507817386	0.1014913726
602.2514071295	0.1068187877
603.2520325203	0.1148217114
604.2526579112	0.1279654260
605.2532833021	0.1419754862
606.2539086929	0.1495705020
607.2545340838	0.1568237515
608.2551594747	0.1685411853
609.2557848655	0.1802351974
610.2564102564	0.1941140756
611.2570356473	0.2008850386
612.2576610381	0.1982321341
613.2582864290	0.2012977826
614.2589118199	0.2189017411
615.2595372108	0.2353224286
616.2601626016	0.2505469433
617.2607879925	0.2817675104
618.2614133834	0.3085889258
619.2620387742	0.3310987187
620.2626641651	0.3778999261
621.2632895560	0.4313589218
622.2639149468	0.4799843966
623.2645403377	0.5437825967
624.2651657286	0.6056028899
625.2657911194	0.6959643787
626.2664165103	0.7684607895
627.2670419012	0.8187473097
628.2676672921	0.8551529694
629.2682926829	0.8784511357
630.2689180738	0.8872464616
631.2695434647	0.8839163328
632.2701688555	0.8730607732
633.2707942464	0.8460737402
634.2714196373	0.8038359244
635.2720450281	0.7695866205
636.2726704190	0.7331243852
637.2732958099	0.6838600530
638.2739212008	0.6410678410
639.2745465916	0.6155905347
640.2751719825	0.5770594885
641.2757973734	0.5302126109
642.2764227642	0.4917928546
643.2770481551	0.4454575244
644.2776735460	0.4056923972
645.2782989368	0.3659528545
646.2789243277	0.3285868558
647.2795497186	0.2972119005
648.2801751094	0.2694341234
649.2808005003	0.2481974392
650.2814258912	0.2171363515
651.2820512821	0.2118379437
652.2826766729	0.2147884133
653.2833020638	0.2146936398
654.2839274547	0.2169614901
655.2845528455	0.2244231715
656.2851782364	0.2300937341
657.2858036273	0.2279931651
658.2864290181	0.2235288316
659.2870544090	0.2139400334
660.2876797999	0.2058737994
661.2883051907	0.2053714546
662.2889305816	0.2023277943
663.2895559725	0.1919407151
664.2901813634	0.1811239088
665.2908067542	0.1778783169
666.2914321451	0.1695816762
667.2920575360	0.1560626435
668.2926829268	0.1430714924
669.2933083177	0.1256809819
670.2939337086	0.1077012627
671.2945590994	0.0958439921
672.2951844903	0.0919648928
673.2958098812	0.0880665298
674.2964352720	0.0700025719
675.2970606629	0.0649796645
676.2976860538	0.0651202129
677.2983114447	0.0665870926
678.2989368355	0.0615963532
679.2995622264	0.0513922409
680.3001876173	0.0444664898
681.3008130081	0.0441706379
682.3014383990	0.0392497603
683.3020637899	0.0374659045
684.3026891807	0.0349407894
685.3033145716	0.0364677982
686.3039399625	0.0352231171
687.3045653533	0.0287354517
688.3051907442	0.0260034873
689.3058161351	0.0317964849
690.3064415260	0.0326198546
691.3070669168	0.0193331753
692.3076923077	0.0230421091
693.3083176986	0.0276720332
694.3089430894	0.0220780494
695.3095684803	0.0166791924
696.3101938712	0.0127084236
697.3108192620	0.0116149026
698.3114446529	0.0166552845
699.3120700438	0.0074605653
700.3126954346	0.0073492812
701.3133208255	0.0116516446
702.3139462164	0.0051644405
703.3145716073	0.0031185069
704.3151969981	0.0036930793
705.3158223890	0.0036882380
706.3164477799	0.0049008756
707.3170731707	0.0034615306
708.3176985616	0.0011530494
709.3183239525	0.0000249300
710.3189493433	0.0032135240
711.3195747342	0.0022791004
712.3202001251	0.0007403448
713.3208255159	-0.0006112775
714.3214509068	-0.0030052536
715.3220762977	-0.0033568919
716.3227016886	-0.0033053665
717.3233270794	-0.0021296752
718.3239524703	-0.0014358111
719.3245778612	-0.0076606771
720.3252032520	-0.0116478990
721.3258286429	-0.0081845502
722.3264540338	-0.0032411235
723.3270794246	-0.0042903648
724.3277048155	0.0007859830
725.3283302064	0.0014940131
726.3289555972	0.0068991706
727.3295809881	0.0009023939
728.3302063790	-0.0108132493
729.3308317699	-0.0122389277
730.3314571607	-0.0021473278
731.3320825516	0.0044675413
732.3327079425	-0.0001632741
733.3333333333	0.0000973389
734.3339587242	-0.0097646937
735.3345841151	-0.0060149723
736.3352095059	-0.0044894955
737.3358348968	-0.0052858177
738.3364602877	-0.0021321638
739.3370856785	0.0003173856
740.3377110694	-0.0112822586
741.3383364603	-0.0075416397
742.3389618512	-0.0098458859
743.3395872420	-0.0056828403
744.3402126329	-0.0081459657
745.3408380238	-0.0126199363
746.3414634146	-0.0184952810
747.3420888055	-0.0203908955
748.3427141964	-0.0102256089
749.3433395872	-0.0071545208
750.3439649781	-0.0062837369
751.3445903690	-0.0027713373
752.3452157598	-0.0035094177
753.3458411507	-0.0058650300
754.3464665416	-0.0072763321
755.3470919325	-0.0072182468
756.3477173233	-0.0065757629
757.3483427142	-0.0057203406
758.3489681051	-0.0012262330
759.3495934959	0.0016398728
760.3502188868	-0.0019113636
761.3508442777	-0.0079722026
762.3514696685	-0.0109603847
763.3520950594	-0.0091258567
764.3527204503	-0.0059186567
765.3533458412	-0.0066290131
766.3539712320	-0.0105829560
767.3545966229	-0.0096704502
768.3552220138	-0.0105701485
769.3558474046	-0.0050734122
770.3564727955	-0.0022347137
771.3570981864	-0.0059078838
772.3577235772	-0.0096564445
773.3583489681	-0.0065231735
774.3589743590	-0.0060555792
775.3595997498	-0.0125675600
776.3602251407	-0.0083309529
777.3608505316	-0.0063994883
778.3614759225	-0.0067927064
779.3621013133	-0.0031616776
780.3627267042	0.0061931159
781.3633520951	0.0174504451
782.3639774859	0.0279945487
783.3646028768	0.0214468262
784.3652282677	0.0240590920
785.3658536585	0.0357041516
786.3664790494	0.0528453772
787.3671044403	0.0681431786
788.3677298311	0.0764032144
789.3683552220	0.0812624586
790.3689806129	0.0934091319
791.3696060038	0.1085532129
792.3702313946	0.1286485802
793.3708567855	0.1455598448
794.3714821764	0.1554658619
795.3721075672	0.1614743275
796.3727329581	0.1649652581
797.3733583490	0.1686480825
798.3739837398	0.1759449728
799.3746091307	0.1790942679
800.3752345216	0.1666496334
801.3758599124	0.1684615323
802.3764853033	0.1807532792
803.3771106942	0.1831743027
804.3777360851	0.1749369866
805.3783614759	0.1708542305
806.3789868668	0.1783536665
807.3796122577	0.1784956212
808.3802376485	0.1684830769
809.3808630394	0.1761540390
810.3814884303	0.1718566928
811.3821138211	0.1674831083
812.3827392120	0.1709077766
813.3833646029	0.1755264796
814.3839899937	0.1723951065
815.3846153846	0.1653766708
816.3852407755	0.1603088079
817.3858661664	0.1574486052
818.3864915572	0.1629866209
819.3871169481	0.1620738630
820.3877423390	0.1603448943
821.3883677298	0.1623261127
822.3889931207	0.1647571784
823.3896185116	0.1627886984
824.3902439024	0.1625186546
825.3908692933	0.1558780548
826.3914946842	0.1479712841
827.3921200750	0.1505462580
828.3927454659	0.1458335769
829.3933708568	0.1411972905
830.3939962477	0.1471694392
831.3946216385	0.1557879114
832.3952470294	0.1465844218
833.3958724203	0.1374453481
834.3964978111	0.1352090666
835.3971232020	0.1331657040
836.3977485929	0.1298597695
837.3983739837	0.1231814075
838.3989993746	0.1165721725
839.3996247655	0.1135375023
840.4002501563	0.1109602321
841.4008755472	0.1111523947
842.4015009381	0.1074189053
843.4021263290	0.1039851779
844.4027517198	0.0975264635
845.4033771107	0.0887977779
846.4040025016	0.0799614949
847.4046278924	0.0751398438
848.4052532833	0.0772776945
849.4058786742	0.0788679050
850.4065040650	0.0723434812
851.4071294559	0.0640422581
852.4077548468	0.0576529782
853.4083802376	0.0544800683
854.4090056285	0.0544611533
855.4096310194	0.0563361805
856.4102564103	0.0578916809
857.4108818011	0.0568467446
858.4115071920	0.0542734306
859.4121325829	0.0511810337
860.4127579737	0.0519963347
861.4133833646	0.0575057705
862.4140087555	0.0644824122
863.4146341463	0.0720392329
864.4152595372	0.0822095595
865.4158849281	0.0961715984
866.4165103189	0.1111295963
867.4171357098	0.1293892394
868.4177611007	0.1451392326
869.4183864916	0.1548295381
870.4190118824	0.1684296861
871.4196372733	0.1926390983
872.4202626642	0.2193261205
873.4208880550	0.2346426617
874.4215134459	0.2501156743
875.4221388368	0.2518446906
876.4227642276	0.2720144490
877.4233896185	0.2915788113
878.4240150094	0.3047899868
879.4246404003	0.3029008136
880.4252657911	0.2977293918
881.4258911820	0.3034614721
882.4265165729	0.2923309154
883.4271419637	0.2847222472
884.4277673546	0.2797966100
885.4283927455	0.2795979248
886.4290181363	0.2745796486
887.4296435272	0.2631974002
888.4302689181	0.2560807524
889.4308943089	0.2551753335
890.4315196998	0.2412376026
891.4321450907	0.2242880295
892.4327704816	0.2180823210
893.4333958724	0.2108981182
894.4340212633	0.2011191669
895.4346466542	0.1844177085
896.4352720450	0.1793920448
897.4358974359	0.1840262229
898.4365228268	0.1683139194
899.4371482176	0.1594061362
900.4377736085	0.1373759996
901.4383989994	0.1272860486
902.4390243902	0.1320589459
903.4396497811	0.1274629209
904.4402751720	0.1280185045
905.4409005629	0.1345191918
906.4415259537	0.1295771490
907.4421513446	0.1307454946
908.4427767355	0.1198318974
909.4434021263	0.1004034975
910.4440275172	0.0991158912
911.4446529081	0.0983213350
912.4452782989	0.0947864980
913.4459036898	0.0964156720
914.4465290807	0.1054023074
915.4471544715	0.1091257789
916.4477798624	0.1045458260
917.4484052533	0.1041824650
918.4490306442	0.0913657425
919.4496560350	0.0829961550
920.4502814259	0.0843961644
921.4509068168	0.0861843320
922.4515322076	0.0822157653
923.4521575985	0.0801559407
924.4527829894	0.0853451345
925.4534083802	0.0809595245
926.4540337711	0.0861362161
927.4546591620	0.0847251455
928.4552845528	0.0878046552
929.4559099437	0.0886842826
930.4565353346	0.0893512444
931.4571607255	0.0997928621
932.4577861163	0.1046678566
933.4584115072	0.1056232389
934.4590368981	0.1160840614
935.4596622889	0.1084615513
936.4602876798	0.1105071698
937.4609130707	0.1190928707
938.4615384615	0.1227843086
939.4621638524	0.1193077156
940.4627892433	0.1152464453
941.4634146341	0.1105502270
942.4640400250	0.1145210462
943.4646654159	0.1102548985
944.4652908068	0.1096600461
945.4659161976	0.1086319954
946.4665415885	0.1090082879
947.4671669794	0.1071399968
948.4677923702	0.0940871778
949.4684177611	0.0930878582
950.4690431520	0.0971590834
951.4696685428	0.0919140315
952.4702939337	0.0796916670
953.4709193246	0.0737569859
954.4715447154	0.0715593289
955.4721701063	0.0702032885
956.4727954972	0.0713343892
957.4734208881	0.0680913157
958.4740462789	0.0590589306
959.4746716698	0.0518456174
960.4752970607	0.0590185800
961.4759224515	0.0619992255
962.4765478424	0.0619289444
963.4771732333	0.0637246205
964.4777986241	0.0658552013
965.4784240150	0.0629696977
966.4790494059	0.0573782811
967.4796747967	0.0583838001
968.4803001876	0.0569331316
969.4809255785	0.0602018070
970.4815509694	0.0620248917
971.4821763602	0.0554720384
972.4828017511	0.0485003280
973.4834271420	0.0555434549
974.4840525328	0.0553472522
975.4846779237	0.0494446636
976.4853033146	0.0476478020
977.4859287054	0.0515673901
978.4865540963	0.0511916738
979.4871794872	0.0496977713
980.4878048780	0.0477693342
981.4884302689	0.0413493576
982.4890556598	0.0387500777
983.4896810507	0.0432490383
984.4903064415	0.0447066899
985.4909318324	0.0459981816
986.4915572233	0.0431123624
987.4921826141	0.0418959040
988.4928080050	0.0443204990
989.4934333959	0.0450277667
990.4940587867	0.0397897351
991.4946841776	0.0390687859
992.4953095685	0.0436114014
993.4959349593	0.0532303580
994.4965603502	0.0542197652
995.4971857411	0.0548518373
996.4978111320	0.0544953808
997.4984365228	0.0498483404
998.4990619137	0.0471792720
999.4996873046	0.0535961818
1000.5003126954	0.0517101959
1001.5009380863	0.0445205595
1002.5015634772	0.0581727785
1003.5021888680	0.0608378828
1004.5028142589	0.0637191523
1005.5034396498	0.0750223877
1006.5040650407	0.0796636666
1007.5046904315	0.0798814431
1008.5053158224	0.0878417364
1009.5059412133	0.0875906970
1010.5065666041	0.1029216076
1011.5071919950	0.1209405907
1012.5078173859	0.1378702958
1013.5084427767	0.1508470565
1014.5090681676	0.1590045812
1015.5096935585	0.1704205916
1016.5103189493	0.1952397808
1017.5109443402	0.2085331385
1018.5115697311	0.2107252641
1019.5121951220	0.2288894233
1020.5128205128	0.2439074432
1021.5134459037	0.2487244239
1022.5140712946	0.2499236671
1023.5146966854	0.2504613588
1024.5153220763	0.2491048882
1025.5159474672	0.2409239812
1026.5165728580	0.2278930694
1027.5171982489	0.2233606157
1028.5178236398	0.2154944604
1029.5184490306	0.1984033640
1030.5190744215	0.1836232366
1031.5196998124	0.1809009153
1032.5203252033	0.1665429970
1033.5209505941	0.1381601943
1034.5215759850	0.1223247172
1035.5222013759	0.1178870150
1036.5228267667	0.1112437591
1037.5234521576	0.1012742935
1038.5240775485	0.0937610885
1039.5247029393	0.0863192562
1040.5253283302	0.0681903331
1041.5259537211	0.0742007724
1042.5265791119	0.0734895104
1043.5272045028	0.0676993404
1044.5278298937	0.0555569255
1045.5284552846	0.0530589502
1046.5290806754	0.0530996999
1047.5297060663	0.0447212919
1048.5303314572	0.0371933653
1049.5309568480	0.0421102408
1050.5315822389	0.0504628620
1051.5322076298	0.0434068571
1052.5328330206	0.0383510590
1053.5334584115	0.0410781598
1054.5340838024	0.0388532137
1055.5347091932	0.0310693954
1056.5353345841	0.0310808045
1057.5359599750	0.0330845607
1058.5365853659	0.0302536136
1059.5372107567	0.0319443985
1060.5378361476	0.0302393161
1061.5384615385	0.0330472623
1062.5390869293	0.0350269752
1063.5397123202	0.0351067012
1064.5403377111	0.0375491467
1065.5409631019	0.0397813437
1066.5415884928	0.0292292564
1067.5422138837	0.0294188942
1068.5428392745	0.0326937296
1069.5434646654	0.0383971731
1070.5440900563	0.0401829289
1071.5447154472	0.0396884165
1072.5453408380	0.0412873380
1073.5459662289	0.0427815220
1074.5465916198	0.0368242989
1075.5472170106	0.0376804197
1076.5478424015	0.0422183260
1077.5484677924	0.0389935224
1078.5490931832	0.0362322128
1079.5497185741	0.0391766527
1080.5503439650	0.0442963926
1081.5509693558	0.0462628906
1082.5515947467	0.0492896171
1083.5522201376	0.0486684483
1084.5528455285	0.0467067177
1085.5534709193	0.0478875906
1086.5540963102	0.0494723270
1087.5547217011	0.0515647840
1088.5553470919	0.0533834499
1089.5559724828	0.0527190062
1090.5565978737	0.0490437324
1091.5572232645	0.0467769216
1092.5578486554	0.0530451346
1093.5584740463	0.0518666733
1094.5590994371	0.0528813371
1095.5597248280	0.0549276132
1096.5603502189	0.0572475342
1097.5609756098	0.0619814659
1098.5616010006	0.0687983653
1099.5622263915	0.0666158000
1100.5628517824	0.0652945496
1101.5634771732	0.0693605125
1102.5641025641	0.0751310417
1103.5647279550	0.0732343233
1104.5653533458	0.0773864314
1105.5659787367	0.0892841764
1106.5666041276	0.0931903489
1107.5672295184	0.0945024643
1108.5678549093	0.0980055183
1109.5684803002	0.1057095249
1110.5691056911	0.1099251500
1111.5697310819	0.1140167012
1112.5703564728	0.1157167734
1113.5709818637	0.1231581794
1114.5716072545	0.1363898233
1115.5722326454	0.1314384353
1116.5728580363	0.1387379630
1117.5734834271	0.1460813235
1118.5741088180	0.1539771442
1119.5747342089	0.1588493540
1120.5753595997	0.1627348229
1121.5759849906	0.1697432107
1122.5766103815	0.1774721456
1123.5772357724	0.1791317910
1124.5778611632	0.1848124789
1125.5784865541	0.1757699168
1126.5791119450	0.1808909360
1127.5797373358	0.1870544991
1128.5803627267	0.1882565871
1129.5809881176	0.1862609402
1130.5816135084	0.1843585351
1131.5822388993	0.1816721437
1132.5828642902	0.1737587459
1133.5834896811	0.1724091888
1134.5841150719	0.1677821106
1135.5847404628	0.1667198588
1136.5853658537	0.1642387422
1137.5859912445	0.1570867950
1138.5866166354	0.1485693613
1139.5872420263	0.1420553701
1140.5878674171	0.1335315552
1141.5884928080	0.1250440859
1142.5891181989	0.1156359652
1143.5897435897	0.1072472757
1144.5903689806	0.0976472649
1145.5909943715	0.0887175772
1146.5916197624	0.0798977249
1147.5922451532	0.0702799608
1148.5928705441	0.0619150349
1149.5934959350	0.0566142373
1150.5941213258	0.0373057798
1151.5947467167	0.0296241813
1152.5953721076	0.0254116546
1153.5959974984	0.0174764801
1154.5966228893	0.0093031605
1155.5972482802	0.0032739002
1156.5978736710	-0.0034284854
1157.5984990619	-0.0090137508
1158.5991244528	-0.0131904766
1159.5997498437	-0.0128622660
1160.6003752345	-0.0196765284
1161.6010006254	-0.0207371466
1162.6016260163	-0.0239821598
1163.6022514071	-0.0268060580
1164.6028767980	-0.0224941131
1165.6035021889	-0.0232303879
1166.6041275797	-0.0198536177
1167.6047529706	-0.0170480806
1168.6053783615	-0.0226503749
1169.6060037523	-0.0231568302
1170.6066291432	-0.0203643144
1171.6072545341	-0.0177584522
1172.6078799250	-0.0152596719
1173.6085053158	-0.0118773394
1174.6091307067	-0.0121451867
1175.6097560976	-0.0089878150
1176.6103814884	-0.0081685329
1177.6110068793	-0.0048757282
1178.6116322702	-0.0007972497
1179.6122576610	0.0047367009
1180.6128830519	0.0109265399
1181.6135084428	0.0153695498
1182.6141338336	0.0200895667
1183.6147592245	0.0221996793
1184.6153846154	0.0240055535
1185.6160100063	0.0298463101
1186.6166353971	0.0298876981
1187.6172607880	0.0280878183
1188.6178861789	0.0302153434
1189.6185115697	0.0360046188
1190.6191369606	0.0410337044
1191.6197623515	0.0447078565
1192.6203877423	0.0448899729
1193.6210131332	0.0475874119
1194.6216385241	0.0521188171
1195.6222639149	0.0516100569
1196.6228893058	0.0474200095
1197.6235146967	0.0449632675
1198.6241400876	0.0446459608
1199.6247654784	0.0424535712
1200.6253908693	0.0400316694
1201.6260162602	0.0405529938
1202.6266416510	0.0388630939
1203.6272670419	0.0398691164
1204.6278924328	0.0425939138
1205.6285178236	0.0407854901
1206.6291432145	0.0338265495
1207.6297686054	0.0361010729
1208.6303939962	0.0341156108
1209.6310193871	0.0388972516
1210.6316447780	0.0378603570
1211.6322701689	0.0347415345
1212.6328955597	0.0361578793
1213.6335209506	0.0391075906
1214.6341463415	0.0373132013
1215.6347717323	0.0350917789
1216.6353971232	0.0378475404
1217.6360225141	0.0416029648
1218.6366479049	0.0429456075
1219.6372732958	0.0392666158
1220.6378986867	0.0384817722
1221.6385240775	0.0413270205
1222.6391494684	0.0434190162
1223.6397748593	0.0441759303
1224.6404002502	0.0475387818
1225.6410256410	0.0458792830
1226.6416510319	0.0428778763
1227.6422764228	0.0460548155
1228.6429018136	0.0504309489
1229.6435272045	0.0512901395
1230.6441525954	0.0512221416
1231.6447779862	0.0544850425
1232.6454033771	0.0534466286
1233.6460287680	0.0490945026
1234.6466541588	0.0472792828
1235.6472795497	0.0490846411
1236.6479049406	0.0454765211
1237.6485303315	0.0477711048
1238.6491557223	0.0506893918
1239.6497811132	0.0416912249
1240.6504065041	0.0334180255
1241.6510318949	0.0270911134
1242.6516572858	0.0413562340
1243.6522826767	0.0486316073
1244.6529080675	0.0482181760
1245.6535334584	0.0497427799
1246.6541588493	0.0498653327
1247.6547842402	0.0463314616
1248.6554096310	0.0487733497
1249.6560350219	0.0491845940
1250.6566604128	0.0515242237
1251.6572858036	0.0490866606
1252.6579111945	0.0484258023
1253.6585365854	0.0516131011
1254.6591619762	0.0548867973
1255.6597873671	0.0544365973
1256.6604127580	0.0515652077
1257.6610381488	0.0526601345
1258.6616635397	0.0601044570
1259.6622889306	0.0662627991
1260.6629143215	0.0694103609
1261.6635397123	0.0704891933
1262.6641651032	0.0718253407
1263.6647904941	0.0720724499
1264.6654158849	0.0710822600
1265.6660412758	0.0746523258
1266.6666666667	0.0708298160
1267.6672920575	0.0680241014
1268.6679174484	0.0672558715
1269.6685428393	0.0751407335
1270.6691682301	0.0741750056
1271.6697936210	0.0736350803
1272.6704190119	0.0788127513
1273.6710444028	0.0692711789
1274.6716697936	0.0718605048
1275.6722951845	0.0832692962
1276.6729205754	0.0713021733
1277.6735459662	0.0710908503
1278.6741713571	0.0776154082
1279.6747967480	0.0833456492
1280.6754221388	0.0837890970
1281.6760475297	0.0796873300
1282.6766729206	0.0812867031
1283.6772983114	0.0770012866
1284.6779237023	0.0788665461
1285.6785490932	0.0791162278
1286.6791744841	0.0805986818
1287.6797998749	0.0829845765
1288.6804252658	0.0792727427
1289.6810506567	0.0688027489
1290.6816760475	0.0680051918
1291.6823014384	0.0739475061
1292.6829268293	0.0720523351
1293.6835522201	0.0658772173
1294.6841776110	0.0554776762
1295.6848030019	0.0586226266
1296.6854283927	0.0687953258
1297.6860537836	0.0692286969
1298.6866791745	0.0622407723
1299.6873045654	0.0654024795
1300.6879299562	0.0535454367
1301.6885553471	0.0538365141
1302.6891807380	0.0517637304
1303.6898061288	0.0490002168
1304.6904315197	0.0512696504
1305.6910569106	0.0540319389
1306.6916823014	0.0485099194
1307.6923076923	0.0458167597
1308.6929330832	0.0458430580
1309.6935584740	0.0418479747
1310.6941838649	0.0409459766
1311.6948092558	0.0407795792
1312.6954346467	0.0393427623
1313.6960600375	0.0371003323
1314.6966854284	0.0369868509
1315.6973108193	0.0412774044
1316.6979362101	0.0406339891
1317.6985616010	0.0325225903
1318.6991869919	0.0287193030
1319.6998123827	0.0317164285
1320.7004377736	0.0338811476
1321.7010631645	0.0343905331
1322.7016885553	0.0359346489
1323.7023139462	0.0379217153
1324.7029393371	0.0441628620
1325.7035647280	0.0363938856
1326.7041901188	0.0383539693
1327.7048155097	0.0453452031
1328.7054409006	0.0507884431
1329.7060662914	0.0495283148
1330.7066916823	0.0501686617
1331.7073170732	0.0640706280
1332.7079424640	0.0726300896
1333.7085678549	0.0647297157
1334.7091932458	0.0782464393
1335.7098186366	0.0913652707
1336.7104440275	0.0962979060
1337.7110694184	0.1033319939
1338.7116948093	0.1159959360
1339.7123202001	0.1280974849
1340.7129455910	0.1373668777
1341.7135709819	0.1373822953
1342.7141963727	0.1595869959
1343.7148217636	0.1690562810
1344.7154471545	0.1795929736
1345.7160725453	0.1838823114
1346.7166979362	0.1848524541
1347.7173233271	0.1905631302
1348.7179487179	0.1974226938
1349.7185741088	0.1953574723
1350.7191994997	0.2056783953
1351.7198248906	0.2144791291
1352.7204502814	0.2170954511
1353.7210756723	0.2183434440
1354.7217010632	0.2226850274
1355.7223264540	0.2255325522
1356.7229518449	0.2192363594
1357.7235772358	0.2126832595
1358.7242026266	0.2249726561
1359.7248280175	0.2206712096
1360.7254534084	0.2145387791
1361.7260787992	0.2052994610
1362.7267041901	0.1962620645
1363.7273295810	0.1900999878
1364.7279549719	0.1870574782
1365.7285803627	0.1873397446
1366.7292057536	0.1870047332
1367.7298311445	0.1853804418
1368.7304565353	0.1840829830
1369.7310819262	0.1946738597
1370.7317073171	0.2021936550
1371.7323327079	0.2066392030
1372.7329580988	0.2111798118
1373.7335834897	0.2067875983
1374.7342088806	0.2091978414
1375.7348342714	0.2073838554
1376.7354596623	0.2030527343
1377.7360850532	0.1969806382
1378.7367104440	0.1934562308
1379.7373358349	0.1906879591
1380.7379612258	0.1863991035
1381.7385866166	0.1778690056
1382.7392120075	0.1555881269
1383.7398373984	0.1575257602
1384.7404627892	0.1421214864
1385.7410881801	0.1286354456
1386.7417135710	0.1182006343
1387.7423389619	0.1162771298
1388.7429643527	0.1140430883
1389.7435897436	0.1023586080
1390.7442151345	0.0965708318
1391.7448405253	0.0846967670
1392.7454659162	0.0788897983
1393.7460913071	0.0753888646
1394.7467166979	0.0696311434
1395.7473420888	0.0643168421
1396.7479674797	0.0616430991
1397.7485928705	0.0611472536
1398.7492182614	0.0592914444
1399.7498436523	0.0461520207
1400.7504690432	0.0402468633
1401.7510944340	0.0489720002
1402.7517198249	0.0438114524
1403.7523452158	0.0395773590
1404.7529706066	0.0338796699
1405.7535959975	0.0279697537
1406.7542213884	0.0331231432
1407.7548467792	0.0344989961
1408.7554721701	0.0319070999
1409.7560975610	0.0368400593
1410.7567229518	0.0275293196
1411.7573483427	0.0326624708
1412.7579737336	0.0498407486
1413.7585991245	0.0649164801
1414.7592245153	0.0742409420
1415.7598499062	0.0862469931
1416.7604752971	0.0910205571
1417.7611006879	0.1111799472
1418.7617260788	0.1224683884
1419.7623514697	0.1389880301
1420.7629768605	0.1610412839
1421.7636022514	0.1804682903
1422.7642276423	0.1970832647
1423.7648530331	0.2198405050
1424.7654784240	0.2314012728
1425.7661038149	0.2610946121
1426.7667292058	0.2922450304
1427.7673545966	0.3135724504
1428.7679799875	0.3323581258
1429.7686053784	0.3500024170
1430.7692307692	0.3667303040
1431.7698561601	0.3880646195
1432.7704815510	0.4192491614
1433.7711069418	0.4430997100
1434.7717323327	0.4662691578
1435.7723577236	0.4816922789
1436.7729831144	0.4966167566
1437.7736085053	0.5063577500
1438.7742338962	0.5111179480
1439.7748592871	0.5127705088
1440.7754846779	0.5026727632
1441.7761100688	0.5038850590
1442.7767354597	0.4917203378
1443.7773608505	0.4790209727
1444.7779862414	0.4600811684
1445.7786116323	0.4423451946
1446.7792370231	0.4207181118
1447.7798624140	0.3892542517
1448.7804878049	0.3574880581
1449.7811131957	0.3298086410
1450.7817385866	0.3021079525
1451.7823639775	0.2767336465
1452.7829893684	0.2391370260
1453.7836147592	0.2032777334
1454.7842401501	0.1711514996
1455.7848655410	0.1417549578
1456.7854909318	0.1176702796
1457.7861163227	0.0909837698
1458.7867417136	0.0660032916
1459.7873671044	0.0390461260
1460.7879924953	0.0183942409
1461.7886178862	0.0026077076
1462.7892432770	-0.0071759335
1463.7898686679	-0.0090654268
1464.7904940588	-0.0053445940
1465.7911194497	-0.0035932780
1466.7917448405	-0.0012232625
1467.7923702314	0.0068887263
1468.7929956223	0.0007362598
1469.7936210131	0.0038697029
1470.7942464040	0.0093176314
1471.7948717949	0.0134884411
1472.7954971857	0.0173455152
1473.7961225766	0.0158986018
1474.7967479675	0.0097518971
1475.7973733583	0.0109356234
1476.7979987492	0.0135878046
1477.7986241401	0.0145899204
1478.7992495310	0.0145801016
1479.7998749218	0.0109318037
1480.8005003127	0.0062214128
1481.8011257036	0.0074507664
1482.8017510944	0.0099775914
1483.8023764853	0.0125910138
1484.8030018762	0.0106328447
1485.8036272670	0.0062898986
1486.8042526579	-0.0000880238
1487.8048780488	-0.0015419191
1488.8055034396	-0.0003611294
1489.8061288305	-0.0035487103
1490.8067542214	-0.0064781032
1491.8073796123	-0.0136489608
1492.8080050031	-0.0129460305
1493.8086303940	-0.0053166758
1494.8092557849	-0.0014249950
1495.8098811757	-0.0024911191
1496.8105065666	-0.0073250002
1497.8111319575	-0.0088501801
1498.8117573483	0.0018628402
1499.8123827392	0.0037033167
1500.8130081301	-0.0032099459
1501.8136335210	0.0042585147
1502.8142589118	-0.0008486275
1503.8148843027	-0.0029091313
1504.8155096936	0.0023465518
1505.8161350844	0.0045098109
1506.8167604753	-0.0020561174
1507.8173858662	-0.0005996723
1508.8180112570	-0.0051157733
1509.8186366479	-0.0001140551
1510.8192620388	-0.0008098764
1511.8198874296	-0.0000328471
1512.8205128205	0.0026483418
1513.8211382114	0.0028446068
1514.8217636023	0.0000156928
1515.8223889931	0.0012058238
1516.8230143840	0.0007486048
1517.8236397749	0.0004916509
1518.8242651657	0.0039460798
1519.8248905566	0.0021248711
1520.8255159475	-0.0030254696
1521.8261413383	-0.0054780378
1522.8267667292	-0.0018096486
1523.8273921201	0.0048657456
1524.8280175109	0.0044913865
1525.8286429018	0.0005260386
1526.8292682927	-0.0018247485
1527.8298936836	0.0006180998
1528.8305190744	-0.0023313761
1529.8311444653	-0.0049490600
1530.8317698562	-0.0008225338
1531.8323952470	0.0032370459
1532.8330206379	-0.0017339205
1533.8336460288	0.0002049935
1534.8342714196	-0.0035898561
1535.8348968105	-0.0062932408
1536.8355222014	-0.0061667636
1537.8361475922	-0.0059226775
1538.8367729831	-0.0007189725
1539.8373983740	0.0118273096
1540.8380237649	0.0140300699
1541.8386491557	0.0040301091
1542.8392745466	0.0050115180
1543.8398999375	0.0046179406
1544.8405253283	0.0070639511
1545.8411507192	0.0075425485
1546.8417761101	0.0032780366
1547.8424015009	-0.0007583743
1548.8430268918	0.0025261340
1549.8436522827	0.0036273423
1550.8442776735	0.0050669170
1551.8449030644	0.0081893446
1552.8455284553	0.0113690525
1553.8461538462	0.0086686732
1554.8467792370	0.0101557816
1555.8474046279	0.0129905927
1556.8480300188	0.0028590958
1557.8486554096	0.0057932397
1558.8492808005	0.0070346636
1559.8499061914	0.0017156368
1560.8505315822	-0.0002007289
1561.8511569731	-0.0007659716
1562.8517823640	0.0020089156
1563.8524077548	0.0048101808
1564.8530331457	0.0048260874
1565.8536585366	0.0104829735
1566.8542839275	0.0000525746
1567.8549093183	-0.0051687475
1568.8555347092	0.0030496079
1569.8561601001	0.0020292657
1570.8567854909	0.0001895264
1571.8574108818	0.0013389712
1572.8580362727	0.0008018558
1573.8586616635	-0.0003253929
1574.8592870544	0.0071528129
1575.8599124453	0.0100732047
1576.8605378361	0.0021742865
1577.8611632270	0.0022268300
1578.8617886179	0.0030955191
1579.8624140088	0.0035658535
1580.8630393996	0.0047584348
1581.8636647905	0.0032526035
1582.8642901814	-0.0015730773
1583.8649155722	0.0131598130
1584.8655409631	0.0036254945
1585.8661663540	0.0009352305
1586.8667917448	0.0065005052
1587.8674171357	0.0063151399
1588.8680425266	0.0012615700
1589.8686679174	0.0018871246
1590.8692933083	0.0004850920
1591.8699186992	-0.0025786093
1592.8705440901	-0.0022507887
1593.8711694809	-0.0019025990
1594.8717948718	-0.0014550791
1595.8724202627	0.0036672890
1596.8730456535	0.0093404902
1597.8736710444	0.0094822330
1598.8742964353	0.0070151517
1599.8749218261	0.0061176474
1600.8755472170	0.0052719915
1601.8761726079	-0.0026240622
1602.8767979987	0.0006236696
1603.8774233896	0.0037003233
1604.8780487805	0.0033164967
1605.8786741714	0.0027723025
1606.8792995622	0.0021811438
1607.8799249531	-0.0015664246
1608.8805503440	-0.0058865711
1609.8811757348	-0.0059022839
1610.8818011257	-0.0053665483
1611.8824265166	0.0003546337
1612.8830519074	0.0053464539
1613.8836772983	0.0059254172
1614.8843026892	0.0043117446
1615.8849280801	0.0009625318
1616.8855534709	-0.0015258143
1617.8861788618	-0.0034908188
1618.8868042527	-0.0114272371
1619.8874296435	-0.0070693044
1620.8880550344	0.0009186272
1621.8886804253	0.0035940606
1622.8893058161	0.0020186272
1623.8899312070	0.0008965528
1624.8905565979	-0.0034296846
1625.8911819887	0.0024660957
1626.8918073796	0.0037634046
1627.8924327705	0.0023661108
1628.8930581614	0.0009734245
1629.8936835522	-0.0030705268
1630.8943089431	-0.0066632044
1631.8949343340	-0.0023780139
1632.8955597248	-0.0007823526
1633.8961851157	0.0018300360
1634.8968105066	0.0017810452
1635.8974358974	0.0027084645
1636.8980612883	0.0030746462
1637.8986866792	0.0017420381
1638.8993120700	0.0002351371
1639.8999374609	0.0007584807
1640.9005628518	0.0017759394
1641.9011882427	-0.0031944678
1642.9018136335	0.0057053214
1643.9024390244	0.0033727104
1644.9030644153	0.0021950354
1645.9036898061	0.0041159019
1646.9043151970	0.0048361149
1647.9049405879	0.0009572993
1648.9055659787	-0.0041129391
1649.9061913696	0.0031123290
1650.9068167605	-0.0071368429
1651.9074421513	-0.0009667951
1652.9080675422	0.0042339452
1653.9086929331	-0.0012181642
1654.9093183240	-0.0078096343
1655.9099437148	-0.0056001691
1656.9105691057	0.0021046103
1657.9111944966	0.0085625899
1658.9118198874	0.0043380164
1659.9124452783	0.0007803396
1660.9130706692	0.0017993179
1661.9136960600	-0.0020785714
1662.9143214509	-0.0014701803
1663.9149468418	0.0062308868
1664.9155722326	0.0088750753
1665.9161976235	-0.0008013578
1666.9168230144	-0.0041728912
1667.9174484053	-0.0045954095
1668.9180737961	0.0009691695
1669.9186991870	-0.0040007662
1670.9193245779	-0.0054139383
1671.9199499687	-0.0021470827
1672.9205753596	0.0008871844
1673.9212007505	0.0092782619
1674.9218261413	-0.0033174286
1675.9224515322	0.0040241199
1676.9230769231	0.0036009231
1677.9237023139	0.0025742096
1678.9243277048	0.0065699086
1679.9249530957	0.0094192812
1680.9255784866	0.0066877716
1681.9262038774	0.0057246808
1682.9268292683	0.0154970624
1683.9274546592	0.0136148004
1684.9280800500	0.0161084799
1685.9287054409	0.0135889606
1686.9293308318	0.0105251137
1687.9299562226	0.0119805386
1688.9305816135	0.0161284276
1689.9312070044	0.0176378320
1690.9318323952	0.0177307677
1691.9324577861	0.0232541033
1692.9330831770	0.0175269978
1693.9337085679	0.0238737672
1694.9343339587	0.0239811092
1695.9349593496	0.0241133601
1696.9355847405	0.0291619562
1697.9362101313	0.0331092909
1698.9368355222	0.0302369323
1699.9374609131	0.0383150162
1700.9380863039	0.0405940816
1701.9387116948	0.0410983441
1702.9393370857	0.0449083060
1703.9399624765	0.0459675164
1704.9405878674	0.0470882302
1705.9412132583	0.0549235700
1706.9418386492	0.0678525114
1707.9424640400	0.0723209137
1708.9430894309	0.0838681593
1709.9437148218	0.0965498037
1710.9443402126	0.1045840206
1711.9449656035	0.1142473044
1712.9455909944	0.1274931776
1713.9462163852	0.1448013880
1714.9468417761	0.1645501859
1715.9474671670	0.1807832634
1716.9480925578	0.2058609671
1717.9487179487	0.2342433031
1718.9493433396	0.2569219418
1719.9499687305	0.2896603290
1720.9505941213	0.3307248098
1721.9512195122	0.3734448709
1722.9518449031	0.4157528419
1723.9524702939	0.4584569442
1724.9530956848	0.4893463367
1725.9537210757	0.5467423828
1726.9543464665	0.5801840774
1727.9549718574	0.6120372450
1728.9555972483	0.6321793158
1729.9562226391	0.6438097178
1730.9568480300	0.6503264832
1731.9574734209	0.6455436063
1732.9580988118	0.6386575682
1733.9587242026	0.6288178456
1734.9593495935	0.6028146354
1735.9599749844	0.5801774414
1736.9606003752	0.5495483465
1737.9612257661	0.5240456670
1738.9618511570	0.5090716388
1739.9624765478	0.4899659614
1740.9631019387	0.4574791738
1741.9637273296	0.4403259156
1742.9643527205	0.4234247386
1743.9649781113	0.3897437231
1744.9656035022	0.3643306994
1745.9662288931	0.3437491451
1746.9668542839	0.3217733348
1747.9674796748	0.2957815093
1748.9681050657	0.2629327085
1749.9687304565	0.2336958483
1750.9693558474	0.2139913618
1751.9699812383	0.1895523713
1752.9706066291	0.1598153417
1753.9712320200	0.1288843036
1754.9718574109	0.1069958916
1755.9724828018	0.0963700791
1756.9731081926	0.0868223489
1757.9737335835	0.0733659793
1758.9743589744	0.0573401991
1759.9749843652	0.0488285653
1760.9756097561	0.0401914965
1761.9762351470	0.0279273599
1762.9768605378	0.0239768617
1763.9774859287	0.0225846766
1764.9781113196	0.0133624152
1765.9787367104	0.0212897758
1766.9793621013	0.0190954676
1767.9799874922	0.0168907405
1768.9806128831	0.0152458523
1769.9812382739	0.0114867630
1770.9818636648	0.0107991098
1771.9824890557	0.0116753891
1772.9831144465	0.0109395767
1773.9837398374	0.0115051054
1774.9843652283	0.0030183250
1775.9849906191	0.0053550983
1776.9856160100	0.0034018345
1777.9862414009	-0.0050987291
1778.9868667917	-0.0038455905
1779.9874921826	0.0006008403
1780.9881175735	0.0008832154
1781.9887429644	0.0031140811
1782.9893683552	-0.0036053978
1783.9899937461	-0.0064373175
1784.9906191370	0.0029718254
1785.9912445278	0.0030797139
1786.9918699187	-0.0005678908
1787.9924953096	-0.0043891675
1788.9931207004	-0.0067959717
1789.9937460913	-0.0068858985
1790.9943714822	-0.0057426417
1791.9949968730	0.0004792960
1792.9956222639	0.0009084044
1793.9962476548	-0.0006612546
1794.9968730457	-0.0047212980
1795.9974984365	-0.0073529272
1796.9981238274	-0.0073830468
1797.9987492183	-0.0061368566
1798.9993746091	-0.0042572229
1800.0000000000	-0.0054288686
