100	10991,999
100,98453	10864,533
101,96906	10769,97
102,95358	10692,048
103,93812	10621,743
104,92265	10549,528
105,90717	10426,147
106,8917	10334,69
107,87623	10242,904
108,86076	10072,271
109,84529	10014,798
110,82982	9898,7012
111,81435	9798,4385
112,79887	9766,1895
113,7834	9590,8291
114,76793	9500,957
115,75246	9441,0313
116,73699	9372,6045
117,72152	9239,4814
118,70605	9154,6455
119,69057	9106,8672
120,6751	9074,7314
121,65964	9024,6895
122,64417	8909,9844
123,62869	8825,4697
124,61322	8800,2012
125,59775	8836,6533
126,58228	8752,6826
127,56681	8731,1221
128,55133	8711,3594
129,53586	8654,5205
130,5204	8508,8486
131,50493	8616,21
132,48946	8599,9922
133,47398	8518,3174
134,45851	8531,3154
135,44304	8468,8447
136,42757	8426,4834
137,41209	8417,9424
138,39662	8448,2744
139,38115	8494,9141
140,36568	8505,6523
141,3502	8476,0713
142,33475	8414,5547
143,31927	8345,0732
144,3038	8344,0088
145,28833	8355,543
146,27286	8373,5293
147,25739	8392,2217
148,24191	8348,2158
149,22644	8330,1533
150,21097	8341,2041
151,1955	8371,1885
152,18002	8375,8252
153,16455	8329,0283
154,14908	8355,4912
155,13362	8395,9629
156,11815	8328,6885
157,10268	8326,5234
158,0872	8314,7842
159,07173	8318,9971
160,05626	8346,4209
161,04079	8333,6104
162,02531	8285,5684
163,00984	8242,4922
163,99437	8234,3926
164,9789	8301,3125
165,96342	8342,1406
166,94797	8364,9629
167,9325	8360,2295
168,91702	8325,8301
169,90155	8318,8574
170,88608	8336,1777
171,87061	8346,4053
172,85513	8327,2363
173,83966	8248,4355
174,82419	8288,6211
175,80872	8296,8564
176,79324	8285,0693
177,77777	8284,3184
178,76231	8336,8008
179,74684	8312,3525
180,73137	8242,8623
181,7159	8184,251
182,70042	8272,3311
183,68495	8221,0049
184,66948	8218,1318
185,65401	8253,1504
186,63853	8278,6406
187,62306	8170,187
188,60759	8219,5
189,59212	8259,6709
190,57666	8238,3369
191,56119	8254,6494
192,54572	8234,1982
193,53024	8295,9326
194,51477	8374,4658
195,4993	8368,2842
196,48383	8319,6299
197,46835	8352,1045
198,45288	8329,7852
199,43741	8238,3418
200,42194	8262,8516
201,40646	8254,3145
202,39099	8252,5508
203,37553	8258,126
204,36006	8266,8105
205,34459	8325,6074
206,32912	8289,3135
207,31364	8279,0049
208,29817	8317,459
209,2827	8293,6689
210,26723	8305,5352
211,25175	8322,5664
212,23628	8318,6572
213,22081	8279,4609
214,20534	8357,7412
215,18988	8341,3477
216,17441	8349,8564
217,15894	8388,9395
218,14346	8338,9971
219,12799	8268,8262
220,11252	8308,7666
221,09705	8366,124
222,08157	8349,8867
223,0661	8360,8467
224,05063	8368,2988
225,03516	8356,3271
226,01968	8350,5498
227,00423	8417,4189
227,98875	8419,9727
228,97328	8421,2656
229,95781	8409,71
230,94234	8381,1807
231,92686	8374,499
232,91139	8360,2773
233,89592	8354,3242
234,88045	8358,8936
235,86497	8371,0361
236,8495	8383,9277
237,83403	8370,6689
238,81857	8362,5449
239,8031	8366,9805
240,78763	8343,502
241,77216	8413,6221
242,75668	8475,2676
243,74121	8475,0967
244,72574	8387,3193
245,71027	8451,9443
246,69479	8416,918
247,67932	8413,3564
248,66385	8447,8457
249,64838	8416,8809
250,6329	8369,1123
251,61745	8390,6133
252,60197	8402,5137
253,5865	8364,1172
254,57103	8420,915
255,55556	8464,1104
256,54007	8469,0625
257,52463	8460,1133
258,50916	8478,8926
259,49368	8436,5557
260,47821	8433,6572
261,46274	8395,0645
262,44727	8330,957
263,43179	8378,0527
264,41632	8334,8193
265,40085	8348,2607
266,38538	8394,0459
267,3699	8427,4824
268,35443	8375,9932
269,33896	8365,8193
270,32349	8382,7422
271,30801	8423,4932
272,29254	8484,4502
273,27707	8446,0088
274,2616	8482,9697
275,24612	8495,0518
276,23065	8475,2803
277,21518	8557,5068
278,19971	8449,334
279,18423	8401,2461
280,16876	8425,9795
281,15332	8491,2568
282,13785	8455,543
283,12238	8455,6807
284,1069	8426,127
285,09143	8408,5723
286,07596	8477,4785
287,06049	8436,5029
288,04501	8434,1289
289,02954	8454,0029
290,01407	8475,4414
290,9986	8465,6816
291,98312	8513,0635
292,96765	8447,2734
293,95218	8413,4873
294,93671	8479,2334
295,92123	8433,2109
296,90576	8455,8232
297,89029	8447,0889
298,87482	8429,2666
299,85934	8446,5293
300,84387	8499,0381
301,8284	8474,7021
302,81293	8446,7158
303,79745	8432,4541
304,78198	8420,7715
305,76654	8266,127
306,75107	8349,7217
307,7356	8434,4834
308,72012	8434,041
309,70465	8457,0723
310,68918	8345,7666
311,67371	8338,3428
312,65823	8376,2256
313,64276	8399,46
314,62729	8407,8447
315,61182	8474,6357
316,59634	8455,3584
317,58087	8435,0596
318,5654	8513,8105
319,54993	8503,5635
320,53445	8472,8799
321,51898	8440,2275
322,50351	8422,7188
323,48804	8438,2295
324,47256	8492,1592
325,45709	8484,1396
326,44162	8490,9443
327,42615	8515,165
328,41068	8489,1787
329,39523	8501,4541
330,37976	8450,0273
331,36429	8439,6045
332,34882	8486,0693
333,33334	8431,9043
334,31787	8382,8271
335,3024	8434,6904
336,28693	8498,6748
337,27145	8506,5166
338,25598	8510,9707
339,24051	8482,125
340,22504	8482,9541
341,20956	8497,1807
342,19409	8500,8555
343,17862	8525,9561
344,16315	8517,0098
345,14767	8536,1924
346,1322	8557,1494
347,11673	8532,2188
348,10126	8555,7461
349,08578	8511,7031
350,07031	8465,9063
351,05484	8459,2656
352,03937	8517,3867
353,0239	8484,5234
354,00845	8485,7617
354,99298	8483,8096
355,97751	8484,8867
356,96204	8534,3369
357,94656	8530,792
358,93109	8484,251
359,91562	8452,917
360,90015	8452,541
361,88467	8443,4902
362,8692	8475,0156
363,85373	8462,5996
364,83826	8460,6338
365,82278	8484,0615
366,80731	8463,874
367,79184	8459,668
368,77637	8471,7861
369,76089	8497,4297
370,74542	8514,1836
371,72995	8445,3418
372,71448	8508,8662
373,69901	8494,0186
374,68353	8452,0117
375,66806	8448,792
376,65259	8501,1152
377,63715	8531,251
378,62167	8444,0029
379,6062	8414,9453
380,59073	8549,8457
381,57526	8493,6846
382,55978	8480,4023
383,54431	8491,4131
384,52884	8498,8477
385,51337	8488,5293
386,49789	8527,3467
387,48242	8529,418
388,46695	8519,0439
389,45148	8512,0205
390,436	8515,0166
391,42053	8490,3867
392,40506	8475,9746
393,38959	8514,7207
394,37411	8508,6709
395,35864	8387,6104
396,34317	8497,2734
397,3277	8428,8369
398,31223	8454,5703
399,29675	8525,0703
400,28128	8522,9785
401,26581	8491,0273
402,25037	8540,1846
403,23489	8543,1758
404,21942	8520,2207
405,20395	8522,46
406,18848	8515,75
407,173	8517,2246
408,15753	8540,6729
409,14206	8551,2305
410,12659	8524,8965
411,11111	8593,9219
412,09564	8541,334
413,08017	8569,0342
414,0647	8603,6143
415,04922	8547,9473
416,03375	8586,1133
417,01828	8614,5723
418,00281	8589,0078
418,98734	8566,0439
419,97186	8594,9873
420,95639	8569,7881
421,94092	8567,4561
422,92545	8561,8027
423,90997	8546,6016
424,8945	8516,4258
425,87906	8449,8633
426,86359	8540,0645
427,84811	8511,7598
428,83264	8461,0039
429,81717	8491,71
430,8017	8532,002
431,78622	8528,082
432,77075	8535,2129
433,75528	8509,5625
434,73981	8453,6279
435,72433	8520,4639
436,70886	8499,7656
437,69339	8540,3584
438,67792	8564,2354
439,66245	8540,2197
440,64697	8566,4473
441,6315	8545,0273
442,61603	8535,7178
443,60056	8545,0195
444,58508	8553,1182
445,56961	8507,3057
446,55414	8479,3311
447,53867	8515,2012
448,52319	8503,9785
449,50772	8456,1602
450,49228	8503,4365
451,47681	8532,5674
452,46133	8526,4902
453,44586	8532,3457
454,43039	8532,832
455,41492	8479,4746
456,39944	8559,3848
457,38397	8555,5029
458,3685	8558,835
459,35303	8558,1523
460,33755	8503,7314
461,32208	8415,5449
462,30661	8475,3389
463,29114	8475,6367
464,27567	8439,3789
465,26019	8437,9404
466,24472	8452,9629
467,22925	8508,9258
468,21378	8467,6924
469,1983	8429,6963
470,18283	8478,5146
471,16736	8547,6338
472,15189	8489,7969
473,13641	8479,0869
474,12094	8493,252
475,1055	8506,1426
476,09003	8511,4971
477,07455	8490,5732
478,05908	8526,0488
479,04361	8532,4336
480,02814	8488,0576
481,01266	8435,875
481,99719	8484,9424
482,98172	8477,5801
483,96625	8484,7705
484,95078	8488,4619
485,9353	8446,9277
486,91983	8472,5059
487,90436	8467,1797
488,88889	8462,3066
489,87341	8459,4033
490,85794	8454,6064
491,84247	8451,8721
492,827	8437,2373
493,81152	8469,6963
494,79605	8449,3564
495,78058	8380,1533
496,76511	8469,3652
497,74963	8434,2803
498,73419	8436,0244
499,71872	8432,8027
500,70325	8394,4609
501,68777	8318,5391
502,6723	8401,8213
503,65683	8397,1689
504,64136	8410,2852
505,62589	8411,8291
506,61041	8352,5439
507,59494	8378,2246
508,57947	8402,126
509,564	8428,7041
510,54852	8419,3037
511,53305	8374,0049
512,51758	8394,8008
513,50214	8447,2256
514,48663	8398,6074
515,47119	8360,6289
516,45569	8385,043
517,44025	8440,1719
518,42474	8371,1787
519,4093	8349,3701
520,3938	8402,4336
521,37836	8446,4443
522,36285	8393,3213
523,34741	8399,1641
524,33191	8472,5156
525,31647	8489,5244
526,30096	8433,627
527,28552	8357,7891
528,27002	8410,8623
529,25458	8472,1465
530,23907	8453,7998
531,22363	8429,9063
532,20813	8442,209
533,19269	8483,6816
534,17719	8380,6943
535,16174	8385,5596
536,1463	8407,9297
537,1308	8414,6172
538,11536	8412,9121
539,09985	8482,6494
540,08441	8324,377
541,06891	8361,084
542,05347	8439,0439
543,03796	8453,7139
544,02252	8449,0449
545,00702	8429,9688
545,99158	8459,5059
546,97607	8475,1699
547,96063	8449,4307
548,94513	8395,9434
549,92969	8438,0986
550,91418	8404,3125
551,89874	8385,041
552,88324	8382,1045
553,8678	8366,7568
554,85229	8286,7354
555,83685	8367,2793
556,82135	8373,416
557,80591	8340,0488
558,79047	8304,9922
559,77496	8300,7197
560,75952	8336,8486
561,74402	8366,8203
562,72858	8371,7451
563,71307	8341,7051
564,69763	8298,2627
565,68213	8313,5039
566,66669	8358,7178
567,65118	8352,0791
568,63574	8326,54
569,62024	8314,4668
570,6048	8329,8945
571,58929	8294,0098
572,57385	8318,4219
573,55835	8309,4033
574,54291	8316,1738
575,5274	8356,5166
576,51196	8349,291
577,49646	8288,7109
578,48102	8361,1084
579,46552	8379,5439
580,45007	8333,0234
581,43457	8311,2451
582,41913	8368,8018
583,40369	8295,2695
584,38818	8352,2051
585,37274	8367,4648
586,35724	8293,9775
587,3418	8331,4014
588,32629	8295,4395
589,31085	8327,4531
590,29535	8337,7881
591,27991	8336,8438
592,2644	8349,8633
593,24896	8301,0752
594,23346	8341,6865
595,21802	8352,9463
596,20251	8306,9307
597,18707	8264,9336
598,17157	8339,0078
599,15613	8396,6914
600,14063	8349,4854
601,12518	8319,8535
602,10968	8329,5576
603,09424	8356,8994
604,07874	8351,2002
605,06329	8313,042
606,04779	8299,2705
607,03235	8285,8906
608,01691	8288,7646
609,0014	8330,0322
609,98596	8351,9473
610,97046	8259,7256
611,95502	8298,2354
612,93951	8314,9141
613,92407	8264,9756
614,90857	8270,8779
615,89313	8296,9307
616,87762	8238,3721
617,86218	8210,8477
618,84668	8236,7773
619,83124	8267,5332
620,81573	8176,1934
621,80029	8296,3477
622,78479	8233,04
623,76935	8149,2993
624,75385	8150,5747
625,7384	8248,123
626,7229	8259,8242
627,70746	8258,7715
628,69196	8237,8037
629,67651	8206,6846
630,66101	8178,0815
631,64557	8163,1069
632,63013	8162,771
633,61462	8132,8335
634,59918	8087,6631
635,58368	8029,5942
636,56824	7969,5088
637,55273	7929,3853
638,53729	7864,27
639,52179	7790,5161
640,50635	7717,0122
641,49084	7634,3472
642,4754	7540,4048
643,4599	7462,7554
644,44446	7461,9839
645,42896	7458,8394
646,41351	7401,1328
647,39801	7347,9238
648,38257	7366,873
649,36707	7350,8281
650,35162	7344,231
651,33612	7428,417
652,32068	7450,061
653,30518	7436,082
654,28973	7515,7183
655,27429	7551,4468
656,25879	7589,0889
657,24335	7695,1768
658,22784	7757,4565
659,2124	7790,8936
660,1969	7921,0737
661,18146	7919,1094
662,16595	8052,6006
663,15051	8051,166
664,13501	8062,6035
665,11957	8144,9927
666,10406	8149,8086
667,08862	8219,707
668,07312	8216,3262
669,05768	8201,8584
670,04218	8229,4395
671,02673	8282,0781
672,01123	8248,2832
672,99579	8181,4736
673,98029	8168,5273
674,96484	8164,1953
675,94934	8139,8228
676,9339	8101,6274
677,9184	8105,9419
678,90295	8212,5361
679,88751	8220,5781
680,87201	8134,7451
681,85657	8103,3115
682,84106	8184,1299
683,82562	8140,2866
684,81012	8138,3149
685,79468	8106,0039
686,77917	8103,9233
687,76373	8117,6128
688,74823	8124,3721
689,73279	8159,874
690,71729	8102,3896
691,70184	8088,7026
692,68634	8108,1226
693,6709	8137,645
694,6554	8157,5522
695,63995	8168,1094
696,62445	8097,4092
697,60901	8090,5068
698,59351	8132,4609
699,57806	8143,8755
700,56256	8092,4048
701,54712	8111,2583
702,53162	8097,6958
703,51617	8134,625
704,50073	8175,3984
705,48523	8185,7285
706,46979	8159,6987
707,45428	8134,4497
708,43884	8124,9604
709,42334	8139,6851
710,4079	8121,624
711,3924	8096,6055
712,37695	8092,4854
713,36145	8072,1016
714,34601	8098,5303
715,33051	8093,4409
716,31506	8069,4526
717,29956	8079,2339
718,28412	8125,7031
719,26862	8112,2695
720,25317	8141,6621
721,23767	8155,2969
722,22223	8113,7446
723,20673	8101,1255
724,19128	8152,6392
725,17578	8178,978
726,16034	8161,0977
727,14484	8165,5703
728,12939	8194,8789
729,11395	8186,4268
730,09845	8149,5913
731,08301	8170,3979
732,0675	8102,6616
733,05206	8117,3267
734,03656	8109,7861
735,02112	8100,3281
736,00562	8112,293
736,99017	8142,9546
737,97467	8156,896
738,95923	8147,9478
739,94373	8103,1382
740,92828	8127,7422
741,91278	8167,252
742,89734	8118,5664
743,88184	8161,4717
744,86639	8153,1089
745,85089	8126,2427
746,83545	8115,5737
747,81995	8160,4438
748,8045	8241,165
749,789	8208,1436
750,77356	8185,2002
751,75812	8145,4414
752,74261	8097,3833
753,72717	8128,8374
754,71167	8208,0195
755,69623	8109,9028
756,68073	8155,8604
757,66528	8187,2559
758,64978	8207,2998
759,63434	8182,2266
760,61884	8100,1987
761,60339	8017,1294
762,58789	8195,8896
763,57245	8180,3208
764,55695	8116,8721
765,5415	8117,4072
766,526	8173,5967
767,51056	8204,6904
768,49506	8185,8691
769,47961	8199,9355
770,46411	8179,2095
771,44867	8133,3188
772,43317	8112,417
773,41772	8130,4907
774,40222	8112,4756
775,38678	8134,1245
776,37134	8094,1499
777,35583	8154,5806
778,34039	8168,9302
779,32489	8108,8096
780,30945	8123,0986
781,29395	8071,4033
782,2785	8065,1533
783,263	8039,6987
784,24756	8089,9087
785,23206	8138,1362
786,21661	8081,7114
787,20111	8091,0376
788,18567	8117,3408
789,17017	8107,8828
790,15472	8112,6104
791,13922	8130,6563
792,12378	8144,6196
793,10828	8138,9351
794,09283	8044,417
795,07733	8079,1523
796,06189	8117,1104
797,04639	8103,0977
798,03094	8026,6733
799,01544	7963,5405
800	8167,6001
800,98456	8076,7666
801,96906	8069,4736
802,95361	8110,3428
803,93811	8096,2822
804,92267	8017,1016
805,90717	8025,6118
806,89172	8122,6909
807,87622	8129,4233
808,86078	8130,5352
809,84528	8138,4883
810,82983	8132,4482
811,81433	8101,0537
812,79889	8113,4893
813,78339	8107,4829
814,76794	8118,9829
815,75244	8124,4136
816,737	8106,8384
817,7215	8078,918
818,70605	8087,1133
819,69055	8171,6328
820,67511	8116,4097
821,65961	8108,8237
822,64417	8112,5386
823,62866	8094,2656
824,61322	8078,3594
825,59778	8158,583
826,58228	8085,2568
827,56683	8063,0801
828,55133	8115,5098
829,53589	8160,9019
830,52039	8174,9819
831,50494	8206,4971
832,48944	8164,1113
833,474	8161,6665
834,4585	8153,479
835,44305	8156,1455
836,42755	8164,8862
837,41211	8166,2759
838,39661	8159,2095
839,38116	8181,3921
840,36566	8157,6982
841,35022	8108,9814
842,33472	8136,0029
843,31927	8171,5996
844,30377	8115,959
845,28833	8135,2852
846,27283	8158,436
847,25739	8156,1733
848,24188	8149,8911
849,22644	8136,7109
850,211	8106,7705
851,1955	8069,7061
852,18005	8108,6187
853,16455	8104,1812
854,14911	8142,7363
855,13361	8152,6514
856,11816	8131,3569
857,10266	8105,4404
858,08722	8092,4717
859,07172	8106,6606
860,05627	8141,186
861,04077	8129,8501
862,02533	8106,5181
863,00983	8108,3008
863,99438	8134,3555
864,97888	8132,9746
865,96344	8106,6836
866,94794	8097,2158
867,9325	8089,0317
868,91699	8074,1851
869,90155	8089,0864
870,88605	8129,5313
871,87061	8063,4053
872,85516	8022,9453
873,83966	8069,9941
874,82422	8059,5562
875,80872	8052,6606
876,79327	8063,0425
877,77777	8062,5562
878,76233	8095,9233
879,74683	8111,0273
880,73138	8139,0313
881,71588	8143,7373
882,70044	8164,1343
883,68494	8220,9063
884,66949	8307,9697
885,65399	8435,8018
886,63855	8493,2207
887,62305	8567,4033
888,6076	8566,4121
889,5921	8511,5029
890,57666	8504,0596
891,56116	8572,6572
892,54572	8431,6104
893,53021	8320,3457
894,51477	8337,3271
895,49927	8359,6006
896,48383	8316,1016
897,46838	8211,417
898,45288	8112,561
899,43744	8098,3911
900,42194	8039,7734
901,40649	7949,8262
902,39099	7971,5103
903,37555	7974,4951
904,36005	7930,9395
905,3446	7926,6831
906,3291	7913,0361
907,31366	7917,9165
908,29816	7881,5464
909,28271	7853,4707
910,26721	7861,6323
911,25177	7865,2773
912,23627	7824,6006
913,22083	7822,4956
914,20532	7841,5898
915,18988	7818,1885
916,17438	7814,9185
917,15894	7854,3926
918,14343	7869,6943
919,12799	7819,3848
920,11249	7822,748
921,09705	7823,7505
922,0816	7779,1138
923,0661	7798,3818
924,05066	7814,2178
925,03516	7809,5234
926,01971	7808,7241
927,00421	7811,3569
927,98877	7747,665
928,97327	7800,1113
929,95782	7774,084
930,94232	7734,4702
931,92688	7758,8892
932,91138	7807,5215
933,89594	7752,272
934,88043	7754,9321
935,86499	7785,1792
936,84949	7756,4971
937,83405	7755,6387
938,81854	7745,3896
939,8031	7733,9292
940,7876	7778,4644
941,77216	7767,9937
942,75665	7777,1733
943,74121	7740,0215
944,72571	7710,9854
945,71027	7700,4531
946,69482	7687,6489
947,67932	7682,8154
948,66388	7771,6157
949,64838	7776,4946
950,63293	7661,2686
951,61743	7677,9585
952,60199	7740,7588
953,58649	7754,6001
954,57104	7712,1313
955,55554	7690,5342
956,5401	7718,3223
957,5246	7630,5376
958,50916	7739,3008
959,49365	7736,7041
960,47821	7701,4102
961,46271	7675,8994
962,44727	7612,5679
963,43176	7743,0366
964,41632	7721,082
965,40082	7677,1343
966,38538	7675,0122
967,36987	7689,5522
968,35443	7686,0425
969,33899	7676,1357
970,32349	7706,6016
971,30804	7625,2744
972,29254	7624,5928
973,2771	7594,7163
974,2616	7643,0977
975,24615	7647,3491
976,23065	7608,1152
977,21521	7665,2563
978,19971	7679,5557
979,18427	7660,1064
980,16876	7706,2817
981,15332	7646,7793
982,13782	7669,3779
983,12238	7714,3892
984,10687	7673,9131
985,09143	7672,6729
986,07593	7741,8403
987,06049	7698,4141
988,04498	7629,9556
989,02954	7618,2041
990,01404	7629,394
990,9986	7671,6328
991,98309	7743,7886
992,96765	7677,8203
993,95221	7650,0161
994,93671	7633,8223
995,92126	7665,8486
996,90576	7657,3374
997,89032	7651,8745
998,87482	7645,3325
999,85938	7588,4907
1000,8439	7770,0415
1001,8284	7683,5728
1002,8129	7654,522
1003,7975	7653,6021
1004,782	7703,7661
1005,7665	7730,2993
1006,751	7708,1294
1007,7356	7758,2388
1008,7201	7792,2915
1009,7047	7821,3643
1010,6891	7801,3135
1011,6737	7767,7969
1012,6582	7772,1802
1013,6428	7775,7905
1014,6273	7743,1821
1015,6118	7759,3154
1016,5963	7701,4219
1017,5809	7782,9521
1018,5654	7813,0039
1019,5499	7784,5469
1020,5345	7760,2563
1021,519	7774,8716
1022,5035	7797,7212
1023,488	7776,4702
1024,4725	7829,0874
1025,4572	7783,5288
1026,4417	7749,356
1027,4261	7761,7827
1028,4106	7805,7471
1029,3953	7854,8984
1030,3798	7863,2207
1031,3643	7752,1841
1032,3488	7800,8696
1033,3334	7871,3174
1034,3179	7839,3643
1035,3024	7869,8735
1036,2869	7897,5347
1037,2715	7880,4414
1038,256	7869,917
1039,2405	7804,0161
1040,225	7872,7837
1041,2096	7885,9746
1042,1941	7895,4839
1043,1786	7866,1685
1044,1632	7859,9771
1045,1477	7901,4863
1046,1322	7949,7158
1047,1167	8011,1182
1048,1013	8059,3696
1049,0858	8166,8701
1050,0703	8230,9688
1051,0548	8315,1309
1052,0394	8502,6855
1053,0239	8743,6865
1054,0084	8964,4707
1054,9929	9288,999
1055,9775	9633,2188
1056,962	10221,626
1057,9465	10947,852
1058,931	11493,376
1059,9156	11893,604
1060,9001	12294,67
1061,8846	12612,299
1062,8691	12481,345
1063,8538	12141,013
1064,8383	11545,734
1065,8228	11091,651
1066,8074	10589,938
1067,7919	10152,195
1068,7764	9766,71
1069,7609	9376,9854
1070,7455	9049,7031
1071,73	8676,3037
1072,7145	8410,6436
1073,699	8335,707
1074,6836	8276,6162
1075,6681	8211,5088
1076,6526	8150,501
1077,6371	8088,7002
1078,6217	8031,6338
1079,6062	8051,3301
1080,5907	8021,5376
1081,5752	7971,8682
1082,5598	7988,2349
1083,5443	8004,2759
1084,5288	7967,6904
1085,5133	7938,5225
1086,4979	7970,6851
1087,4824	7957,0303
1088,4669	7970,8291
1089,4514	7875,8872
1090,436	7882,7051
1091,4205	7924,29
1092,405	7916,6802
1093,3896	7891,3135
1094,3741	7865,1392
1095,3586	7785,9937
1096,3431	7787,9063
1097,3278	7852,9199
1098,3123	7811,7627
1099,2968	7828,5283
1100,2813	7869,2793
1101,2659	7863,1812
1102,2504	7809,0645
1103,2349	7805,3862
1104,2194	7934,9448
1105,204	7861,3018
1106,1885	7928,1987
1107,173	7856,0952
1108,1575	7906,8628
1109,1421	7952,3345
1110,1266	7952,7598
1111,1111	7969,7744
1112,0956	8005,5146
1113,0802	7978,0205
1114,0647	8091,4409
1115,0492	8098,021
1116,0338	8117,2437
1117,0183	8229,6006
1118,0028	8314,7578
1118,9873	8399,7764
1119,9719	8562,7529
1120,9564	8724,5049
1121,9409	8912,4727
1122,9254	9188,8418
1123,91	9515,6523
1124,8945	9915,2158
1125,879	10353,329
1126,8635	10934,302
1127,8481	11617,51
1128,8326	12218,08
1129,8171	12675,096
1130,8016	13077,377
1131,7863	13151,257
1132,7708	12950,242
1133,7552	12507,56
1134,7397	11924,107
1135,7244	11289,905
1136,7089	10687,562
1137,6934	10150,272
1138,678	9629,9473
1139,6625	9235,8711
1140,647	8729,3047
1141,6315	8441,1709
1142,6161	8185,4341
1143,6006	7988,1846
1144,5851	7827,2432
1145,5696	7716,9453
1146,5542	7697,0747
1147,5387	7673,0537
1148,5232	7564,3096
1149,5077	7649,5947
1150,4923	7592,1396
1151,4768	7555,0054
1152,4613	7545,1343
1153,4458	7540,2026
1154,4304	7527,3838
1155,4149	7495,8076
1156,3994	7445,0405
1157,3839	7476,8921
1158,3685	7534,0488
1159,353	7564,1699
1160,3375	7562,5435
1161,322	7606,5674
1162,3066	7673,1528
1163,2911	7741,542
1164,2756	7827,4282
1165,2603	7921,3481
1166,2448	8038,8716
1167,2292	8233,5547
1168,2137	8359,4541
1169,1984	8410,1621
1170,1829	8385,0029
1171,1674	8300,7783
1172,1519	8209,7188
1173,1365	8109,9194
1174,121	7950,5806
1175,1055	7880,3276
1176,09	7747,8174
1177,0746	7625,3706
1178,0591	7549,4775
1179,0436	7542,9287
1180,0281	7531,7178
1181,0127	7485,1855
1181,9972	7406,8608
1182,9817	7335,3896
1183,9662	7385,585
1184,9508	7367,8892
1185,9353	7334,7212
1186,9198	7383,9971
1187,9044	7318,6187
1188,8889	7277,1885
1189,8734	7302,332
1190,8579	7303,5786
1191,8425	7270,6587
1192,827	7328,7075
1193,8115	7304,0801
1194,796	7406,7607
1195,7806	7303,0347
1196,7651	7270,2773
1197,7496	7294,7925
1198,7341	7315,9717
1199,7188	7304,5684
1200,7032	7262,9648
1201,6877	7223,7173
1202,6722	7251,7017
1203,6569	7303,7988
1204,6414	7263,5361
1205,6259	7319,8579
1206,6104	7360,2642
1207,595	7375,7686
1208,5795	7388,7437
1209,564	7348,2407
1210,5486	7256,6279
1211,5331	7245,6606
1212,5176	7311,6265
1213,5021	7336,4614
1214,4867	7364,7813
1215,4712	7345,5327
1216,4557	7313,6089
1217,4402	7301,5581
1218,4248	7284,2622
1219,4093	7292,1094
1220,3938	7325,8433
1221,3783	7279,3765
1222,3629	7271,6772
1223,3474	7423,8262
1224,3319	7238,4438
1225,3164	7227,0024
1226,301	7213,5083
1227,2855	7236,8965
1228,27	7287,6157
1229,2545	7308,729
1230,2391	7290,0078
1231,2236	7280,7183
1232,2081	7312,6597
1233,1926	7229,9297
1234,1772	7284,1479
1235,1617	7302,5767
1236,1462	7301,8608
1237,1309	7248,2129
1238,1154	7205,7358
1239,0999	7198,3784
1240,0844	7202,5923
1241,069	7223,2598
1242,0535	7147,0752
1243,038	7156,6851
1244,0225	7138,8906
1245,0071	7158,7554
1245,9916	7131,2754
1246,9761	7181,8789
1247,9606	7158,1079
1248,9452	7071,0698
1249,9297	7062,7534
1250,9142	7093,8911
1251,8987	7158,9082
1252,8833	7083,3604
1253,8678	7048,688
1254,8523	6996,3701
1255,8368	7047,3911
1256,8214	7056,8413
1257,8059	7072,0239
1258,7904	7109,6055
1259,775	7144,1392
1260,7595	7159,8467
1261,744	7166,4814
1262,7285	7169,625
1263,7131	7262,0122
1264,6976	7269,7153
1265,6821	7334,2578
1266,6666	7370,1445
1267,6512	7381,5537
1268,6357	7407,7051
1269,6202	7422,1006
1270,6047	7410,5908
1271,5894	7401,7925
1272,5739	7393,7666
1273,5583	7395,7393
1274,5428	7438,3667
1275,5275	7449,3589
1276,512	7405,7515
1277,4965	7460,6738
1278,481	7503,312
1279,4656	7522,2046
1280,4501	7499,4922
1281,4346	7521,2759
1282,4191	7615,7915
1283,4037	7691,728
1284,3882	7820,6396
1285,3727	8013,7368
1286,3573	8288,8809
1287,3418	8662,5801
1288,3263	9121,0947
1289,3108	9817,8184
1290,2954	10686,356
1291,2799	11767,741
1292,2644	13082,756
1293,2489	14309,35
1294,2335	15063,941
1295,218	15057,934
1296,2025	14382,247
1297,187	13522,441
1298,1716	12667,749
1299,1561	11767,375
1300,1406	11021,864
1301,1251	10319,438
1302,1097	9618,6953
1303,0942	9055,1504
1304,0787	8611,3857
1305,0632	8289,5879
1306,0479	8030,1348
1307,0323	7963,2231
1308,0168	7814,9292
1309,0015	7737,7002
1309,986	7676,8794
1310,9705	7636,1172
1311,955	7598,0942
1312,9396	7541,0547
1313,9241	7509,751
1314,9086	7533,8213
1315,8931	7410,2207
1316,8777	7427,1357
1317,8622	7346,0552
1318,8467	7286,939
1319,8312	7219,1768
1320,8158	7128,6992
1321,8003	7150,8193
1322,7848	7206,5024
1323,7693	7171,2944
1324,7539	7133,7397
1325,7384	7140,4785
1326,7229	7154,002
1327,7074	7105,5254
1328,692	7144,394
1329,6765	7108,8735
1330,661	7078,9229
1331,6456	7093,0781
1332,6301	7109,4419
1333,6146	7112,9609
1334,5991	7102,3491
1335,5837	7075,3306
1336,5682	7099,6826
1337,5527	7090,4658
1338,5372	7091,3228
1339,5219	7135,4595
1340,5063	7109,6719
1341,4908	7100,1475
1342,4753	7084,6851
1343,46	7108,5254
1344,4445	7116,1924
1345,429	7069,5723
1346,4135	7063,2417
1347,3981	7092,6304
1348,3826	7082,7417
1349,3671	7123,1997
1350,3516	7081,4834
1351,3362	7116
1352,3207	7148,4766
1353,3052	7115,8843
1354,2897	7113,3198
1355,2743	7120,6235
1356,2588	7089,3423
1357,2433	7075,9043
1358,2279	7109,6968
1359,2124	7133,2974
1360,1969	7147,3252
1361,1814	7178,022
1362,166	7223,5957
1363,1505	7255,2021
1364,135	7316,6313
1365,1195	7360,6758
1366,1041	7416,0869
1367,0886	7468,8628
1368,0731	7453,4092
1369,0576	7405,8398
1370,0422	7425,939
1371,0267	7408,7905
1372,0112	7379,8804
1372,9957	7396,1416
1373,9803	7275,7485
1374,9648	7230,1377
1375,9493	7232,521
1376,9338	7225,895
1377,9185	7169,5737
1378,903	7100,7646
1379,8875	7091,8472
1380,8721	7126,7261
1381,8566	7139,4385
1382,8411	7126,2241
1383,8256	7080,7832
1384,8102	7045,8872
1385,7947	7071,6309
1386,7792	7050,4033
1387,7637	7009,0396
1388,7483	7009,2998
1389,7328	7036,0327
1390,7173	7040,2925
1391,7018	7021,0737
1392,6864	7011,2822
1393,6709	7011,2368
1394,6554	7004,8623
1395,6399	7009,4048
1396,6245	7015,6743
1397,609	7065,2256
1398,5935	7086,5083
1399,578	7070,4839
1400,5626	7061,6621
1401,5471	7087,6401
1402,5316	7118,9858
1403,5162	7123,1475
1404,5007	7131,4404
1405,4852	7182,644
1406,4697	7229,5894
1407,4543	7295,9629
1408,4388	7485,7725
1409,4233	7621,8525
1410,4078	7774,918
1411,3925	8045,6455
1412,377	8346,0645
1413,3615	8669,6631
1414,3459	9066,8877
1415,3306	9486,3672
1416,3151	9792,8115
1417,2996	9918,0801
1418,2841	9880,168
1419,2687	9723,9453
1420,2532	9614,5938
1421,2377	9397,8184
1422,2222	9256,6611
1423,2068	9091,082
1424,1913	8984,6113
1425,1758	8895,5967
1426,1603	8825,1025
1427,1449	8838,3418
1428,1294	8941,0869
1429,1139	9111,832
1430,0985	9399,4512
1431,083	9766,0967
1432,0675	10247,918
1433,052	10721,652
1434,0366	11265,668
1435,0211	11965,897
1436,0056	12804,631
1436,9901	13632,662
1437,9747	14187,534
1438,9592	14490,165
1439,9437	14564,193
1440,9282	14328,419
1441,9128	13913,069
1442,8973	13427,62
1443,8818	12981,511
1444,8663	12394,212
1445,851	11960,499
1446,8354	11683,517
1447,8199	11397,964
1448,8044	11129,698
1449,7891	11024,384
1450,7736	10952,298
1451,7581	10905,529
1452,7427	10939,331
1453,7272	11033,491
1454,7117	11146,381
1455,6962	11195,585
1456,6808	11396,115
1457,6653	11473,082
1458,6498	11469,999
1459,6343	11622,269
1460,6189	11730,308
1461,6034	11660,449
1462,5879	11624,34
1463,5724	11547,305
1464,557	11365,873
1465,5415	11180,353
1466,526	10997,146
1467,5105	10703,156
1468,4951	10372,696
1469,4796	10143,277
1470,4641	9815,2979
1471,4486	9506,2529
1472,4332	9236,834
1473,4177	9052,291
1474,4022	8788,8945
1475,3867	8523,4971
1476,3713	8395,999
1477,3558	8299,0342
1478,3403	8119,0498
1479,325	7990,5615
1480,3094	7942,3594
1481,2939	7856,9214
1482,2784	7821,7168
1483,2631	7680,8896
1484,2476	7655,4292
1485,2321	7546,646
1486,2166	7566,1343
1487,2012	7574,4214
1488,1857	7459,7827
1489,1702	7430,7856
1490,1547	7393,5015
1491,1393	7354,6812
1492,1238	7324,3311
1493,1083	7312,2075
1494,0928	7303,5898
1495,0774	7255,0977
1496,0619	7200,8872
1497,0464	7224,0615
1498,0309	7256,2324
1499,0155	7196,1895
1500	7201,7368
1500,9845	7176,7695
1501,9691	7157,2803
1502,9536	7156,8545
1503,9381	7167,667
1504,9226	7193,6553
1505,9072	7142,5166
1506,8917	7082,9243
1507,8762	7083,8994
1508,8607	7088,7778
1509,8453	7064,0591
1510,8298	7052,4927
1511,8143	7076,8975
1512,7988	7039,1519
1513,7834	7025,0796
1514,7679	7052,9307
1515,7524	7105,1392
1516,7369	7130,2178
1517,7216	7042,6265
1518,7061	7069,9487
1519,6906	7063,7939
1520,675	7059,1147
1521,6597	7052,5938
1522,6442	7001,5376
1523,6287	6975,3872
1524,6133	6997,3589
1525,5978	6974,7896
1526,5823	6971,2563
1527,5668	6978,3052
1528,5514	7044,6563
1529,5359	6985,6519
1530,5204	7000,1904
1531,5049	7005,7939
1532,4895	6980,3154
1533,474	6969,2554
1534,4585	6970,1392
1535,443	6990,0112
1536,4276	7018,9346
1537,4121	6977,9077
1538,3966	6929,9287
1539,3811	6968,5859
1540,3657	7004,2935
1541,3502	6989,1274
1542,3347	6966,5146
1543,3192	7023,311
1544,3038	7005,624
1545,2883	6998,0674
1546,2728	6953,876
1547,2573	6967,6289
1548,2419	6984,2031
1549,2264	6987,9175
1550,2109	6952,8833
1551,1956	6960,7778
1552,1801	6982,1875
1553,1646	6986,4707
1554,149	6992,8262
1555,1337	6980,1816
1556,1182	6932,1514
1557,1027	6933,2031
1558,0872	7012,2632
1559,0718	6986,749
1560,0563	6872,7769
1561,0408	6880,7256
1562,0253	6917,3457
1563,0099	6926,4741
1563,9944	6888,9644
1564,9789	6914,8506
1565,9634	6953,3877
1566,948	6968,8218
1567,9325	6912,1025
1568,917	6857,8389
1569,9015	6869,9932
1570,8861	6886,2813
1571,8706	6900,2393
1572,8551	6937,6294
1573,8397	6920,0835
1574,8242	6951,8755
1575,8087	6914,4336
1576,7932	6921,2993
1577,7778	6866,8403
1578,7623	6838,5264
1579,7468	6973,3374
1580,7313	6966,355
1581,7159	6975,6201
1582,7004	6923,0732
1583,6849	6897,6694
1584,6694	6918,061
1585,6541	6972,0806
1586,6385	6950,5352
1587,623	6929,9067
1588,6075	6915,2212
1589,5922	6859,897
1590,5767	6895,3345
1591,5612	6876,6934
1592,5457	6933,0337
1593,5303	6894,1914
1594,5148	6885,8735
1595,4993	6947,7612
1596,4838	6838,9434
1597,4684	6865,2134
1598,4529	6849,9546
1599,4374	6889,3325
1600,422	6851,1689
1601,4065	6768,4727
1602,391	6810,0825
1603,3755	6870,9238
1604,3601	6890,5972
1605,3446	6886,751
1606,3291	6865,2593
1607,3136	6840,7744
1608,2982	6822,6865
1609,2827	6826,8892
1610,2672	6853,562
1611,2517	6867,8369
1612,2363	6866,0396
1613,2208	6867,2197
1614,2053	6857,6929
1615,1898	6827,4292
1616,1744	6869,4014
1617,1589	6840,2866
1618,1434	6801,3213
1619,1279	6790,3359
1620,1125	6823,0527
1621,097	6804,4014
1622,0815	6802,1626
1623,0662	6785,8057
1624,0507	6765,7432
1625,0352	6775,4282
1626,0197	6768,6211
1627,0043	6749,8467
1627,9888	6758,7808
1628,9733	6765,6553
1629,9578	6733,5068
1630,9424	6783,583
1631,9269	6808,4688
1632,9114	6891,8438
1633,8959	6761,3887
1634,8805	6785,876
1635,865	6727,6992
1636,8495	6721,6426
1637,834	6747,1333
1638,8186	6800,4004
1639,8031	6760,8672
1640,7876	6720,1792
1641,7721	6686,6182
1642,7567	6685,2017
1643,7412	6692,0405
1644,7257	6672,186
1645,7103	6688,1465
1646,6948	6744,2651
1647,6793	6746,0635
1648,6638	6712,1807
1649,6484	6686,7217
1650,6329	6655,8008
1651,6174	6642,2212
1652,6019	6664,1138
1653,5865	6649,6221
1654,571	6672,4629
1655,5555	6666,2324
1656,54	6677,374
1657,5247	6679,8799
1658,5092	6660,7134
1659,4937	6629,4277
1660,4781	6645,2773
1661,4628	6642,2876
1662,4473	6640,6211
1663,4318	6636,8184
1664,4163	6655,6211
1665,4009	6662,0801
1666,3854	6668,6304
1667,3699	6690,3096
1668,3544	6651,4058
1669,339	6616,9888
1670,3235	6631,7856
1671,308	6602,5757
1672,2926	6675,5396
1673,2771	6608,7466
1674,2616	6587,1274
1675,2461	6675,5605
1676,2307	6665,2617
1677,2152	6643,7832
1678,1997	6654,0527
1679,1842	6676,8242
1680,1688	6568,2065
1681,1533	6657,5103
1682,1378	6625,8218
1683,1223	6632,332
1684,1069	6626,2295
1685,0914	6605,4492
1686,0759	6611,8179
1687,0604	6656,2144
1688,045	6659,0762
1689,0295	6621,4814
1690,014	6609,3823
1690,9985	6643,5313
1691,9832	6665,772
1692,9677	6574,7217
1693,9521	6571,9194
1694,9368	6648,3145
1695,9213	6620,0503
1696,9058	6544,3608
1697,8903	6600,8696
1698,8749	6650,6318
1699,8594	6574,2578
1700,8439	6594,96
1701,8284	6581,2363
1702,813	6554,8433
1703,7975	6531,3579
1704,782	6554,561
1705,7665	6533,9478
1706,7511	6564,5879
1707,7356	6489,1875
1708,7201	6436,2749
1709,7046	6425,6934
1710,6892	6363,2876
1711,6737	6302,1138
1712,6582	6256,1982
1713,6427	6228,9014
1714,6273	6221,8262
1715,6118	6180,793
1716,5963	6093,5547
1717,5809	6005,5063
1718,5654	5998,4302
1719,5499	6004,7759
1720,5344	6042,8779
1721,519	5987,043
1722,5035	5988,9087
1723,488	6026,9355
1724,4725	5996,8804
1725,4572	6001,7393
1726,4417	6044,2256
1727,4261	6173,0249
1728,4106	6114,4536
1729,3953	6169,542
1730,3798	6211,3296
1731,3643	6291,1318
1732,3488	6374,4956
1733,3334	6403,064
1734,3179	6411,2573
1735,3024	6440,6792
1736,2869	6447,9155
1737,2715	6454,4858
1738,256	6477,2173
1739,2405	6440,2471
1740,225	6441,6123
1741,2096	6471,4834
1742,1941	6454,5317
1743,1786	6427,4839
1744,1632	6390,0952
1745,1477	6392,7744
1746,1322	6379,7495
1747,1167	6356,2427
1748,1013	6360,958
1749,0858	6371,3252
1750,0703	6368,3081
1751,0548	6369,2876
1752,0394	6391,4844
1753,0239	6375,7222
1754,0084	6379,707
1754,9929	6362,665
1755,9775	6308,3809
1756,962	6364,0293
1757,9465	6344,3228
1758,931	6382,0571
1759,9156	6337,4766
1760,9001	6297,6802
1761,8846	6352,1274
1762,8691	6405,4038
1763,8538	6393,6548
1764,8383	6390,5068
1765,8228	6380,6646
1766,8074	6358,1064
1767,7919	6356,1597
1768,7764	6354,3384
1769,7609	6330,4722
1770,7455	6346,2227
1771,73	6383,6177
1772,7145	6362,0791
1773,699	6336,7534
1774,6836	6342,6611
1775,6681	6308,9985
1776,6526	6250,54
1777,6371	6244,3926
1778,6217	6301,0659
1779,6062	6295,3037
1780,5907	6319,3789
1781,5752	6317,9043
1782,5598	6318,5781
1783,5443	6298,7148
1784,5288	6328,3618
1785,5133	6330,0117
1786,4979	6285,0015
1787,4824	6300,1753
1788,4669	6318,6309
1789,4514	6296,0776
1790,436	6326,8184
1791,4205	6214,4004
1792,405	6249,7388
1793,3896	6282,0493
1794,3741	6345,4448
1795,3586	6245,5347
1796,3431	6297,2817
1797,3278	6280,2705
1798,3123	6243,7939
1799,2968	6232,2881
1800,2813	6252,0034
1801,2659	6242,5659
1802,2504	6210,9824
1803,2349	6179,3032
1804,2194	6213,0518
1805,204	6239,4438
1806,1885	6191,0024
1807,173	6128,7852
1808,1575	6081,8784
1809,1421	6074,689
1810,1266	6137,3271
1811,1111	6184,1694
1812,0956	6172,0977
1813,0802	6164,3813
1814,0647	6165,5605
1815,0492	6161,0254
1816,0338	6146,1909
1817,0183	6132,335
1818,0028	6120,9785
1818,9873	6119,3311
1819,9719	6115,8984
1820,9564	6097,9468
1821,9409	6118,2002
1822,9254	6109,6025
1823,91	6174,333
1824,8945	6148,8799
1825,879	6123,0142
1826,8635	6091,1714
1827,8481	6101,6392
1828,8326	6096,1089
1829,8171	6064,8247
1830,8016	6033,4199
1831,7863	6007,8867
1832,7708	6011,6309
1833,7552	6088,502
1834,7397	6046,7422
1835,7244	6118,2202
1836,7089	6007,1333
1837,6934	6039,2515
1838,678	6048,4067
1839,6625	5948,5063
1840,647	5965,4766
1841,6315	6019,9478
1842,6161	5981,1416
1843,6006	5999,7119
1844,5851	5946,5547
1845,5696	5982,2944
1846,5542	5960,6436
1847,5387	5906,5293
1848,5232	5934,8203
1849,5077	5879,0078
1850,4923	5888,8901
1851,4768	5903,8652
1852,4613	5930,7197
1853,4458	5919,4028
1854,4304	5906,7725
1855,4149	5921,1147
1856,3994	5876,8447
1857,3839	5839,6699
1858,3685	5876,3848
1859,353	5903,3047
1860,3375	5908,6704
1861,322	5877,8921
1862,3066	5827,4644
1863,2911	5805,9995
1864,2756	5792,5513
1865,2603	5832,9697
1866,2448	5847,1621
1867,2292	5825,1387
1868,2137	5821,5337
1869,1984	5792,7485
1870,1829	5788,0708
1871,1674	5784,2554
1872,1519	5835,5996
1873,1365	5812,5957
1874,121	5837,7788
1875,1055	5884,1626
1876,09	5838,9355
1877,0746	5800,7334
1878,0591	5776,9482
1879,0436	5772,2993
1880,0281	5784,1309
1881,0127	5747,3052
1881,9972	5746,4287
1882,9817	5736,9136
1883,9662	5755,5391
1884,9508	5749,311
1885,9353	5638,7207
1886,9198	5683,4263
1887,9044	5595,8062
1888,8889	5680,9375
1889,8734	5702,2329
1890,8579	5760,23
1891,8425	5711,3555
1892,827	5766,1016
1893,8115	5706,8042
1894,796	5732,1714
1895,7806	5663,5391
1896,7651	5708,0205
1897,7496	5622,248
1898,7341	5682,603
1899,7188	5673,3555
1900,7032	5718,9126
1901,6877	5610,8086
1902,6722	5660,2295
1903,6569	5673,1987
1904,6414	5703,9526
1905,6259	5748,2905
1906,6104	5666,9321
1907,595	5618,9619
1908,5795	5600,2617
1909,564	5640,6353
1910,5486	5635,3306
1911,5331	5623,7612
1912,5176	5628,417
1913,5021	5624,3037
1914,4867	5542,2095
1915,4712	5589,0332
1916,4557	5544,4272
1917,4402	5599,8574
1918,4248	5560,231
1919,4093	5552,792
1920,3938	5616,9082
1921,3783	5537,4302
1922,3629	5583,0015
1923,3474	5576,6631
1924,3319	5520,5439
1925,3164	5582,2046
1926,301	5580,7651
1927,2855	5584,1045
1928,27	5601,9917
1929,2545	5563,6631
1930,2391	5528,5117
1931,2236	5562,4126
1932,2081	5554,2686
1933,1926	5568,541
1934,1772	5611,2222
1935,1617	5608,103
1936,1462	5545,8931
1937,1309	5541,3237
1938,1154	5596,5913
1939,0999	5550,0063
1940,0844	5567,5698
1941,069	5577,7949
1942,0535	5544,0244
1943,038	5484,2847
1944,0225	5514,3633
1945,0071	5497,9878
1945,9916	5511,002
1946,9761	5501,1943
1947,9606	5468,6934
1948,9452	5477,2515
1949,9297	5446,4526
1950,9142	5452,9155
1951,8987	5484,9404
1952,8833	5493,0054
1953,8678	5488,4658
1954,8523	5467,8823
1955,8368	5495,8062
1956,8214	5463,1001
1957,8059	5434,8145
1958,7904	5387,0659
1959,775	5439,2817
1960,7595	5487,8628
1961,744	5429,4077
1962,7285	5414,3779
1963,7131	5423,8877
1964,6976	5370,2158
1965,6821	5384,8184
1966,6666	5439,23
1967,6512	5426,4272
1968,6357	5412,6309
1969,6202	5405,1689
1970,6047	5405,1797
1971,5894	5370,5146
1972,5739	5374,0386
1973,5583	5352,502
1974,5428	5370,7822
1975,5275	5367,3047
1976,512	5269,0039
1977,4965	5251,6768
1978,481	5280,5879
1979,4656	5283,6294
1980,4501	5281,311
1981,4346	5278,3535
1982,4191	5291,3867
1983,4037	5289,0132
1984,3882	5247,1084
1985,3727	5309,105
1986,3573	5290,2026
1987,3418	5264,814
1988,3263	5233,0674
1989,3108	5251,646
1990,2954	5220,3652
1991,2799	5236,979
1992,2644	5175,4268
1993,2489	5236,0845
1994,2335	5259,3799
1995,218	5218,7744
1996,2025	5212,2734
1997,187	5170,4829
1998,1716	5181,6206
1999,1561	5200,999
2000,1406	5213,6846
2001,1251	5216,189
2002,1097	5241,1875
2003,0942	5192,0454
2004,0787	5168,458
2005,0632	5209,2534
2006,0479	5221,7788
2007,0323	5239,0913
2008,0168	5170,2368
2009,0015	5120,2466
2009,986	5120,5537
2010,9705	5172,2095
2011,955	5129,2607
2012,9396	5123,21
2013,9241	5097,9648
2014,9086	5046,8452
2015,8931	5082,8145
2016,8777	5123,2085
2017,8622	5145,5073
2018,8467	5132,8696
2019,8312	5132,5317
2020,8158	5077,8965
2021,8003	5097,3301
2022,7848	5117,3511
2023,7693	5077,2969
2024,7539	5078,1675
2025,7384	5060,686
2026,7229	5111,8101
2027,7074	5012,0825
2028,692	5070,2021
2029,6765	5042,2847
2030,661	5062,5864
2031,6456	4958,355
2032,6301	5013,6558
2033,6146	5074,918
2034,5991	5055,5815
2035,5837	5028,5557
2036,5682	4950,9443
2037,5527	4964,0112
2038,5372	5039,0977
2039,5219	5030,2432
2040,5063	4997,7158
2041,4908	4982,811
2042,4753	5001,7573
2043,46	4972,0313
2044,4445	4998,8906
2045,429	4996,5298
2046,4135	5005,1294
2047,3981	4968,5762
2048,3826	4905,6597
2049,3672	4923,3394
2050,3516	4894,9492
2051,3362	4918,9063
2052,3206	4910,8794
2053,3052	4884,5659
2054,2898	4876,0859
2055,2742	4901,7534
2056,2588	4851,5234
2057,2434	4810,1592
2058,2278	4780,3003
2059,2124	4847,9248
2060,197	4824,6631
2061,1814	4773,6221
2062,166	4801,0508
2063,1504	4863,3022
2064,135	4880,6201
2065,1196	4867,4644
2066,104	4852,6665
2067,0886	4859,5752
2068,0732	4871,8008
2069,0576	4885,9614
2070,0422	4839,7515
2071,0266	4830,1929
2072,0112	4825,5308
2072,9958	4829,5894
2073,9802	4818,7148
2074,9648	4826,7983
2075,9495	4833,6372
2076,9338	4824,0957
2077,9185	4840,7861
2078,9028	4842,9941
2079,8875	4762,5884
2080,8721	4752,0649
2081,8564	4757,5015
2082,8411	4743,7378
2083,8257	4734,9067
2084,8101	4729,3784
2085,7947	4727,6709
2086,7793	4733,6719
2087,7637	4720,8882
2088,7483	4661,3345
2089,7327	4686,2915
2090,7173	4664,2119
2091,7019	4739,9995
2092,6863	4684,5342
2093,6709	4757,708
2094,6555	4693,8081
2095,6399	4689,2466
2096,6245	4722,6865
2097,6089	4755,3716
2098,5935	4728,7109
2099,5781	4751,3765
2100,5625	4756,2524
2101,5471	4717,5664
2102,5317	4726,1592
2103,5161	4695,2256
2104,5007	4625,8296
2105,4854	4640,5957
2106,4697	4677,6406
2107,4543	4654,9604
2108,4387	4643,2168
2109,4233	4611,6265
2110,408	4611,7583
2111,3923	4621,5386
2112,377	4633,1313
2113,3616	4641,9697
2114,3459	4610,0161
2115,3306	4567,9517
2116,3149	4623,1147
2117,2996	4635,9795
2118,2842	4629,4604
2119,2686	4601,4287
2120,2532	4576,1606
2121,2378	4591,6304
2122,2222	4600,2715
2123,2068	4572,7949
2124,1912	4547,6406
2125,1758	4550,2388
2126,1604	4531,9316
2127,1448	4485,3115
2128,1294	4491,0068
2129,114	4528,5718
2130,0984	4518,1919
2131,083	4549,6729
2132,0676	4513,2446
2133,052	4471,0801
2134,0366	4503,6563
2135,021	4532,7881
2136,0056	4466,3306
2136,9902	4443,0244
2137,9746	4482,0742
2138,9592	4427,7183
2139,9438	4456,5044
2140,9282	4464,1196
2141,9128	4448,9927
2142,8972	4460,8887
2143,8818	4476,3291
2144,8665	4439,6011
2145,8508	4489,188
2146,8354	4468,2036
2147,8201	4463,7378
2148,8044	4453,1206
2149,7891	4456,3408
2150,7734	4463,022
2151,7581	4431,2656
2152,7427	4437,2217
2153,7271	4450,5117
2154,7117	4387,9751
2155,6963	4385,9873
2156,6807	4402,3618
2157,6653	4410,3916
2158,6499	4438,4893
2159,6343	4444,8643
2160,6189	4435,2744
2161,6033	4428,0757
2162,5879	4404,4595
2163,5725	4372,1724
2164,5569	4363,1021
2165,5415	4408,4365
2166,5261	4422,8574
2167,5105	4339,437
2168,4951	4368,9072
2169,4795	4402,9585
2170,4641	4426,2915
2171,4487	4384,4258
2172,4331	4381,0762
2173,4177	4364,7432
2174,4023	4421,77
2175,3867	4455,7817
2176,3713	4446,0972
2177,356	4463,8984
2178,3403	4490,792
2179,325	4460,2817
2180,3093	4450,1187
2181,2939	4472,1919
2182,2786	4478,7334
2183,2629	4435,874
2184,2476	4437,2021
2185,2322	4400,9102
2186,2166	4431,7656
2187,2012	4417,7124
2188,1855	4400,313
2189,1702	4387,9731
2190,1548	4322,4883
2191,1392	4339,9663
2192,1238	4329,3813
2193,1084	4279,7949
2194,0928	4199,2969
2195,0774	4237,4526
2196,0618	4247,5029
2197,0464	4210,1636
2198,031	4219,1289
2199,0154	4162,7983
2200	4162,5132
2200,9846	4135,3994
2201,969	4156,8979
2202,9536	4142,1094
2203,9382	4146,5903
2204,9226	4141,8032
2205,9072	4102,2876
2206,8916	4141,9917
2207,8762	4147,1514
2208,8608	4096,9561
2209,8452	4048,8789
2210,8298	4096,2114
2211,8145	4107,3071
2212,7988	4052,261
2213,7834	4102,623
2214,7678	4041,5513
2215,7524	4017,1445
2216,7371	4061,7778
2217,7214	4042,9131
2218,7061	4047,199
2219,6907	4016,5793
2220,675	4025,1946
2221,6597	4084,9844
2222,644	3982,6702
2223,6287	4023,0283
2224,6133	3999,9507
2225,5977	4017,6775
2226,5823	4000,1509
2227,5669	3964,2974
2228,5513	4016,6458
2229,5359	4006,918
2230,5205	4005,2085
2231,5049	3995,4028
2232,4895	4003,7861
2233,4739	4011,1392
2234,4585	3970,9307
2235,4431	3969,9346
2236,4275	3946,9163
2237,4121	3957,5137
2238,3967	3945,6833
2239,3811	3957,0522
2240,3657	3984,6443
2241,3501	3930,4292
2242,3347	3881,9392
2243,3193	3902,5671
2244,3037	3875,4192
2245,2883	3911,5652
2246,2729	3875,105
2247,2573	3874,8884
2248,2419	3844,9055
2249,2266	3849,5413
2250,2109	3844,4558
2251,1956	3876,5266
2252,1799	3870,3445
2253,1646	3866,7139
2254,1492	3853,2227
2255,1335	3883,4243
2256,1182	3898,9373
2257,1028	3869,9722
2258,0872	3888,937
2259,0718	3885,1167
2260,0562	3850,1057
2261,0408	3857,134
2262,0254	3871,2463
2263,0098	3858,917
2263,9944	3873,0686
2264,979	3863,8196
2265,9634	3828,8657
2266,948	3851,1399
2267,9324	3840,1042
2268,917	3816,1433
2269,9016	3789,5195
2270,886	3794,4595
2271,8706	3797,8315
2272,8552	3805,8459
2273,8396	3823,8928
2274,8242	3811,3892
2275,8088	3837,5774
2276,7932	3849,7461
2277,7778	3794,2065
2278,7622	3789,3245
2279,7468	3799,2993
2280,7314	3803,1689
2281,7158	3761,6343
2282,7004	3792,3164
2283,6851	3760,114
2284,6694	3795,2273
2285,6541	3763,0684
2286,6384	3725,3025
2287,623	3781,0012
2288,6077	3789,4583
2289,592	3761,2505
2290,5767	3756,2803
2291,5613	3773,0549
2292,5457	3778,019
2293,5303	3780,364
2294,5146	3816,0427
2295,4993	3803,3645
2296,4839	3763,6187
2297,4683	3771,6514
2298,4529	3757,7576
2299,4375	3786,2217
2300,4219	3768,6448
2301,4065	3727,1108
2302,3911	3764,1411
2303,3755	3743,522
2304,3601	3748,3179
2305,3445	3710,4766
2306,3291	3689,3572
2307,3137	3722,5129
2308,2981	3714,8972
2309,2827	3721,4971
2310,2673	3713,1196
2311,2517	3713,6482
2312,2363	3730,8835
2313,2207	3762,7053
2314,2053	3709,1384
2315,1899	3695,6323
2316,1743	3741,1519
2317,1589	3705,8831
2318,1436	3736,8376
2319,1279	3713,9619
2320,1125	3730,0339
2321,0972	3733,5193
2322,0815	3680,2461
2323,0662	3723,0967
2324,0505	3707,6633
2325,0352	3765,1184
2326,0198	3765,1802
2327,0042	3715,0432
2327,9888	3706,7478
2328,9734	3693,9526
2329,9578	3682,6399
2330,9424	3682,1038
2331,9268	3676,4617
2332,9114	3721,4075
2333,896	3715,5356
2334,8804	3737,3042
2335,865	3682,415
2336,8496	3706,2793
2337,834	3715,8547
2338,8186	3706,3127
2339,803	3677,5269
2340,7876	3662,824
2341,7722	3628,3738
2342,7566	3669,7783
2343,7412	3712,1008
2344,7258	3674,2119
2345,7102	3679,0012
2346,6948	3676,2434
2347,6794	3686,5085
2348,6638	3690,3333
2349,6484	3631,4077
2350,6328	3641,8572
2351,6174	3599,4773
2352,6021	3621,1799
2353,5864	3670,5356
2354,571	3619,3086
2355,5557	3676,2688
2356,54	3652,0244
2357,5247	3638,7139
2358,509	3650,6992
2359,4937	3610,217
2360,4783	3606,1631
2361,4626	3641,8052
2362,4473	3664,634
2363,4319	3701,6106
2364,4163	3638,4287
2365,4009	3608,1135
2366,3853	3630,7612
2367,3699	3619,8064
2368,3545	3585,4973
2369,3389	3607,9231
2370,3235	3576,7451
2371,3081	3613,0239
2372,2925	3646,7456
2373,2771	3634,71
2374,2617	3567,2625
2375,2461	3646,0786
2376,2307	3608,5554
2377,2151	3646,353
2378,1997	3620,2112
2379,1843	3608,885
2380,1687	3641,2139
2381,1533	3635,4109
2382,1379	3659,8066
2383,1223	3603,3269
2384,1069	3601,9373
2385,0913	3546,4565
2386,0759	3555,2268
2387,0605	3640,9893
2388,0449	3605,0737
2389,0295	3617,6206
2390,0142	3590,356
2390,9985	3637,1826
2391,9832	3554,6216
2392,9675	3595,7178
2393,9521	3621,0305
2394,9368	3625,3569
2395,9211	3632,2378
2396,9058	3618,5374
2397,8904	3620,0295
2398,8748	3642,0959
2399,8594	3604,6147
2400,844	3632,0559
2401,8284	3618,6653
2402,813	3648,0852
2403,7974	3604,4358
2404,782	3590,363
2405,7666	3636,468
2406,751	3599,436
2407,7356	3589,8313
2408,7202	3585,7307
2409,7046	3592,385
2410,6892	3561,2061
2411,6736	3588,4492
2412,6582	3638,9229
2413,6428	3667,4854
2414,6272	3597,2114
2415,6118	3529,3748
2416,5964	3594,5432
2417,5808	3681,4165
2418,5654	3610,3855
2419,55	3622,998
2420,5344	3579,2229
2421,519	3593,697
2422,5034	3604,0322
2423,488	3613,6445
2424,4727	3618,5022
2425,457	3643,2239
2426,4417	3614,6179
2427,4263	3616,6196
2428,4106	3609,0171
2429,3953	3580,054
2430,3796	3538,9648
2431,3643	3612,0813
2432,3489	3603,6125
2433,3333	3563,2354
2434,3179	3587,3423
2435,3025	3598,4185
2436,2869	3571,6699
2437,2715	3582,0317
2438,2559	3574,0359
2439,2405	3572,6177
2440,2251	3569,4958
2441,2095	3568,9309
2442,1941	3557,2097
2443,1787	3524,4761
2444,1631	3535,8513
2445,1477	3449,3784
2446,1323	3558,6948
2447,1167	3537,0828
2448,1013	3525,0732
2449,0857	3515,2698
2450,0703	3454,8254
2451,0549	3435,321
2452,0393	3470,2771
2453,0239	3492,3364
2454,0085	3463,3259
2454,9929	3467,2576
2455,9775	3457,186
2456,9619	3464,0925
2457,9465	3426,9324
2458,9312	3448,3054
2459,9155	3479,7844
2460,9001	3408,3755
2461,8848	3405,4539
2462,8691	3455,4404
2463,8538	3441,7458
2464,8381	3477,1353
2465,8228	3479,4307
2466,8074	3476,3455
2467,7917	3463,9878
2468,7764	3441,4148
2469,761	3410,8308
2470,7454	3431,301
2471,73	3409,2478
2472,7146	3443,6965
2473,699	3435,5151
2474,6836	3449,9602
2475,668	3470,9871
2476,6526	3431,8813
2477,6372	3429,7542
2478,6216	3450,8521
2479,6062	3427,7346
2480,5908	3385,6646
2481,5752	3453,8694
2482,5598	3374,8582
2483,5442	3440,0894
2484,5288	3446,5759
2485,5134	3418,1018
2486,4978	3420,9517
2487,4824	3453,1504
2488,467	3421,8848
2489,4514	3418,5806
2490,436	3402,0728
2491,4207	3433,8105
2492,405	3458,7627
2493,3896	3382,697
2494,374	3447,1235
2495,3586	3414,8831
2496,3433	3416,3823
2497,3276	3382,9729
2498,3123	3415,9795
2499,2969	3451,2393
2500,2813	3399,5938
2501,2659	3394,3726
2502,2502	3426,7002
2503,2349	3445,5137
2504,2195	3440,6548
2505,2039	3457,1099
2506,1885	3437,6829
2507,1731	3428,4175
2508,1575	3382,5493
2509,1421	3379,2053
2510,1265	3341,3494
2511,1111	3353,137
2512,0957	3404,5884
2513,0801	3372,6792
2514,0647	3384,6255
2515,0493	3367,8601
2516,0337	3431,0076
2517,0183	3402,5281
2518,0029	3389,8823
2518,9873	3352,4426
2519,9719	3437,0688
2520,9563	3432,6416
2521,9409	3433,3994
2522,9255	3397,2131
2523,9099	3407,0479
2524,8945	3405,7305
2525,8792	3427,0999
2526,8635	3421,3389
2527,8481	3365,99
2528,8325	3415,9473
2529,8171	3368,0366
2530,8018	3354,0593
2531,7861	3385,5747
2532,7708	3372,3765
2533,7554	3393,4612
2534,7397	3401,4521
2535,7244	3400,72
2536,7087	3376,1003
2537,6934	3359,8586
2538,678	3327,9338
2539,6624	3432,5828
2540,647	3424,113
2541,6316	3370,6892
2542,616	3380,6479
2543,6006	3428,6587
2544,5852	3355,1858
2545,5696	3352,2197
2546,5542	3389,2202
2547,5386	3382,1633
2548,5232	3399,4653
2549,5078	3402,3904
2550,4922	3396,6289
2551,4768	3374,0139
2552,4614	3427,7017
2553,4458	3382,6982
2554,4304	3429,0039
2555,4148	3398,7222
2556,3994	3405,9741
2557,384	3384,1692
2558,3684	3386,1428
2559,353	3391,3936
2560,3376	3405,1958
2561,322	3459,6199
2562,3066	3360,6362
2563,2913	3355,9656
2564,2756	3376,3176
2565,2603	3370,3459
2566,2446	3410,9268
2567,2292	3401,1687
2568,2139	3375,5327
2569,1982	3381,7759
2570,1829	3395,2312
2571,1675	3436,3372
2572,1519	3432,5337
2573,1365	3396,9785
2574,1208	3409,0659
2575,1055	3433,2915
2576,0901	3456,8701
2577,0745	3440,0723
2578,0591	3451,0061
2579,0437	3466,4092
2580,0281	3449,9272
2581,0127	3514,1428
2581,9971	3545,2085
2582,9817	3514,5273
2583,9663	3520,9189
2584,9507	3560,6404
2585,9353	3552,2512
2586,9199	3552,0898
2587,9043	3574,6716
2588,8889	3596,7129
2589,8735	3556,3716
2590,8579	3562,7412
2591,8425	3544,4138
2592,8269	3543,4973
2593,8115	3570,8796
2594,7961	3572,8154
2595,7805	3559,7202
2596,7651	3531,0903
2597,7498	3523,7766
2598,7341	3516,5237
2599,7188	3580,1428
2600,7031	3557,6326
2601,6877	3531,6204
2602,6724	3503,3169
2603,6567	3560,6252
2604,6414	3531,0098
2605,626	3551,062
2606,6104	3587,8196
2607,595	3580,2805
2608,5793	3574,4358
2609,564	3596,8081
2610,5486	3589,2927
2611,533	3494,1897
2612,5176	3563,6123
2613,5022	3577,478
2614,4866	3583,0898
2615,4712	3582,1687
2616,4558	3559,353
2617,4402	3508,4653
2618,4248	3500,1685
2619,4092	3498,8528
2620,3938	3502,4851
2621,3784	3483,4573
2622,3628	3470,3113
2623,3474	3438,8318
2624,332	3509,1035
2625,3164	3460,377
2626,301	3450,3633
2627,2854	3477,2285
2628,27	3429,2693
2629,2546	3434,8357
2630,239	3452,5288
2631,2236	3435,8464
2632,2083	3388,3589
2633,1926	3331,0969
2634,1772	3339,637
2635,1619	3309,04
2636,1462	3243,9058
2637,1309	3121,7207
2638,1152	3127,9277
2639,0999	3065,5479
2640,0845	3067,678
2641,0688	2971,5308
2642,0535	2984,2964
2643,0381	2958,1846
2644,0225	2945,186
2645,0071	2885,6616
2645,9915	2883,248
2646,9761	2885,0959
2647,9607	2909,9563
2648,9451	2941,5352
2649,9297	2929,9072
2650,9143	2986,5715
2651,8987	3032,6333
2652,8833	3028,9382
2653,8677	3048,5603
2654,8523	3057,8599
2655,8369	3124,7524
2656,8213	3197,4937
2657,8059	3192,8369
2658,7905	3205,4858
2659,7749	3237,0808
2660,7595	3219,0107
2661,7441	3245,699
2662,7285	3240,147
2663,7131	3179,6892
2664,6975	3186,7405
2665,6821	3234,1206
2666,6667	3178,4126
2667,6511	3244,2322
2668,6357	3277,9846
2669,6204	3267,8125
2670,6047	3285,5449
2671,5894	3324,6533
2672,5737	3349,4504
2673,5583	3356,1072
2674,543	3397,1462
2675,5273	3453,2803
2676,512	3406,6631
2677,4966	3414,7161
2678,481	3415,2039
2679,4656	3409,2134
2680,45	3395,0728
2681,4346	3370,2466
2682,4192	3347,176
2683,4036	3392,3723
2684,3882	3382,2607
2685,3728	3330,2366
2686,3572	3314,2324
2687,3418	3329,2004
2688,3264	3364,7883
2689,3108	3388,5657
2690,2954	3407,9746
2691,2798	3381,5562
2692,2644	3473,6052
2693,249	3448,4006
2694,2334	3456,3298
2695,218	3479,2871
2696,2026	3538,2588
2697,187	3552,1621
2698,1716	3598,8774
2699,156	3676,197
2700,1406	3687,8071
2701,1252	3738,9175
2702,1096	3738,3828
2703,0942	3776,2869
2704,0789	3855,7317
2705,0632	3901,8008
2706,0479	3952,3718
2707,0325	3932,3965
2708,0168	4054,9424
2709,0015	4042,9443
2709,9858	4146,4824
2710,9705	4209,4922
2711,9551	4286,9375
2712,9395	4353,5757
2713,9241	4444,3315
2714,9087	4499,0068
2715,8931	4514,0112
2716,8777	4533,8818
2717,8621	4644,856
2718,8467	4744,1855
2719,8313	4774,3315
2720,8157	4838,9341
2721,8003	4861,5552
2722,7849	4873,9775
2723,7693	4881,9067
2724,7539	4839,7915
2725,7383	4852,1353
2726,7229	4784,0645
2727,7075	4774,853
2728,6919	4656,1807
2729,6765	4565,0391
2730,6611	4519,3413
2731,6455	4442,6626
2732,6301	4356,2793
2733,6147	4214,5327
2734,5991	4134,0337
2735,5837	4043,1343
2736,5681	3959,6309
2737,5527	3906,8542
2738,5374	3849,5093
2739,5217	3783,0439
2740,5063	3704,8562
2741,491	3689,0237
2742,4753	3649,4204
2743,46	3602,7578
2744,4443	3598,7007
2745,429	3568,9197
2746,4136	3502,7766
2747,3979	3494,874
2748,3826	3480,8501
2749,3672	3470,1189
2750,3516	3436,1655
2751,3362	3415,7639
2752,3206	3388,1257
2753,3052	3406,6196
2754,2898	3401,2083
2755,2742	3364,0234
2756,2588	3366,5896
2757,2434	3400,5112
2758,2278	3371,3943
2759,2124	3382,0022
2760,197	3393,1069
2761,1814	3353,9163
2762,166	3380,8545
2763,1504	3372,0977
2764,135	3359,3042
2765,1196	3323,604
2766,104	3339,2102
2767,0886	3322,3474
2768,0732	3326,6238
2769,0576	3318,1279
2770,0422	3288,6125
2771,0266	3233,1672
2772,0112	3287,1865
2772,9958	3289,0439
2773,9802	3319,4214
2774,9648	3313,2261
2775,9495	3310,2085
2776,9338	3298,0461
2777,9185	3267,9558
2778,9028	3280,8508
2779,8875	3322,4385
2780,8721	3326,498
2781,8564	3307,7356
2782,8411	3321,3901
2783,8257	3347,3752
2784,8101	3305,2869
2785,7947	3327,8616
2786,7793	3285,936
2787,7637	3334,6111
2788,7483	3340,8113
2789,7327	3299,7822
2790,7173	3283,2761
2791,7019	3336,8074
2792,6863	3336,5745
2793,6709	3359,2029
2794,6555	3357,4658
2795,6399	3326,2727
2796,6245	3386,0415
2797,6089	3391,2041
2798,5935	3398,0425
2799,5781	3410,2432
2800,5625	3426,0837
2801,5471	3403,2639
2802,5317	3395,3091
2803,5161	3416,012
2804,5007	3471,2363
2805,4854	3422,3647
2806,4697	3515,1125
2807,4543	3489,7446
2808,4387	3522,6182
2809,4233	3548,5376
2810,408	3569,3608
2811,3923	3545,0647
2812,377	3600,1875
2813,3616	3671,7268
2814,3459	3604,3818
2815,3306	3693,7896
2816,3149	3745,1736
2817,2996	3828,1919
2818,2842	3902,7361
2819,2686	3918,3582
2820,2532	4018,5154
2821,2378	4022,8962
2822,2222	4165,5688
2823,2068	4289,5005
2824,1912	4406,8726
2825,1758	4500,3726
2826,1604	4642,2568
2827,1448	4806,1665
2828,1294	5019,0254
2829,114	5306,6567
2830,0984	5559,5391
2831,083	6040,1304
2832,0676	6482,6621
2833,052	6985,1084
2834,0366	7662,3545
2835,021	8518,5361
2836,0056	9390,6631
2836,9902	10537,946
2837,9746	11759,924
2838,9592	13043,622
2839,9438	14460,311
2840,9282	15775,688
2841,9128	17469,15
2842,8972	18828,557
2843,8818	20212,732
2844,8665	21409,094
2845,8508	22392,736
2846,8354	23032,641
2847,8201	23020,277
2848,8044	23098,693
2849,7891	22850,129
2850,7734	22445,039
2851,7581	21754,199
2852,7427	21205,557
2853,7271	20349,584
2854,7117	19672,104
2855,6963	19061,611
2856,6807	18483,285
2857,6653	17888,654
2858,6499	17371,803
2859,6343	16924,152
2860,6189	16443,795
2861,6033	16045,468
2862,5879	15742,689
2863,5725	15483,074
2864,5569	15316,279
2865,5415	15194,834
2866,5261	14940,458
2867,5105	14912,321
2868,4951	14947,262
2869,4795	15194,695
2870,4641	15371,04
2871,4487	15712,754
2872,4331	16117,89
2873,4177	16691,521
2874,4023	17248,08
2875,3867	18316,74
2876,3713	19675,34
2877,356	21155,822
2878,3403	23242,137
2879,325	25573,068
2880,3093	28087,451
2881,2939	29945,443
2882,2786	30147,75
2883,2629	29050,734
2884,2476	27162,227
2885,2322	25000,023
2886,2166	22655,006
2887,2012	20463,412
2888,1855	18844,191
2889,1702	17319,516
2890,1548	16187,611
2891,1392	15214,99
2892,1238	14484,119
2893,1084	14046,016
2894,0928	13701,491
2895,0774	13472,908
2896,0618	13323,786
2897,0464	13125,205
2898,031	12942,096
2899,0154	12805,984
2900	12637,204
2900,9846	12405,773
2901,969	12224,486
2902,9536	12092,193
2903,9382	11890,152
2904,9226	11547,808
2905,9072	11325,535
2906,8916	11038,914
2907,8762	10876,323
2908,8608	10552,088
2909,8452	10338,303
2910,8298	10102,504
2911,8145	9903,6387
2912,7988	9603,459
2913,7834	9500,7686
2914,7678	9334,5117
2915,7524	9139,9102
2916,7371	9066,8125
2917,7214	8938,4932
2918,7061	8806,1055
2919,6907	8725,626
2920,675	8670,1035
2921,6597	8655,3887
2922,644	8562,1152
2923,6287	8550,0439
2924,6133	8572,3428
2925,5977	8537,1602
2926,5823	8441,4668
2927,5669	8484,0205
2928,5513	8524,8926
2929,5359	8512,3662
2930,5205	8562,1699
2931,5049	8406,6621
2932,4895	8363,7275
2933,4739	8252,4629
2934,4585	8182,1611
2935,4431	7957,248
2936,4275	7891,5903
2937,4121	7633,4678
2938,3967	7404,9712
2939,3811	7163,2744
2940,3657	6957,5996
2941,3501	6710,856
2942,3347	6408,0464
2943,3193	6122,605
2944,3037	5827,1064
2945,2883	5558,7886
2946,2729	5291,3721
2947,2573	5075,1836
2948,2419	4856,4976
2949,2266	4707,1177
2950,2109	4616,3511
2951,1956	4535,8711
2952,1799	4434,8364
2953,1646	4379,4858
2954,1492	4357,4282
2955,1335	4383,396
2956,1182	4380,5552
2957,1028	4337,4912
2958,0872	4321,5098
2959,0718	4289,7344
2960,0562	4262,6704
2961,0408	4211,0581
2962,0254	4182,4946
2963,0098	4144,7593
2963,9944	4089,126
2964,979	4018,7217
2965,9634	3965,126
2966,948	3889,6665
2967,9324	3793,2046
2968,917	3689,48
2969,9016	3606,9753
2970,886	3578,8926
2971,8706	3479,0664
2972,8552	3430,6174
2973,8396	3365,4722
2974,8242	3334,1389
2975,8088	3290,4353
2976,7932	3233,1306
2977,7778	3201,2715
2978,7622	3183,5437
2979,7468	3136,0125
2980,7314	3101,876
2981,7158	3052,8179
2982,7004	3052,9717
2983,6851	2982,3103
2984,6694	3000,2285
2985,6541	2975,3806
2986,6384	2966,8467
2987,623	2959,624
2988,6077	2937,2402
2989,592	2889,3684
2990,5767	2899,8179
2991,5613	2883,2307
2992,5457	2840,2292
2993,5303	2830,501
2994,5146	2852,3696
2995,4993	2827,1816
2996,4839	2820,6758
2997,4683	2811,4487
2998,4529	2784,8613
2999,4375	2796,9551
3000,4219	2781,0403
3001,4065	2759,4976
3002,3911	2759,5593
3003,3755	2763,2473
3004,3601	2718,5205
3005,3445	2743,0249
3006,3291	2739,8469
3007,3137	2722,3057
3008,2981	2683,072
3009,2827	2679,3857
3010,2673	2672,0547
3011,2517	2662,907
3012,2363	2645,4172
3013,2207	2635,114
3014,2053	2637,8875
3015,1899	2636,7014
3016,1743	2626,8005
3017,1589	2592,4441
3018,1436	2568,3003
3019,1279	2571,1282
3020,1125	2579,9316
3021,0972	2568,5098
3022,0815	2569,9739
3023,0662	2565,8286
3024,0505	2544,1841
3025,0352	2531,6001
3026,0198	2526,7917
3027,0042	2517,032
3027,9888	2520,9314
3028,9734	2520,6213
3029,9578	2522,022
3030,9424	2492,342
3031,9268	2478,7234
3032,9114	2461,7886
3033,896	2459,5588
3034,8804	2461,4968
3035,865	2457,2644
3036,8496	2444,4358
3037,834	2460,1841
3038,8186	2462,4209
3039,803	2514,6064
3040,7876	2579,7476
3041,7722	2616,0791
3042,7566	2746,4041
3043,7412	2859,3438
3044,7258	2948,0991
3045,7102	3079,3857
3046,6948	3373,6594
3047,6794	3613,2317
3048,6638	3655,3928
3049,6484	3540,0195
3050,6328	3656,4883
3051,6174	3710,3884
3052,6021	3727,2273
3053,5864	3661,9746
3054,571	3629,7087
3055,5557	3515,2131
3056,54	3386,8188
3057,5247	3016,1111
3058,509	2616,6138
3059,4937	2458,0095
3060,4783	2410,2217
3061,4626	2362,6421
3062,4473	2338,8809
3063,4319	2310,2158
3064,4163	2309,4556
3065,4009	2295,603
3066,3853	2295,1548
3067,3699	2291,2847
3068,3545	2310,1516
3069,3389	2315,6643
3070,3235	2292,603
3071,3081	2256,0713
3072,2925	2303,3401
3073,2771	2275,8689
3074,2617	2281,373
3075,2461	2267,6982
3076,2307	2261,2791
3077,2151	2250,8801
3078,1997	2266,7793
3079,1843	2263,7153
3080,1687	2257,2012
3081,1533	2241,3855
3082,1379	2256,0774
3083,1223	2217,3079
3084,1069	2239,9331
3085,0913	2235,2659
3086,0759	2202,9941
3087,0605	2189,5691
3088,0449	2183,2627
3089,0295	2167,8831
3090,0142	2182,7502
3090,9985	2167,6008
3091,9832	2148,5583
3092,9675	2128,7585
3093,9521	2120,6953
3094,9368	2121,0415
3095,9211	2110,3022
3096,9058	2109,8086
3097,8904	2093,8625
3098,8748	2083,6394
3099,8594	2089,8252
3100,844	2093,7119
3101,8284	2049,8115
3102,813	2060,2732
3103,7974	2037,8081
3104,782	2035,7549
3105,7666	2050,6465
3106,751	2022,2308
3107,7356	2004,2902
3108,7202	2043,7179
3109,7046	2026,7054
3110,6892	2010,5408
3111,6736	2000,7039
3112,6582	2036,094
3113,6428	2013,0414
3114,6272	2003,3379
3115,6118	2002,395
3116,5964	2007,4308
3117,5808	1987,4548
3118,5654	2002,9362
3119,55	1987,6492
3120,5344	1979,8728
3121,519	1987,447
3122,5034	1973,5024
3123,488	1968,6041
3124,4727	1945,7817
3125,457	1950,6111
3126,4417	1907,2535
3127,4263	1941,3038
3128,4106	1909,3462
3129,3953	1908,7771
3130,3796	1938,6031
3131,3643	1933,838
3132,3489	1872,6334
3133,3333	1901,3251
3134,3179	1881,1846
3135,3025	1866,9447
3136,2869	1833,5427
3137,2715	1872,5675
3138,2559	1856,7981
3139,2405	1856,147
3140,2251	1901,2759
3141,2095	1904,5756
3142,1941	1905,9244
3143,1787	1881,843
3144,1631	1892,3809
3145,1477	1889,0347
3146,1323	1873,8158
3147,1167	1880,543
3148,1013	1913,1927
3149,0857	1886,593
3150,0703	1872,4314
3151,0549	1914,4951
3152,0393	1904,6921
3153,0239	1930,2222
3154,0085	1885,2726
3154,9929	1893,1251
3155,9775	1894,0541
3156,9619	1880,6266
3157,9465	1862,0596
3158,9312	1863,3706
3159,9155	1847,8306
3160,9001	1876,942
3161,8848	1859,9025
3162,8691	1806,8163
3163,8538	1882,3239
3164,8381	1857,937
3165,8228	1874,4335
3166,8074	1863,4889
3167,7917	1851,0929
3168,7764	1845,2643
3169,761	1869,7119
3170,7454	1849,6204
3171,73	1864,4916
3172,7146	1842,1738
3173,699	1833,861
3174,6836	1823,6857
3175,668	1828,4697
3176,6526	1834,675
3177,6372	1850,8987
3178,6216	1818,7435
3179,6062	1841,0145
3180,5908	1840,407
3181,5752	1837,8173
3182,5598	1856,5876
3183,5442	1814,7654
3184,5288	1835,8702
3185,5134	1849,6857
3186,4978	1767,1024
3187,4824	1789,9628
3188,467	1811,4592
3189,4514	1796,1891
3190,436	1799,3394
3191,4207	1795,5682
3192,405	1792,738
3193,3896	1774,8108
3194,374	1796,72
3195,3586	1829,1439
3196,3433	1803,5652
3197,3276	1801,2092
3198,3123	1806,7872
3199,2969	1787,6278
3200,2813	1837,0952
3201,2659	1800,7506
3202,2502	1792,2513
3203,2349	1794,2496
3204,2195	1793,3734
3205,2039	1806,8883
3206,1885	1818,2007
3207,1731	1810,6992
3208,1575	1783,7389
3209,1421	1781,6233
3210,1265	1788,854
3211,1111	1764,3164
3212,0957	1752,4011
3213,0801	1738,9865
3214,0647	1750,8612
3215,0493	1759,3867
3216,0337	1764,7709
3217,0183	1751,7441
3218,0029	1710,7866
3218,9873	1728,3049
3219,9719	1701,6534
3220,9563	1720,7775
3221,9409	1733,0635
3222,9255	1735,179
3223,9099	1717,1543
3224,8945	1713,5398
3225,8792	1767,8669
3226,8635	1751,4188
3227,8481	1732,275
3228,8325	1724,0446
3229,8171	1732,0536
3230,8018	1731,2238
3231,7861	1730,0503
3232,7708	1755,3008
3233,7554	1719,6738
3234,7397	1714,2573
3235,7244	1686,1681
3236,7087	1675,2694
3237,6934	1671,2452
3238,678	1668,6688
3239,6624	1636,4746
3240,647	1640,3369
3241,6316	1658,6281
3242,616	1635,7043
3243,6006	1638,0271
3244,5852	1619,7416
3245,5696	1646,147
3246,5542	1642,4996
3247,5386	1665,191
3248,5232	1659,4855
3249,5078	1633,3661
3250,4922	1680,7286
3251,4768	1662,8309
3252,4614	1654,6644
3253,4458	1667,5685
3254,4304	1661,1107
3255,4148	1656,65
3256,3994	1672,0533
3257,384	1677,9625
3258,3684	1693,6204
3259,353	1650,2406
3260,3376	1643,2192
3261,322	1657,1899
3262,3066	1696,3986
3263,2913	1670,4041
3264,2756	1690,6086
3265,2603	1684,3229
3266,2446	1694,4777
3267,2292	1651,4413
3268,2139	1647,6763
3269,1982	1684,498
3270,1829	1644,9232
3271,1675	1667,3115
3272,1519	1648,5286
3273,1365	1653,6339
3274,1208	1679,2902
3275,1055	1656,0503
3276,0901	1677,3844
3277,0745	1631,7371
3278,0591	1623,4299
3279,0437	1629,261
3280,0281	1635,6486
3281,0127	1631,5784
3281,9971	1643,5477
3282,9817	1635,8779
3283,9663	1659,8329
3284,9507	1656,712
3285,9353	1663,3029
3286,9199	1652,4299
3287,9043	1620,3219
3288,8889	1622,2284
3289,8735	1626,8909
3290,8579	1612,939
3291,8425	1589,3494
3292,8269	1585,2783
3293,8115	1560,8177
3294,7961	1571,4569
3295,7805	1563,7229
3296,7651	1523,8179
3297,7498	1472,4861
3298,7341	1468,416
3299,7188	1466,9238
3300,7031	1441,6393
3301,6877	1422,8234
3302,6724	1428,8499
3303,6567	1406,9708
3304,6414	1409,1023
3305,626	1448,2329
3306,6104	1463,14
3307,595	1457,4027
3308,5793	1501,1461
3309,564	1531,2339
3310,5486	1558,491
3311,533	1568,22
3312,5176	1589,6885
3313,5022	1574,2355
3314,4866	1553,4427
3315,4712	1587,2089
3316,4558	1573,0741
3317,4402	1561,1199
3318,4248	1584,9871
3319,4092	1563,1976
3320,3938	1544,7683
3321,3784	1546,9036
3322,3628	1533,6738
3323,3474	1536,0601
3324,332	1543,0177
3325,3164	1530,6
3326,301	1546,6431
3327,2854	1533,0068
3328,27	1531,9293
3329,2546	1526,7223
3330,239	1547,0127
3331,2236	1552,1853
3332,2083	1553,6166
3333,1926	1577,7943
3334,1772	1557,5067
3335,1619	1551,4498
3336,1462	1506,6829
3337,1309	1488,9392
3338,1152	1511,2311
3339,0999	1504,8752
3340,0845	1531,7098
3341,0688	1508,1002
3342,0535	1484,3628
3343,0381	1530,4329
3344,0225	1498,0443
3345,0071	1457,8229
3345,9915	1483,777
3346,9761	1507,2271
3347,9607	1509,6769
3348,9451	1507,5623
3349,9297	1485,5796
3350,9143	1505,3926
3351,8987	1515,2871
3352,8833	1495,4919
3353,8677	1499,0686
3354,8523	1476,9301
3355,8369	1519,6217
3356,8213	1496,3075
3357,8059	1496,9275
3358,7905	1519,5599
3359,7749	1502,4209
3360,7595	1484,1447
3361,7441	1500,7906
3362,7285	1503,7869
3363,7131	1510,6792
3364,6975	1500,8435
3365,6821	1491,3129
3366,6667	1488,1473
3367,6511	1485,2639
3368,6357	1469,6042
3369,6204	1492,8346
3370,6047	1458,5839
3371,5894	1463,0551
3372,5737	1448,7347
3373,5583	1420,7234
3374,543	1466,0922
3375,5273	1454,0792
3376,512	1459,7316
3377,4966	1459,1383
3378,481	1494,8129
3379,4656	1482,4434
3380,45	1485,5759
3381,4346	1503,0294
3382,4192	1496,421
3383,4036	1480,0364
3384,3882	1491,2855
3385,3728	1483,2531
3386,3572	1503,1587
3387,3418	1466,3027
3388,3264	1473,2686
3389,3108	1473,8995
3390,2954	1476,2947
3391,2798	1451,3256
3392,2644	1470,0769
3393,249	1468,8567
3394,2334	1477,1794
3395,218	1460,4807
3396,2026	1472,0449
3397,187	1439,2683
3398,1716	1490,2101
3399,156	1453,235
3400,1406	1457,1285
3401,1252	1457,5979
3402,1096	1440,3984
3403,0942	1448,525
3404,0789	1445,7391
3405,0632	1454,0106
3406,0479	1454,4612
3407,0325	1489,7842
3408,0168	1477,0948
3409,0015	1454,2611
3409,9858	1478,6748
3410,9705	1445,5085
3411,9551	1437,9475
3412,9395	1438,8209
3413,9241	1403,0731
3414,9087	1421,132
3415,8931	1452,1925
3416,8777	1441,9001
3417,8621	1456,3871
3418,8467	1461,5945
3419,8313	1438,8259
3420,8157	1402,9543
3421,8003	1448,1196
3422,7849	1416,7491
3423,7693	1434,5037
3424,7539	1442,3638
3425,7383	1410,8265
3426,7229	1416,907
3427,7075	1433,4242
3428,6919	1395,3304
3429,6765	1411,2117
3430,6611	1391,9868
3431,6455	1373,1095
3432,6301	1404,2163
3433,6147	1398,6311
3434,5991	1390,5378
3435,5837	1386,916
3436,5681	1403,1348
3437,5527	1415,293
3438,5374	1388,1627
3439,5217	1416,2181
3440,5063	1413,9954
3441,491	1406,8734
3442,4753	1393,979
3443,46	1416,6395
3444,4443	1355,8232
3445,429	1383,5907
3446,4136	1397,3075
3447,3979	1371,214
3448,3826	1363,387
3449,3672	1345,8368
3450,3516	1347,7826
3451,3362	1371,2703
3452,3206	1369,2642
3453,3052	1356,0195
3454,2898	1358,8729
3455,2742	1324,2961
3456,2588	1346,2535
3457,2434	1348,4381
3458,2278	1378,8492
3459,2124	1364,1211
3460,197	1376,0867
3461,1814	1358,1993
3462,166	1350,925
3463,1504	1355,1974
3464,135	1359,7684
3465,1196	1337,8207
3466,104	1343,8409
3467,0886	1352,2413
3468,0732	1343,5684
3469,0576	1318,1976
3470,0422	1344,3623
3471,0266	1314,9597
3472,0112	1330,0205
3472,9958	1334,4954
3473,9802	1352,735
3474,9648	1311,2244
3475,9495	1314,5496
3476,9338	1308,8085
3477,9185	1287,3806
3478,9028	1301,5714
3479,8875	1298,6887
3480,8721	1317,1924
3481,8564	1309,6298
3482,8411	1312,8231
3483,8257	1298,6809
3484,8101	1315,9058
3485,7947	1304,85
3486,7793	1274,3688
3487,7637	1286,3866
3488,7483	1281,3221
3489,7327	1245,8671
3490,7173	1240,3722
3491,7019	1244,3302
3492,6863	1252,1222
3493,6709	1271,4222
3494,6555	1244,2324
3495,6399	1280,619
3496,6245	1295,9679
3497,6089	1285,41
3498,5935	1281,5886
3499,5781	1276,3158
3500,5625	1263,9287
3501,5471	1291,5756
3502,5317	1239,5659
3503,5161	1233,8376
3504,5007	1227,2982
3505,4854	1187,6248
3506,4697	1152,4574
3507,4543	1169,1326
3508,4387	1160,4481
3509,4233	1147,2164
3510,408	1160,8566
3511,3923	1160,2823
3512,377	1171,3741
3513,3616	1205,2096
3514,3459	1209,7158
3515,3306	1204,5175
3516,3149	1222,483
3517,2996	1196,4597
3518,2842	1175,0233
3519,2686	1200,1663
3520,2532	1187,9572
3521,2378	1186,1031
3522,2222	1183,8878
3523,2068	1165,8563
3524,1912	1172,8704
3525,1758	1194,9647
3526,1604	1170,3158
3527,1448	1146,8416
3528,1294	1119,3164
3529,114	1144,0261
3530,0984	1105,9231
3531,083	1110,6122
3532,0676	1087,0819
3533,052	1099,1682
3534,0366	1148,4941
3535,021	1144,2737
3536,0056	1146,6292
3536,9902	1126,1025
3537,9746	1139,5552
3538,9592	1127,2759
3539,9438	1123,7042
3540,9282	1140,9082
3541,9128	1114,7678
3542,8972	1127,1716
3543,8818	1185,5151
3544,8665	1152,311
3545,8508	1139,4576
3546,8354	1170,8768
3547,8201	1103,7001
3548,8044	1084,6882
3549,7891	1087,6503
3550,7734	1062,8676
3551,7581	1026,089
3552,7427	1048,4775
3553,7271	1034,0309
3554,7117	1054,8385
3555,6963	1081,8409
3556,6807	1108,5422
3557,6653	1123,0461
3558,6499	1109,2321
3559,6343	1091,9252
3560,6189	1089,7092
3561,6033	1071,8444
3562,5879	1082,2059
3563,5725	1126,3197
3564,5569	1118,3337
3565,5415	1146,0316
3566,5261	1133,522
3567,5105	1170,7488
3568,4951	1160,5405
3569,4795	1164,5664
3570,4641	1157,6808
3571,4487	1116,5696
3572,4331	1079,5446
3573,4177	1021,086
3574,4023	1024,0099
3575,3867	1004,1917
3576,3713	1038,2086
3577,356	1028,9968
3578,3403	1056,6925
3579,325	1064,9749
3580,3093	1089,9583
3581,2939	1097,1775
3582,2786	1115,0565
3583,2629	1131,0994
3584,2476	1102,9384
3585,2322	1102,5065
3586,2166	1095,4141
3587,2012	1095,5864
3588,1855	1073,2346
3589,1702	1104,5471
3590,1548	1123,3074
3591,1392	1092,1246
3592,1238	1088,6448
3593,1084	1090,1005
3594,0928	1092,5656
3595,0774	1091,9802
3596,0618	1083,5022
3597,0464	1089,5403
3598,031	1103,7244
3599,0154	1099,4077
3600	1113,2858
