100	719,01849
100,70248	702,9024
101,40496	714,04248
102,10744	710,08337
102,80991	692,85498
103,5124	677,93994
104,21487	669,47168
104,91736	659,10315
105,61983	646,84918
106,32231	649,422
107,0248	633,28265
107,72727	633,76587
108,42975	625,41071
109,13223	613,28033
109,83471	620,97839
110,53719	592,79767
111,23967	589,36456
111,94215	582,58344
112,64463	578,24377
113,34711	571,5318
114,04958	563,03204
114,75207	557,24207
115,45454	548,78131
116,15703	546,20447
116,8595	528,44727
117,56198	513,6554
118,26447	512,62842
118,96694	510,99106
119,66942	497,11642
120,3719	508,33972
121,07438	517,26227
121,77686	490,89767
122,47934	486,73056
123,18182	480,40167
123,8843	472,48947
124,58678	477,45197
125,28925	474,93289
125,99174	460,30835
126,69421	477,70007
127,3967	489,55807
128,09917	485,60614
128,80165	477,12512
129,50414	477,43124
130,2066	481,80051
130,90909	465,97662
131,61157	469,26541
132,31406	460,10684
133,01653	461,10645
133,71901	461,46182
134,42149	452,59067
135,12396	451,51559
135,82645	448,93076
136,52893	457,1369
137,2314	447,05957
137,93388	434,06589
138,63637	429,92093
139,33884	438,13852
140,04132	450,44482
140,7438	441,88132
141,44627	420,18011
142,14876	439,45319
142,85124	443,78793
143,55373	440,01453
144,2562	437,87958
144,95868	437,65225
145,66116	446,65521
146,36363	462,51825
147,06612	445,40173
147,7686	440,18146
148,47107	434,62448
149,17355	429,62024
149,87604	432,77655
150,57851	439,50266
151,28099	445,87677
151,98347	423,79547
152,68594	427,03189
153,38843	433,86853
154,09091	438,37042
154,7934	443,32297
155,49586	443,53183
156,19835	411,34146
156,90083	428,30289
157,6033	428,62946
158,30579	426,26147
159,00827	428,37842
159,71074	436,30875
160,41322	441,32803
161,11571	426,13049
161,81818	422,66568
162,52066	403,32596
163,22314	414,22159
163,92561	422,70602
164,6281	420,97586
165,33058	416,28592
166,03305	412,70554
166,73553	418,77362
167,43802	428,72989
168,1405	439,06741
168,84297	430,57129
169,54546	415,90396
170,24794	417,22296
170,95041	430,81595
171,65289	409,32465
172,35538	416,58685
173,05785	424,97089
173,76033	427,91135
174,46281	431,78723
175,16528	429,30237
175,86777	421,7251
176,57025	424,29672
177,27272	424,83514
177,9752	416,16406
178,67769	418,51013
179,38017	420,43912
180,08264	426,49838
180,78513	429,43317
181,48761	422,21075
182,19008	419,56842
182,89256	416,5647
183,59505	404,83966
184,29752	409,59055
185	412,44675
185,70248	408,29092
186,40495	402,52292
187,10744	396,25903
187,80992	373,25143
188,51239	398,00485
189,21487	394,67929
189,91736	399,22983
190,61983	397,23068
191,32231	398,05466
192,0248	402,4006
192,72728	386,4371
193,42975	396,86826
194,13223	390,95938
194,83472	400,83371
195,53719	412,27121
196,23967	414,1713
196,94215	405,98676
197,64462	398,31174
198,34711	404,65756
199,04959	413,36792
199,75206	400,54178
200,45454	406,89142
201,15703	406,31067
201,8595	406,42401
202,56198	411,72858
203,26447	415,08945
203,96695	419,41974
204,66942	399,38171
205,3719	411,40891
206,07439	409,62735
206,77686	405,50348
207,47934	401,46487
208,18182	397,1741
208,88429	398,06296
209,58678	409,72882
210,28926	409,18442
210,99173	407,55872
211,69421	403,18265
212,3967	401,97815
213,09917	400,72073
213,80165	394,96777
214,50414	388,03061
215,2066	390,31888
215,90909	412,15817
216,61157	393,12878
217,31406	400,26419
218,01653	396,47974
218,71901	389,49081
219,42149	394,21579
220,12396	394,78
220,82645	405,90091
221,52893	388,2648
222,2314	396,92862
222,93388	401,51892
223,63637	391,12497
224,33884	379,97003
225,04132	379,33597
225,7438	379,88425
226,44627	375,27359
227,14876	386,45996
227,85124	394,61728
228,55373	386,62506
229,2562	382,40546
229,95868	378,52219
230,66116	372,1622
231,36363	377,66968
232,06612	386,57394
232,7686	400,9873
233,47107	399,18854
234,17355	398,08047
234,87604	395,99152
235,57851	386,25916
236,28099	373,22311
236,98347	371,54782
237,68594	381,22714
238,38843	371,57898
239,09091	374,57764
239,7934	387,76022
240,49586	383,07565
241,19835	377,73599
241,90083	379,59625
242,6033	374,31223
243,30579	381,79999
244,00827	376,38077
244,71074	372,41693
245,41322	379,99472
246,11571	376,00204
246,81818	363,86307
247,52066	357,63596
248,22314	360,1741
248,92561	358,47345
249,6281	363,88495
250,33058	363,65848
251,03305	355,31726
251,73553	352,98322
252,43802	357,87405
253,1405	369,72678
253,84297	381,40527
254,54546	375,95752
255,24794	362,7507
255,95041	374,84415
256,65289	372,75833
257,35538	378,1532
258,05786	372,92859
258,76035	370,89505
259,4628	378,1843
260,16528	369,35464
260,86777	355,69745
261,57025	373,86349
262,27274	367,5213
262,97522	362,22348
263,67767	365,08398
264,38016	368,51016
265,08264	364,61465
265,78513	359,67004
266,48761	371,76108
267,19009	370,54105
267,89255	369,64395
268,59503	357,04822
269,29752	358,62735
270	360,27411
270,70248	351,07468
271,40497	341,98315
272,10745	348,0463
272,80991	344,72601
273,51239	353,54068
274,21487	361,08618
274,91736	360,82474
275,61984	367,49606
276,32233	372,91171
277,02478	370,21631
277,72726	365,63177
278,42975	361,87823
279,13223	356,17731
279,83472	370,0481
280,5372	362,84015
281,23965	365,27261
281,94214	358,27582
282,64462	346,35266
283,34711	345,935
284,04959	350,06937
284,75208	342,37909
285,45456	351,07614
286,15701	353,10837
286,8595	352,13449
287,56198	351,47678
288,26447	347,22314
288,96695	343,45053
289,66943	345,86804
290,37189	346,26083
291,07437	338,01358
291,77686	350,95523
292,47934	346,98923
293,18182	346,7067
293,88431	333,45734
294,58679	326,94293
295,28925	335,07608
295,99173	338,24399
296,69421	339,24738
297,3967	353,97348
298,09918	359,14462
298,80167	344,91766
299,50412	349,72482
300,2066	355,95999
300,90909	353,17334
301,61157	346,32318
302,31406	342,64297
303,01654	347,6496
303,71899	346,7594
304,42148	323,73892
305,12396	338,79071
305,82645	343,67773
306,52893	339,36505
307,23141	340,37253
307,9339	350,04282
308,63635	357,63702
309,33884	349,08005
310,04132	354,95566
310,7438	356,97507
311,44629	349,01895
312,14877	339,72946
312,85123	341,84476
313,55371	351,90979
314,2562	355,33606
314,95868	348,43756
315,66116	351,62457
316,36365	341,10016
317,0661	346,97394
317,76859	330,3024
318,47107	328,95407
319,17355	336,45242
319,87604	337,05054
320,57852	330,29175
321,28101	327,14499
321,98346	328,97208
322,68594	305,08975
323,38843	336,30267
324,09091	332,76572
324,7934	338,69226
325,49588	345,11267
326,19833	341,12119
326,90082	334,823
327,6033	337,71771
328,30579	344,48633
329,00827	347,49374
329,71075	324,93933
330,41321	335,47205
331,11569	336,36813
331,81818	336,54675
332,52066	336,72867
333,22314	336,10513
333,92563	338,53302
334,62811	333,10248
335,33057	341,12421
336,03305	329,83765
336,73553	346,86783
337,43802	331,79858
338,1405	322,85214
338,84299	338,27161
339,54544	350,10562
340,24792	336,43362
340,95041	328,02011
341,65289	337,44897
342,35538	334,01758
343,05786	340,20743
343,76035	330,0184
344,4628	327,78281
345,16528	334,547
345,86777	336,0004
346,57025	327,62167
347,27274	320,44482
347,97522	318,27191
348,67767	333,06952
349,38016	335,39212
350,08264	339,77512
350,78513	341,77487
351,48761	337,25916
352,19009	338,34579
352,89255	341,99759
353,59503	337,33521
354,29752	343,35321
355	344,73566
355,70248	323,26227
356,40497	325,93869
357,10745	326,39899
357,80991	333,26047
358,51239	330,21466
359,21487	317,42761
359,91736	316,21844
360,61984	329,40024
361,32233	319,58115
362,02478	323,50482
362,72726	326,62558
363,42975	325,54163
364,13223	322,78119
364,83472	320,18811
365,5372	325,698
366,23965	334,11813
366,94214	333,40616
367,64462	326,61697
368,34711	316,59906
369,04959	327,70764
369,75208	328,94531
370,45456	326,83246
371,15701	325,01147
371,8595	327,93713
372,56198	323,29138
373,26447	309,26907
373,96695	308,46899
374,66943	331,27368
375,37189	325,94983
376,07437	323,25427
376,77686	311,67548
377,47934	322,70432
378,18182	312,91324
378,88431	319,78629
379,58679	328,5824
380,28925	317,16956
380,99173	310,79349
381,69421	305,7814
382,3967	301,24228
383,09918	307,53635
383,80167	293,02606
384,50412	308,35727
385,2066	312,30563
385,90909	315,60373
386,61157	321,38232
387,31406	321,46146
388,01654	320,98157
388,71899	321,10074
389,42148	303,71542
390,12396	317,97495
390,82645	324,72626
391,52893	320,93857
392,23141	322,74664
392,9339	309,55701
393,63635	304,43494
394,33884	314,3024
395,04132	307,8316
395,7438	306,97748
396,44629	303,61087
397,14877	308,52737
397,85123	307,57745
398,55371	308,87939
399,2562	300,34589
399,95868	299,48099
400,66116	294,59229
401,36365	288,3736
402,0661	298,185
402,76859	299,40985
403,47107	301,61026
404,17355	304,72681
404,87604	316,85657
405,57852	314,75272
406,28101	308,13571
406,98346	307,68427
407,68594	309,42123
408,38843	308,98517
409,09091	312,28748
409,7934	318,73737
410,49588	300,11444
411,19833	302,82254
411,90082	307,31769
412,6033	308,1579
413,30579	299,56793
414,00827	296,78305
414,71075	300,67923
415,41321	306,48624
416,11569	305,94626
416,81818	297,50879
417,52066	298,95386
418,22314	292,81653
418,92563	288,14084
419,62811	284,05768
420,33057	289,7124
421,03305	301,65451
421,73553	306,81525
422,43802	308,21481
423,1405	304,349
423,84299	293,68069
424,54544	287,41962
425,24792	276,25946
425,95041	269,35361
426,65289	281,52005
427,35538	292,83759
428,05786	289,53616
428,76035	285,73752
429,4628	289,57178
430,16528	296,92929
430,86777	303,15372
431,57025	304,77414
432,27274	296,01785
432,97522	289,03418
433,67767	285,39862
434,38016	286,59064
435,08264	294,8092
435,78513	289,09445
436,48761	280,60461
437,19009	278,32419
437,89255	277,58643
438,59503	278,49588
439,29752	282,68463
440	278,75385
440,70248	294,74387
441,40497	279,7962
442,10745	278,24777
442,80991	280,59201
443,51239	284,04904
444,21487	281,62723
444,91736	286,89337
445,61984	286,78006
446,32233	283,16473
447,02478	293,84851
447,72726	287,9519
448,42975	286,60239
449,13223	277,49551
449,83472	271,92661
450,5372	233,1001
451,23965	214,77065
451,94214	228,23012
452,64462	239,04282
453,34711	236,5941
454,04959	233,3755
454,75208	225,76326
455,45456	202,87024
456,15701	200,71849
456,8595	195,2462
457,56198	221,09108
458,26447	217,2872
458,96695	231,38387
459,66943	235,91135
460,37189	254,30574
461,07437	270,37015
461,77686	275,01804
462,47934	280,23779
463,18182	276,96466
463,88431	276,66486
464,58679	269,26651
465,28925	272,56784
465,99173	254,03162
466,69421	240,06561
467,3967	235,67847
468,09918	239,88762
468,80167	237,09181
469,50412	242,86246
470,2066	265,06424
470,90909	271,52429
471,61157	251,31703
472,31406	235,47249
473,01654	264,71475
473,71899	270,53561
474,42148	259,40506
475,12396	243,89178
475,82645	240,4093
476,52893	233,07332
477,23141	225,31238
477,9339	222,71297
478,63635	216,25417
479,33884	208,29556
480,04132	221,77327
480,7438	234,80174
481,44629	229,30751
482,14877	253,73112
482,85123	266,3313
483,55371	254,75893
484,2562	249,47203
484,95868	238,49554
485,66116	234,8721
486,36365	237,94257
487,0661	232,27379
487,76859	230,769
488,47107	222,80208
489,17355	245,18999
489,87604	256,54617
490,57852	267,95694
491,28101	257,75977
491,98346	261,05457
492,68594	262,41254
493,38843	254,50578
494,09091	254,56851
494,7934	261,59445
495,49588	262,67514
496,19833	262,82016
496,90082	247,46251
497,6033	210,50351
498,30579	200,9633
499,00827	198,86441
499,71075	215,53416
500,41321	213,39403
501,11569	216,54347
501,81818	217,94264
502,52066	207,20779
503,22314	201,23416
503,92563	216,20308
504,62811	238,49464
505,33057	253,8094
506,03305	268,52081
506,73553	262,84644
507,43802	247,06876
508,1405	249,77234
508,84299	222,68086
509,54544	194,28337
510,24792	188,53957
510,95041	194,05702
511,65289	203,05977
512,35535	218,07956
513,05786	238,6916
513,76031	262,20142
514,46283	275,56921
515,16528	276,30249
515,8678	264,89233
516,57025	259,59131
517,27271	280,46613
517,97522	278,25491
518,67767	267,00113
519,38019	251,14407
520,08264	231,00117
520,7851	209,88179
521,48761	192,25931
522,19006	185,968
522,89258	193,14331
523,59503	185,66676
524,29755	193,03813
525	215,53329
525,70245	234,23547
526,40497	250,02357
527,10742	249,23615
527,80994	239,25012
528,51239	223,34062
529,2149	216,91367
529,91736	225,92078
530,61981	239,99503
531,32233	248,99023
532,02478	245,97922
532,72729	241,60001
533,42975	265,81662
534,1322	245,9832
534,83472	243,11554
535,53717	245,74004
536,23969	240,97934
536,94214	239,25076
537,64465	238,32664
538,34711	231,21483
539,04956	219,21935
539,75208	219,38896
540,45453	232,40369
541,15704	229,94345
541,8595	244,02701
542,56201	253,25354
543,26447	262,00336
543,96692	239,45296
544,66943	240,10579
545,37189	221,35715
546,0744	221,30475
546,77686	229,24001
547,47931	239,28568
548,18182	242,69606
548,88428	246,79338
549,58679	255,8632
550,28925	248,81828
550,99176	243,87611
551,69421	223,74461
552,39667	206,35905
553,09918	203,57478
553,80164	220,23035
554,50415	208,42894
555,2066	214,63785
555,90912	218,63443
556,61157	224,56044
557,31403	236,8786
558,01654	237,79431
558,71899	240,91768
559,42151	264,70529
560,12396	266,7785
560,82642	255,8452
561,52893	272,77615
562,23138	263,21866
562,9339	266,50656
563,63635	267,99063
564,33887	268,31552
565,04132	263,16959
565,74377	260,52731
566,44629	261,91922
567,14874	260,89655
567,85126	266,40863
568,55371	266,23172
569,25623	248,97847
569,95868	248,65958
570,66113	250,06181
571,36365	248,55896
572,0661	247,09071
572,76862	244,45001
573,47107	236,3649
574,17358	236,42807
574,87604	229,24777
575,57849	240,4837
576,28101	237,1635
576,98346	239,26808
577,68597	249,77216
578,38843	256,82147
579,09088	262,78378
579,7934	261,22205
580,49585	253,11411
581,19836	251,25697
581,90082	237,78517
582,60333	226,75621
583,30579	231,83722
584,00824	218,89767
584,71075	235,5618
585,41321	243,84792
586,11572	235,6407
586,81818	239,20129
587,52069	236,61717
588,22314	225,90706
588,9256	232,59346
589,62811	246,09926
590,33057	239,43991
591,03308	232,01204
591,73553	220,6084
592,43799	220,28191
593,1405	214,67947
593,84296	214,59909
594,54547	190,30162
595,24792	173,87755
595,95044	164,79587
596,65289	151,79057
597,35535	134,54846
598,05786	139,26332
598,76031	155,20807
599,46283	160,57426
600,16528	170,45747
600,8678	186,5249
601,57025	173,30614
602,27271	163,29716
602,97522	182,21001
603,67767	207,29875
604,38019	217,59201
605,08264	213,21089
605,7851	214,18318
606,48761	225,57843
607,19006	225,01271
607,89258	232,71039
608,59503	232,81715
609,29755	222,51485
610	220,90474
610,70245	231,01286
611,40497	239,33684
612,10742	242,09152
612,80994	243,77199
613,51239	238,56842
614,2149	239,302
614,91736	244,49709
615,61981	247,7384
616,32233	241,43855
617,02478	246,04819
617,72729	236,82707
618,42975	220,36017
619,1322	220,51656
619,83472	207,36414
620,53717	207,57684
621,23969	228,43947
621,94214	240,17303
622,64465	247,20876
623,34711	256,72418
624,04956	258,9118
624,75208	262,03183
625,45453	254,81573
626,15704	235,4223
626,8595	242,57866
627,56201	233,53526
628,26447	257,38934
628,96692	248,02046
629,66943	254,75117
630,37189	256,02408
631,0744	251,94788
631,77686	250,15149
632,47931	244,71394
633,18182	240,97311
633,88428	238,54654
634,58679	230,05623
635,28925	237,25003
635,99176	251,43037
636,69421	245,94232
637,39667	237,59296
638,09918	228,14111
638,80164	194,24802
639,50415	208,972
640,2066	216,01067
640,90912	213,43242
641,61157	230,74269
642,31403	232,98267
643,01654	226,77261
643,71899	218,94206
644,42151	221,18686
645,12396	232,66753
645,82642	242,40483
646,52893	246,55649
647,23138	237,76085
647,9339	231,67566
648,63635	239,45094
649,33887	223,23833
650,04132	232,87314
650,74377	247,96068
651,44629	238,07097
652,14874	246,6794
652,85126	239,28268
653,55371	254,47308
654,25623	253,31387
654,95868	251,50626
655,66113	249,81868
656,36365	249,21977
657,0661	247,38234
657,76862	246,34868
658,47107	246,09096
659,17358	239,83568
659,87604	240,41328
660,57849	244,67665
661,28101	229,06558
661,98346	217,92967
662,68597	213,75932
663,38843	200,52266
664,09088	202,1487
664,7934	201,95277
665,49585	197,282
666,19836	191,66699
666,90082	193,13893
667,60333	196,92056
668,30579	199,4873
669,00824	205,61334
669,71075	213,09358
670,41321	225,01559
671,11572	233,54869
671,81818	224,95662
672,52069	211,76797
673,22314	205,68756
673,9256	212,11499
674,62811	218,27832
675,33057	206,02831
676,03308	209,33109
676,73553	198,47594
677,43799	210,85976
678,1405	227,94704
678,84296	228,95038
679,54547	239,02737
680,24792	246,50746
680,95044	247,17732
681,65289	240,18274
682,35535	241,80496
683,05786	233,40227
683,76031	215,36125
684,46283	206,3698
685,16528	195,87331
685,8678	190,00349
686,57025	206,10956
687,27271	204,18646
687,97522	207,19888
688,67767	223,05856
689,38019	230,88701
690,08264	247,91608
690,7851	243,15976
691,48761	225,67207
692,19006	237,62704
692,89258	231,84467
693,59503	210,53854
694,29755	197,08376
695	184,69403
695,70245	203,97502
696,40497	218,14613
697,10742	223,69316
697,80994	228,37564
698,51239	236,76521
699,2149	244,01663
699,91736	236,67799
700,61981	233,52933
701,32233	228,95952
702,02478	221,33609
702,72729	214,75781
703,42975	211,13779
704,1322	221,07275
704,83472	237,54128
705,53717	234,67584
706,23969	233,79376
706,94214	223,48688
707,64465	222,06725
708,34711	210,80714
709,04956	194,80681
709,75208	192,82086
710,45453	194,08409
711,15704	211,01659
711,8595	224,24701
712,56201	229,80521
713,26447	234,73422
713,96692	235,52463
714,66943	239,53012
715,37189	248,11514
716,0744	246,01933
716,77686	231,51222
717,47931	231,98126
718,18182	232,59064
718,88428	224,22592
719,58679	228,7711
720,28925	215,57884
720,99176	226,25491
721,69421	231,60135
722,39667	225,42134
723,09918	242,2746
723,80164	230,87148
724,50415	226,85797
725,2066	219,24686
725,90912	213,3811
726,61157	213,62608
727,31403	209,69383
728,01654	201,76842
728,71899	197,02942
729,42151	196,88889
730,12396	209,24757
730,82642	228,67264
731,52893	234,08208
732,23138	227,87903
732,9339	205,565
733,63635	197,02675
734,33887	196,5265
735,04132	209,48361
735,74377	226,85522
736,44629	232,89902
737,14874	236,36398
737,85126	245,85077
738,55371	231,41612
739,25623	234,63141
739,95868	234,58948
740,66113	232,84657
741,36365	227,50539
742,0661	225,51489
742,76862	228,69073
743,47107	226,39905
744,17358	215,82802
744,87604	208,85451
745,57849	203,93916
746,28101	208,19435
746,98346	219,11407
747,68597	219,61287
748,38843	220,01561
749,09088	221,94942
749,7934	215,19508
750,49585	211,45891
751,19836	210,6463
751,90082	214,43321
752,60333	217,55933
753,30579	217,33171
754,00824	210,3367
754,71075	223,64381
755,41321	218,14084
756,11572	221,40538
756,81818	230,18793
757,52069	221,67345
758,22314	198,92769
758,9256	198,82962
759,62811	204,09781
760,33057	214,39009
761,03308	227,76137
761,73553	232,17537
762,43799	229,20497
763,1405	219,658
763,84296	222,05476
764,54547	224,88733
765,24792	223,0479
765,95044	232,68257
766,65289	240,85945
767,35535	239,99199
768,05786	230,51323
768,76031	233,02795
769,46283	238,81265
770,16528	233,50958
770,8678	225,48958
771,57025	224,18689
772,27271	227,52863
772,97522	219,7592
773,67767	229,68533
774,38019	220,03151
775,08264	224,35535
775,7851	237,35333
776,48761	248,38889
777,19006	243,45378
777,89258	239,3226
778,59503	237,55305
779,29755	225,82217
780	211,91399
780,70245	231,58046
781,40497	228,79326
782,10742	231,35269
782,80994	238,03021
783,51239	226,9879
784,2149	224,75938
784,91736	226,85718
785,61981	212,85379
786,32233	215,80209
787,02478	231,46045
787,72729	223,23535
788,42975	226,3145
789,1322	233,45485
789,83472	231,0652
790,53717	230,23032
791,23969	220,15814
791,94214	217,20645
792,64465	237,47652
793,34711	222,80838
794,04956	228,1833
794,75208	237,7072
795,45453	221,74661
796,15704	239,90755
796,8595	232,11292
797,56201	233,90685
798,26447	233,75323
798,96692	238,30014
799,66943	233,07242
800,37189	232,83003
801,0744	234,64937
801,77686	232,23621
802,47931	236,27
803,18182	244,50542
803,88428	239,86644
804,58679	237,93607
805,28925	241,23676
805,99176	234,34692
806,69421	227,05261
807,39667	228,76486
808,09918	227,5802
808,80164	216,59787
809,50415	217,34628
810,2066	229,81931
810,90912	228,69061
811,61157	228,41406
812,31403	222,65283
813,01654	224,38684
813,71899	226,25075
814,42151	236,80386
815,12396	232,93309
815,82642	239,29726
816,52893	237,79906
817,23138	234,23897
817,9339	240,40114
818,63635	233,23183
819,33887	247,67747
820,04132	232,2558
820,74377	244,67322
821,44629	248,24142
822,14874	238,89482
822,85126	219,78804
823,55371	219,31802
824,25623	226,17223
824,95868	236,89183
825,66113	229,54861
826,36365	230,504
827,0661	229,80852
827,76862	225,16937
828,47107	230,88846
829,17358	232,99348
829,87604	230,22615
830,57849	239,2141
831,28101	240,71432
831,98346	246,25539
832,68597	250,82533
833,38843	249,51683
834,09088	243,05603
834,7934	240,23627
835,49585	242,47046
836,19836	238,77856
836,90082	239,34001
837,60333	238,70937
838,30579	231,86954
839,00824	229,01193
839,71075	235,44107
840,41321	241,089
841,11572	237,00677
841,81818	233,28236
842,52069	232,88762
843,22314	242,93866
843,9256	241,089
844,62811	239,24088
845,33057	236,11533
846,03308	242,3087
846,73553	248,90826
847,43799	236,34846
848,1405	243,58145
848,84296	226,45387
849,54547	245,02594
850,24792	236,57594
850,95044	226,74969
851,65289	239,04486
852,35535	224,44266
853,05786	223,17833
853,76031	224,15091
854,46283	233,80295
855,16528	229,99335
855,8678	224,31625
856,57025	229,8168
857,27271	232,48251
857,97522	228,48503
858,67767	227,3105
859,38019	228,11108
860,08264	231,46408
860,7851	232,5312
861,48761	237,27451
862,19006	236,14372
862,89258	233,63055
863,59503	233,49898
864,29755	239,77953
865	242,62277
865,70245	237,87056
866,40497	235,51091
867,10742	232,37079
867,80994	235,88264
868,51239	235,16353
869,2149	230,4904
869,91736	229,17941
870,61981	233,05414
871,32233	236,88416
872,02478	238,75862
872,72729	239,92014
873,42975	236,72473
874,1322	237,38214
874,83472	242,97685
875,53717	239,83295
876,23969	237,11209
876,94214	239,7813
877,64465	235,06288
878,34711	236,69298
879,04956	245,7276
879,75208	238,62523
880,45453	231,88754
881,15704	246,23843
881,8595	243,33008
882,56201	240,04506
883,26447	243,73775
883,96692	242,13347
884,66943	238,57097
885,37189	249,58426
886,0744	253,35585
886,77686	255,20395
887,47931	255,28355
888,18182	260,05737
888,88428	254,24823
889,58679	252,25143
890,28925	250,8501
890,99176	265,16013
891,69421	237,47917
892,39667	258,33655
893,09918	246,79875
893,80164	255,40166
894,50415	256,83087
895,2066	246,44289
895,90912	236,09615
896,61157	225,21951
897,31403	235,29263
898,01654	236,92018
898,71899	224,93764
899,42151	231,4476
900,12396	226,76576
900,82642	230,20718
901,52893	229,87003
902,23138	230,57716
902,9339	225,08597
903,63635	224,37717
904,33887	230,23787
905,04132	228,75743
905,74377	219,646
906,44629	223,28333
907,14874	224,44858
907,85126	221,41025
908,55371	235,8058
909,25623	241,43683
909,95868	228,98482
910,66113	226,36253
911,36365	234,60713
912,0661	238,24284
912,76862	237,0295
913,47107	230,58362
914,17358	225,46886
914,87604	240,19833
915,57849	238,6185
916,28101	233,66353
916,98346	225,31142
917,68597	231,00584
918,38843	229,98177
919,09088	225,19334
919,7934	228,87166
920,49585	229,77087
921,19836	216,02754
921,90082	228,97084
922,60333	230,44804
923,30579	230,48735
924,00824	232,4173
924,71075	228,92719
925,41321	226,14702
926,11572	233,49529
926,81818	232,34546
927,52069	243,19635
928,22314	230,76079
928,9256	230,0267
929,62811	232,32874
930,33057	228,9702
931,03308	216,55753
931,73553	218,5136
932,43799	219,87363
933,1405	218,55054
933,84296	220,4382
934,54547	239,30815
935,24792	237,93356
935,95044	224,52444
936,65289	224,40646
937,35535	242,4879
938,05786	229,14114
938,76031	242,29576
939,46283	223,18588
940,16528	227,5544
940,8678	228,40614
941,57025	222,62363
942,27271	222,58292
942,97522	217,36365
943,67767	204,67249
944,38019	218,41177
945,08264	216,81635
945,7851	218,99011
946,48761	223,43082
947,19006	229,08588
947,89258	213,18451
948,59503	217,90372
949,29755	229,88698
950	230,47804
950,70245	231,66145
951,40497	226,42932
952,10742	231,89008
952,80994	236,09819
953,51239	224,54108
954,2149	201,80327
954,91736	210,35109
955,61981	223,03725
956,32233	236,54367
957,02478	234,00101
957,72729	222,27242
958,42975	220,50284
959,1322	222,91389
959,83472	224,05907
960,53717	225,75629
961,23969	223,88069
961,94214	233,75044
962,64465	237,49673
963,34711	232,49181
964,04956	233,01239
964,75208	234,61478
965,45453	235,79674
966,15704	229,4978
966,8595	232,53108
967,56201	226,67902
968,26447	221,6021
968,96692	220,25287
969,66943	214,01933
970,37189	220,75639
971,0744	228,37802
971,77686	226,91644
972,47931	224,46606
973,18182	219,78156
973,88428	214,1873
974,58679	222,91875
975,28925	230,77736
975,99176	235,96019
976,69421	234,04141
977,39667	230,57803
978,09918	230,38522
978,80164	223,8884
979,50415	218,93799
980,2066	216,98466
980,90912	215,98952
981,61157	207,8853
982,31403	195,68704
983,01654	185,16158
983,71899	175,18221
984,42151	181,65385
985,12396	198,08357
985,82642	205,15388
986,52893	212,39822
987,23138	213,91882
987,9339	210,22609
988,63635	215,39468
989,33887	212,27267
990,04132	217,005
990,74377	228,09183
991,44629	224,19611
992,14874	221,13135
992,85126	222,96321
993,55371	230,0424
994,25623	224,89616
994,95868	230,27733
995,66113	237,89203
996,36365	235,46045
997,0661	236,08331
997,76862	234,70486
998,47107	225,8961
999,17358	220,05927
999,87604	221,81598
1000,5785	230,77541
1001,281	233,10188
1001,9835	230,39558
1002,686	232,05495
1003,3884	225,1246
1004,0909	220,3017
1004,7934	220,83717
1005,4958	212,07901
1006,1984	213,55524
1006,9008	213,17734
1007,6033	221,16438
1008,3058	233,99309
1009,0082	225,00314
1009,7108	225,85265
1010,4132	225,85037
1011,1157	224,38171
1011,8182	235,43851
1012,5207	229,26839
1013,2231	221,66125
1013,9256	228,71295
1014,6281	231,196
1015,3306	237,25562
1016,0331	241,60988
1016,7355	225,52548
1017,438	230,15674
1018,1405	242,97563
1018,843	241,27177
1019,5455	240,85059
1020,2479	236,27348
1020,9504	228,1636
1021,6529	226,40919
1022,3553	227,48155
1023,0579	229,22575
1023,7603	229,13971
1024,4628	226,31757
1025,1653	235,04926
1025,8678	240,37482
1026,5702	231,50073
1027,2727	230,50815
1027,9752	234,50945
1028,6777	231,48698
1029,3801	227,25978
1030,0826	231,55768
1030,7852	241,84465
1031,4875	233,53712
1032,1901	231,63655
1032,8926	236,28658
1033,5951	225,84041
1034,2975	226,39026
1035	226,07997
1035,7025	229,99696
1036,4049	222,04884
1037,1074	220,0181
1037,8099	227,36829
1038,5125	232,026
1039,2148	224,94838
1039,9174	228,26414
1040,6199	208,47273
1041,3223	206,17714
1042,0248	200,0024
1042,7273	180,33479
1043,4298	179,13585
1044,1322	172,18506
1044,8347	171,0735
1045,5372	168,4104
1046,2396	178,55942
1046,9421	199,06741
1047,6447	213,19814
1048,3472	220,73985
1049,0496	234,79619
1049,7521	239,22942
1050,4546	236,45799
1051,157	242,67558
1051,8595	241,78481
1052,562	262,00076
1053,2644	266,35202
1053,9669	271,02475
1054,6694	264,18658
1055,3719	286,77139
1056,0743	292,49792
1056,7769	308,4819
1057,4794	336,14294
1058,1818	385,68784
1058,8843	408,90643
1059,5868	476,6221
1060,2893	497,4299
1060,9917	519,95905
1061,6942	562,4696
1062,3967	549,17969
1063,0991	539,87299
1063,8016	498,80875
1064,5042	436,06943
1065,2067	392,21432
1065,9091	357,39288
1066,6116	338,62936
1067,3141	324,61829
1068,0165	289,95612
1068,719	290,97104
1069,4215	275,33643
1070,124	272,56989
1070,8264	267,5741
1071,5289	267,61548
1072,2314	263,19223
1072,9338	261,90924
1073,6364	266,41534
1074,3389	269,638
1075,0414	252,60095
1075,7438	245,57062
1076,4463	250,65442
1077,1488	259,32217
1077,8512	259,18173
1078,5537	249,44479
1079,2562	251,45932
1079,9586	260,92493
1080,6611	259,80075
1081,3636	253,89331
1082,0662	252,58203
1082,7686	250,87866
1083,4711	252,68361
1084,1736	247,54474
1084,876	239,19524
1085,5785	240,366
1086,281	250,21152
1086,9835	249,40242
1087,6859	250,47586
1088,3884	255,08499
1089,0909	253,12953
1089,7933	255,03203
1090,4958	259,32306
1091,1984	251,98354
1091,9009	241,85709
1092,6033	244,25479
1093,3058	253,63141
1094,0083	251,13268
1094,7107	251,4111
1095,4132	243,25873
1096,1157	246,78503
1096,8182	242,02385
1097,5206	239,60127
1098,2231	242,50211
1098,9257	215,56979
1099,6281	244,485
1100,3306	236,8483
1101,0331	243,74164
1101,7356	240,71262
1102,438	248,69083
1103,1405	255,31554
1103,843	247,04529
1104,5454	247,31818
1105,2479	244,84647
1105,9504	240,96434
1106,6528	248,69908
1107,3553	243,34851
1108,0579	260,19122
1108,7604	254,11882
1109,4628	253,99352
1110,1653	260,25912
1110,8678	254,24481
1111,5702	258,56342
1112,2727	249,77686
1112,9752	254,54314
1113,6777	263,21939
1114,3801	261,59979
1115,0826	262,50314
1115,7852	261,26852
1116,4875	260,8829
1117,1901	263,73364
1117,8926	268,56845
1118,5951	272,55676
1119,2975	268,81595
1120	271,90271
1120,7025	287,26935
1121,4049	299,52652
1122,1074	293,35223
1122,8099	298,19647
1123,5125	310,89484
1124,2148	321,54779
1124,9174	325,24435
1125,6199	334,21198
1126,3223	356,15814
1127,0248	388,40237
1127,7273	420,15054
1128,4298	453,82404
1129,1322	495,47421
1129,8347	531,51367
1130,5372	577,92981
1131,2396	604,74463
1131,9421	617,30811
1132,6447	625,76129
1133,3472	591,26575
1134,0496	554,33118
1134,7521	499,3576
1135,4546	434,63614
1136,157	401,40533
1136,8595	356,16098
1137,562	319,21561
1138,2644	304,38455
1138,9669	280,3779
1139,6694	274,61945
1140,3719	258,51144
1141,0743	256,30441
1141,7769	256,87775
1142,4794	259,82098
1143,1818	258,08182
1143,8843	259,68701
1144,5868	251,02777
1145,2893	242,08723
1145,9917	246,81871
1146,6942	252,64214
1147,3967	253,05145
1148,0991	248,34331
1148,8016	249,21896
1149,5042	253,0835
1150,2067	248,09294
1150,9091	253,72122
1151,6116	244,38809
1152,3141	239,91031
1153,0165	236,92593
1153,719	235,89532
1154,4215	228,37407
1155,124	224,42616
1155,8264	228,07918
1156,5289	209,72189
1157,2314	218,24525
1157,9338	203,18074
1158,6364	206,96501
1159,3389	215,75398
1160,0414	210,8855
1160,7438	225,41562
1161,4463	220,73534
1162,1488	231,2607
1162,8512	244,31525
1163,5537	242,71439
1164,2562	248,21143
1164,9586	268,97159
1165,6611	273,88962
1166,3636	283,7612
1167,0662	303,5947
1167,7686	318,40427
1168,4711	326,62891
1169,1736	336,17941
1169,876	350,63229
1170,5785	352,02795
1171,281	334,98886
1171,9835	312,75104
1172,6859	301,25778
1173,3884	290,34354
1174,0909	282,00128
1174,7933	270,0408
1175,4958	260,21722
1176,1984	250,38474
1176,9009	251,81696
1177,6033	252,41843
1178,3058	248,1422
1179,0083	242,74744
1179,7107	252,65506
1180,4132	259,20248
1181,1157	234,1875
1181,8182	241,7944
1182,5206	250,52899
1183,2231	242,91086
1183,9257	247,19614
1184,6281	237,73584
1185,3306	231,26588
1186,0331	241,24329
1186,7356	240,42862
1187,438	235,5797
1188,1405	238,64627
1188,843	239,36066
1189,5454	232,99432
1190,2479	234,31224
1190,9504	233,17744
1191,6528	239,72098
1192,3553	236,74423
1193,0579	243,11459
1193,7604	229,7103
1194,4628	235,31303
1195,1653	229,33345
1195,8678	237,91528
1196,5702	227,60577
1197,2727	229,28529
1197,9752	233,99071
1198,6777	231,61975
1199,3801	222,31108
1200,0826	222,47063
1200,7852	225,82286
1201,4875	223,66844
1202,1901	230,76289
1202,8926	223,16776
1203,5951	225,83394
1204,2975	217,64392
1205	197,72012
1205,7025	177,86871
1206,4049	162,53474
1207,1074	168,04404
1207,8099	178,70158
1208,5125	191,72806
1209,2148	193,77371
1209,9174	203,1246
1210,6199	215,75468
1211,3223	216,84039
1212,0248	226,98192
1212,7273	224,23436
1213,4298	218,86937
1214,1322	230,30672
1214,8347	223,35454
1215,5372	237,4756
1216,2396	245,48151
1216,9421	245,76242
1217,6447	229,41876
1218,3472	244,06062
1219,0496	245,05235
1219,7521	230,90875
1220,4546	236,86949
1221,157	241,24236
1221,8595	232,5265
1222,562	232,14087
1223,2644	234,05788
1223,9669	238,77322
1224,6694	230,80188
1225,3719	238,1981
1226,0743	247,33139
1226,7769	246,91895
1227,4794	245,96881
1228,1818	235,00093
1228,8843	241,23212
1229,5868	229,14488
1230,2893	235,87009
1230,9917	245,63158
1231,6942	245,40987
1232,3967	244,29323
1233,0991	235,97011
1233,8016	247,45355
1234,5042	242,63005
1235,2067	240,26544
1235,9091	239,29297
1236,6116	240,69182
1237,3141	248,88593
1238,0165	244,30956
1238,719	244,04027
1239,4215	250,16907
1240,124	249,82045
1240,8264	241,68858
1241,5289	220,56033
1242,2314	224,6938
1242,9338	231,69749
1243,6364	240,99695
1244,3389	250,30713
1245,0414	236,50844
1245,7438	250,04018
1246,4463	251,20717
1247,1488	245,85297
1247,8512	254,23775
1248,5537	253,47896
1249,2562	248,08434
1249,9586	257,09186
1250,6611	248,13702
1251,3636	246,40929
1252,0662	252,26712
1252,7686	259,47452
1253,4711	243,52676
1254,1736	252,83134
1254,876	253,82899
1255,5785	246,00139
1256,281	244,79634
1256,9835	239,13405
1257,6859	249,19835
1258,3884	248,45691
1259,0909	254,65451
1259,7933	256,95438
1260,4958	255,86864
1261,1984	239,18907
1261,9009	253,43269
1262,6033	260,23969
1263,3058	265,24783
1264,0083	263,17984
1264,7107	254,56836
1265,4132	257,61539
1266,1157	249,61902
1266,8182	253,04668
1267,5206	259,50018
1268,2231	259,06195
1268,9257	261,38943
1269,6281	260,8252
1270,3306	251,71474
1271,0331	257,90793
1271,7356	265,46136
1272,438	259,10471
1273,1405	252,27013
1273,843	255,38914
1274,5454	246,95125
1275,2479	250,93466
1275,9504	251,64369
1276,6528	256,7688
1277,3553	258,46396
1278,0579	267,03214
1278,7604	264,2359
1279,4628	260,54172
1280,1653	251,76758
1280,8678	262,87271
1281,5702	253,51756
1282,2727	262,86368
1282,9752	269,43332
1283,6777	264,09991
1284,3801	263,0668
1285,0826	256,80515
1285,7852	269,9256
1286,4875	267,76532
1287,1901	290,72958
1287,8926	277,51617
1288,5951	291,60001
1289,2975	307,20215
1290	319,75311
1290,7025	342,29868
1291,4049	377,40521
1292,1074	432,75436
1292,8099	530,24622
1293,5125	655,63275
1294,2148	792,28656
1294,9174	880,23688
1295,6199	895,40497
1296,3223	819,34198
1297,0248	682,61865
1297,7273	569,57556
1298,4298	463,71182
1299,1322	396,58157
1299,8347	370,35788
1300,5372	333,50381
1301,2396	313,65594
1301,9421	313,83377
1302,6447	308,77454
1303,3472	295,51172
1304,0496	283,89926
1304,7521	290,608
1305,4546	282,12729
1306,157	283,29514
1306,8595	277,58441
1307,562	273,95419
1308,2644	271,57034
1308,9669	271,4256
1309,6694	291,96085
1310,3719	272,59076
1311,0743	259,33609
1311,7769	264,83743
1312,4794	258,18503
1313,1818	256,70193
1313,8843	263,4455
1314,5868	266,94247
1315,2893	266,64212
1315,9917	262,54807
1316,6942	260,13275
1317,3967	257,59903
1318,0991	240,0083
1318,8016	250,75935
1319,5042	261,25375
1320,2067	254,23297
1320,9091	246,14496
1321,6116	245,60088
1322,3141	243,41434
1323,0165	262,97845
1323,719	265,84091
1324,4215	250,06569
1325,124	249,66603
1325,8264	239,83913
1326,5289	239,74203
1327,2314	241,72662
1327,9338	247,92421
1328,6364	247,95114
1329,3389	252,59566
1330,0414	246,7963
1330,7438	257,54813
1331,4463	235,24536
1332,1488	242,19429
1332,8512	238,59505
1333,5537	232,0593
1334,2562	242,90616
1334,9586	246,72559
1335,6611	246,24516
1336,3636	237,07153
1337,0662	244,58418
1337,7686	253,52991
1338,4711	251,33568
1339,1736	248,24008
1339,876	240,16986
1340,5785	241,65111
1341,281	233,08517
1341,9835	235,32094
1342,6859	231,85236
1343,3884	253,0701
1344,0909	231,76828
1344,7933	262,98465
1345,4958	244,35153
1346,1984	246,86224
1346,9009	241,66859
1347,6033	254,01755
1348,3058	255,11565
1349,0083	251,40521
1349,7107	248,37898
1350,4132	250,60187
1351,1157	249,83205
1351,8182	239,33324
1352,5206	229,0399
1353,2231	245,61809
1353,9257	237,46761
1354,6281	240,77516
1355,3306	251,70459
1356,0331	251,86299
1356,7356	247,77028
1357,438	241,06876
1358,1405	241,12567
1358,843	241,05804
1359,5454	251,43999
1360,2479	255,28667
1360,9504	248,93466
1361,6528	245,66376
1362,3553	248,30147
1363,0579	245,09456
1363,7604	234,80298
1364,4628	262,51007
1365,1653	262,94635
1365,8678	266,80441
1366,5702	260,98578
1367,2727	268,41422
1367,9752	266,3909
1368,6777	270,21695
1369,3801	263,5173
1370,0826	267,84326
1370,7852	271,18454
1371,4875	269,00061
1372,1901	257,26782
1372,8926	256,04532
1373,5951	253,97299
1374,2975	249,48605
1375	251,30789
1375,7025	245,21233
1376,4049	248,43275
1377,1074	246,03053
1377,8099	239,33366
1378,5125	234,11748
1379,2148	237,99362
1379,9174	243,96817
1380,6199	244,429
1381,3223	241,43243
1382,0248	243,25038
1382,7273	238,6006
1383,4298	244,88962
1384,1322	244,75298
1384,8347	242,87944
1385,5372	243,03096
1386,2396	238,67142
1386,9421	245,13651
1387,6447	247,57043
1388,3472	249,76727
1389,0496	248,37769
1389,7521	248,2541
1390,4546	248,93645
1391,157	233,32855
1391,8595	247,6274
1392,562	238,81628
1393,2644	237,68417
1393,9669	236,64058
1394,6694	230,29697
1395,3719	219,13899
1396,0743	216,645
1396,7769	217,3969
1397,4794	222,87894
1398,1818	230,82671
1398,8843	241,35168
1399,5868	242,94801
1400,2893	246,39259
1400,9917	245,01175
1401,6942	240,11588
1402,3967	243,79684
1403,0991	249,13055
1403,8016	247,83258
1404,5042	244,10626
1405,2067	242,66225
1405,9091	249,91867
1406,6116	242,69229
1407,3141	256,81293
1408,0165	265,16257
1408,719	259,83231
1409,4215	258,2153
1410,124	260,50284
1410,8264	260,53586
1411,5289	273,53973
1412,2314	285,18475
1412,9338	298,75208
1413,6364	308,10095
1414,3389	332,59088
1415,0414	357,5336
1415,7438	387,57672
1416,4463	409,29602
1417,1488	415,94046
1417,8512	396,06482
1418,5537	380,04816
1419,2562	357,65634
1419,9586	347,27939
1420,6611	347,10452
1421,3636	333,19763
1422,0662	330,26169
1422,7686	320,75867
1423,4711	314,77435
1424,1736	310,79367
1424,876	304,01996
1425,5785	320,24615
1426,281	306,66599
1426,9835	316,1669
1427,6859	332,2998
1428,3884	333,96835
1429,0909	344,07022
1429,7933	354,90424
1430,4958	363,0914
1431,1984	384,32858
1431,9009	403,22858
1432,6033	421,91751
1433,3058	456,26242
1434,0083	471,8349
1434,7107	535,5329
1435,4132	585,5304
1436,1157	639,61646
1436,8182	702,151
1437,5206	766,0528
1438,2231	843,76141
1438,9257	904,4881
1439,6281	923,69788
1440,3306	927,47064
1441,0331	887,38135
1441,7356	818,41156
1442,438	759,50824
1443,1405	692,31738
1443,843	645,0365
1444,5454	595,42151
1445,2479	566,05499
1445,9504	539,42969
1446,6528	521,24341
1447,3553	508,01169
1448,0579	498,49463
1448,7604	477,85922
1449,4628	476,20486
1450,1653	479,48804
1450,8678	479,76251
1451,5702	484,39426
1452,2727	485,1188
1452,9752	482,76907
1453,6777	487,35477
1454,3801	498,98389
1455,0826	506,5159
1455,7852	515,84894
1456,4875	509,80789
1457,1901	527,67853
1457,8926	546,33337
1458,5951	556,63147
1459,2975	571,18683
1460	578,03009
1460,7025	562,46191
1461,4049	568,44879
1462,1074	561,28967
1462,8099	571,82458
1463,5125	575,49878
1464,2148	565,87665
1464,9174	565,63593
1465,6199	558,51239
1466,3223	540,15698
1467,0248	514,58606
1467,7273	496,45078
1468,4298	474,38727
1469,1322	444,62552
1469,8347	437,91238
1470,5372	422,59433
1471,2396	402,62491
1471,9421	386,82974
1472,6447	370,74307
1473,3472	349,59506
1474,0496	342,3735
1474,7521	344,35654
1475,4546	343,96747
1476,157	326,64493
1476,8595	323,96768
1477,562	319,09329
1478,2644	306,90247
1478,9669	308,78494
1479,6694	308,1402
1480,3719	301,17908
1481,0743	300,38071
1481,7769	292,57196
1482,4794	279,05374
1483,1818	282,88354
1483,8843	288,31113
1484,5868	285,05963
1485,2893	283,258
1485,9917	278,73526
1486,6942	274,63461
1487,3967	274,41049
1488,0991	264,60358
1488,8016	262,57529
1489,5042	264,57434
1490,2067	252,61986
1490,9091	275,91061
1491,6116	274,77832
1492,3141	268,19147
1493,0165	256,58969
1493,719	251,37355
1494,4215	255,33313
1495,124	254,40788
1495,8264	259,69287
1496,5289	264,65891
1497,2314	261,60294
1497,9338	263,78122
1498,6364	256,42941
1499,3389	256,65378
1500,0414	259,53186
1500,7438	259,81787
1501,4463	268,29599
1502,1488	262,12387
1502,8512	262,64725
1503,5537	252,7139
1504,2562	250,50284
1504,9586	254,7679
1505,6611	250,70226
1506,3636	252,5383
1507,0662	248,08893
1507,7686	242,05798
1508,4711	249,33411
1509,1736	256,54797
1509,876	258,55646
1510,5785	247,62166
1511,281	239,93019
1511,9835	243,75439
1512,6859	254,03902
1513,3884	250,61189
1514,0909	251,35341
1514,7933	241,39903
1515,4958	246,16823
1516,1984	248,13307
1516,9009	249,9193
1517,6033	244,45609
1518,3058	234,43561
1519,0083	238,34601
1519,7107	252,85715
1520,4132	247,55087
1521,1157	235,50757
1521,8182	244,20082
1522,5206	245,37764
1523,2231	238,70464
1523,9257	230,60022
1524,6281	231,66736
1525,3306	235,44197
1526,0331	250,82863
1526,7356	234,72273
1527,438	241,39368
1528,1405	242,96637
1528,843	238,98387
1529,5454	240,16376
1530,2479	233,13531
1530,9504	238,49954
1531,6528	248,16476
1532,3553	246,63077
1533,0579	234,98708
1533,7604	244,6788
1534,4628	237,66063
1535,1653	241,34964
1535,8678	240,62305
1536,5702	237,63029
1537,2727	225,48726
1537,9752	220,60779
1538,6777	230,76233
1539,3801	235,97758
1540,0826	231,61794
1540,7852	239,36322
1541,4875	232,26262
1542,1901	241,31593
1542,8926	235,46251
1543,5951	240,62308
1544,2975	243,97508
1545	242,7762
1545,7025	248,24274
1546,4049	232,34996
1547,1074	224,00395
1547,8099	221,22168
1548,5125	220,62486
1549,2148	227,77711
1549,9174	229,86394
1550,6199	222,0477
1551,3223	225,72607
1552,0248	207,61598
1552,7273	206,05608
1553,4298	219,03822
1554,1322	212,14183
1554,8347	220,85115
1555,5372	232,4173
1556,2396	232,42064
1556,9421	224,22885
1557,6447	218,46596
1558,3472	207,50703
1559,0496	233,14691
1559,7521	224,39134
1560,4546	234,85455
1561,157	244,67801
1561,8595	243,23485
1562,562	230,01469
1563,2644	244,62451
1563,9669	236,03146
1564,6694	232,50395
1565,3719	212,14676
1566,0743	209,75169
1566,7769	210,91693
1567,4794	210,78279
1568,1818	215,47282
1568,8843	213,02335
1569,5868	220,55534
1570,2893	231,79472
1570,9917	228,74443
1571,6942	216,19357
1572,3967	211,41603
1573,0991	190,06084
1573,8016	198,65346
1574,5042	212,32579
1575,2067	206,29399
1575,9091	203,33839
1576,6116	214,46005
1577,3141	217,28972
1578,0165	205,97101
1578,719	201,72063
1579,4215	191,74414
1580,124	196,72629
1580,8264	185,78406
1581,5289	191,53564
1582,2314	188,81633
1582,9338	178,42305
1583,6364	167,52301
1584,3389	189,29135
1585,0414	196,9144
1585,7438	206,16214
1586,4463	207,56802
1587,1488	210,42123
1587,8512	209,85452
1588,5537	214,40919
1589,2562	215,27367
1589,9586	222,74251
1590,6611	221,6644
1591,3636	213,81335
1592,0662	217,67947
1592,7686	176,15588
1593,4711	149,63797
1594,1736	152,33321
1594,876	169,12598
1595,5785	162,66705
1596,281	175,43335
1596,9835	161,27417
1597,6859	159,02905
1598,3884	157,89665
1599,0909	180,42654
1599,7933	206,38455
1600,4958	216,47118
1601,1984	226,10411
1601,9009	219,49091
1602,6033	208,51367
1603,3058	187,85925
1604,0083	167,82231
1604,7107	150,38742
1605,4132	155,4377
1606,1157	167,43346
1606,8182	175,42549
1607,5206	165,03412
1608,2231	161,97279
1608,9257	147,83377
1609,6281	162,49185
1610,3306	172,71896
1611,0331	183,04808
1611,7356	195,55205
1612,438	193,10329
1613,1405	180,98262
1613,843	179,39221
1614,5454	157,04933
1615,2479	146,59216
1615,9504	121,76105
1616,6528	135,27466
1617,3553	163,45634
1618,0579	187,40524
1618,7604	195,34061
1619,4628	208,65157
1620,1653	210,46147
1620,8678	210,18642
1621,5702	202,34468
1622,2727	182,30336
1622,9752	155,35031
1623,6777	117,52818
1624,3801	115,47716
1625,0826	106,7827
1625,7852	108,8707
1626,4875	120,25496
1627,1901	139,21255
1627,8926	127,79719
1628,5951	117,98949
1629,2975	113,92505
1630	109,16621
1630,7025	147,68996
1631,4049	146,30763
1632,1074	178,26996
1632,8099	199,01759
1633,5125	213,72801
1634,2148	217,38289
1634,9174	219,30032
1635,6199	226,45613
1636,3223	213,7496
1637,0248	222,58827
1637,7273	216,32336
1638,4298	195,92706
1639,1322	168,24088
1639,8347	145,61633
1640,5372	125,86362
1641,2396	130,25424
1641,9421	174,70815
1642,6447	188,30025
1643,3472	177,51033
1644,0496	170,18758
1644,7521	151,77228
1645,4546	153,23636
1646,157	170,54623
1646,8595	191,4404
1647,562	177,73088
1648,2644	164,0639
1648,9669	139,22881
1649,6694	136,2682
1650,3719	152,13049
1651,0743	165,35384
1651,7769	167,54076
1652,4794	182,99312
1653,1818	181,64691
1653,8843	149,58481
1654,5868	158,75661
1655,2893	157,06294
1655,9917	176,72205
1656,6942	180,82838
1657,3967	190,73665
1658,0991	192,26633
1658,8016	182,89046
1659,5042	154,81956
1660,2067	137,51987
1660,9091	118,71597
1661,6116	127,50475
1662,3141	155,11356
1663,0165	187,2574
1663,719	206,85902
1664,4215	210,61479
1665,124	218,88235
1665,8264	198,37682
1666,5289	183,27408
1667,2314	156,85114
1667,9338	149,21544
1668,6364	149,55164
1669,3389	154,92659
1670,0414	166,61397
1670,7438	160,59743
1671,4463	143,28932
1672,1488	139,856
1672,8512	156,17628
1673,5537	180,06721
1674,2562	196,74388
1674,9586	195,6058
1675,6611	193,33473
1676,3636	187,91216
1677,0662	181,85602
1677,7686	179,51534
1678,4711	175,75989
1679,1736	160,23395
1679,876	190,15253
1680,5785	206,69696
1681,281	211,02417
1681,9835	212,86337
1682,6859	213,03172
1683,3884	218,2802
1684,0909	204,28513
1684,7933	221,42097
1685,4958	220,05737
1686,1984	216,04408
1686,9009	211,40533
1687,6033	212,94418
1688,3058	210,04913
1689,0083	203,55927
1689,7107	184,7467
1690,4132	194,52887
1691,1157	185,59242
1691,8182	166,73218
1692,5206	160,16557
1693,2231	180,19861
1693,9257	201,2836
1694,6281	209,834
1695,3306	214,36006
1696,0331	221,95279
1696,7356	222,53481
1697,438	212,31424
1698,1405	199,9258
1698,843	189,0531
1699,5454	197,02504
1700,2479	197,49051
1700,9504	207,84668
1701,6528	203,9346
1702,3553	195,94147
1703,0579	187,89963
1703,7604	184,71896
1704,4628	183,21152
1705,1653	161,92828
1705,8678	169,96107
1706,5702	192,8058
1707,2727	198,1783
1707,9752	208,40262
1708,6777	211,33266
1709,3801	211,69743
1710,0826	215,72667
1710,7852	207,26756
1711,4875	202,84824
1712,1901	205,62035
1712,8926	196,5199
1713,5951	174,56041
1714,2975	167,12511
1715	150,46938
1715,7025	138,59123
1716,4049	138,65623
1717,1074	142,89307
1717,8099	143,07022
1718,5125	153,77583
1719,2148	174,37837
1719,9174	196,61372
1720,6199	197,69475
1721,3223	209,10158
1722,0248	200,19012
1722,7273	190,87131
1723,4298	170,61823
1724,1322	154,65742
1724,8347	142,56844
1725,5372	140,41499
1726,2396	148,73047
1726,9421	150,42014
1727,6447	139,95332
1728,3472	129,4922
1729,0496	144,10306
1729,7521	139,71558
1730,4546	154,17159
1731,157	154,02708
1731,8595	166,07693
1732,562	183,02272
1733,2644	200,94962
1733,9669	199,26114
1734,6694	195,06975
1735,3719	184,168
1736,0743	164,61711
1736,7769	137,87535
1737,4794	115,53179
1738,1818	109,1758
1738,8843	117,86935
1739,5868	120,25768
1740,2893	144,78143
1740,9917	174,23369
1741,6942	182,73848
1742,3967	197,29286
1743,0991	186,4756
1743,8016	196,90059
1744,5042	171,33354
1745,2067	141,88788
1745,9091	120,58207
1746,6116	107,17192
1747,3141	124,6813
1748,0165	151,32683
1748,719	154,41197
1749,4215	158,8589
1750,124	156,25691
1750,8264	160,38226
1751,5289	173,63638
1752,2314	170,84294
1752,9338	147,90752
1753,6364	153,81505
1754,3389	139,74908
1755,0414	131,85788
1755,7438	132,86299
1756,4463	148,20952
1757,1488	164,8334
1757,8512	172,937
1758,5537	185,92982
1759,2562	178,19653
1759,9586	162,74648
1760,6611	135,45966
1761,3636	118,78004
1762,0662	114,66164
1762,7686	121,08843
1763,4711	136,88126
1764,1736	158,48581
1764,876	176,67934
1765,5785	200,3877
1766,281	191,86517
1766,9835	195,92258
1767,6859	177,21021
1768,3884	150,27429
1769,0909	128,08215
1769,7933	125,10977
1770,4958	105,14677
1771,1984	108,70403
1771,9009	124,64579
1772,6033	145,69083
1773,3058	165,16075
1774,0083	188,43372
1774,7107	195,21083
1775,4132	181,53198
1776,1157	168,83481
1776,8182	177,37228
1777,5206	182,37569
1778,2231	193,399
1778,9257	199,69995
1779,6281	192,31839
1780,3306	184,36386
1781,0331	173,18529
1781,7356	149,05106
1782,438	140,42131
1783,1405	119,77113
1783,843	114,34092
1784,5454	108,53378
1785,2479	112,6215
1785,9504	142,5536
1786,6528	162,41042
1787,3553	174,4597
1788,0579	185,74261
1788,7604	196,7272
1789,4628	194,70537
1790,1653	186,49016
1790,8678	174,07915
1791,5702	163,29427
1792,2727	173,8457
1792,9752	178,43588
1793,6777	169,46445
1794,3801	173,5735
1795,0826	164,19614
1795,7852	139,45808
1796,4875	129,96815
1797,1901	116,17804
1797,8926	112,75569
1798,5951	111,40954
1799,2975	111,10794
1800	112,80898
