100	4515,4038
100,98453	4424,0273
101,96906	4335,6323
102,95358	4256,2183
103,93812	4170,8369
104,92265	4015,4861
105,90717	3973,1584
106,8917	3882,6162
107,87623	3760,7087
108,86076	3683,0781
109,84529	3598,7136
110,82982	3566,74
111,81435	3542,0908
112,79887	3487,1323
113,7834	3447,907
114,76793	3355,3049
115,75246	3308,3752
116,73699	3314,3438
117,72152	3241,2412
118,70605	3225,156
119,69057	3205,5627
120,6751	3175,8184
121,65964	3142,7139
122,64417	3072,0085
123,62869	3013,9231
124,61322	2980,6985
125,59775	2975,8823
126,58228	2951,2305
127,56681	2938,1497
128,55133	2916,145
129,53586	2883,9448
130,5204	2863,1343
131,50493	2846,4419
132,48946	2797,2415
133,47398	2737,4351
134,45851	2705,9336
135,44304	2752,375
136,42757	2753,4578
137,41209	2738,2002
138,39662	2725,7776
139,38115	2705,5486
140,36568	2710,8386
141,3502	2669,9917
142,33475	2611,377
143,31927	2653,0654
144,3038	2687,5576
145,28833	2662,4978
146,27286	2612,1121
147,25739	2579,8787
148,24191	2595,9348
149,22644	2603,3704
150,21097	2601,5769
151,1955	2593,0842
152,18002	2588,447
153,16455	2587,8652
154,14908	2596,4211
155,13362	2589,2092
156,11815	2528,1213
157,10268	2567,9604
158,0872	2558,6177
159,07173	2553,9341
160,05626	2584,2888
161,04079	2604,4067
162,02531	2568,7271
163,00984	2541,1311
163,99437	2530,7593
164,9789	2521,3025
165,96342	2517,1685
166,94797	2506,0991
167,9325	2482,4258
168,91702	2451,356
169,90155	2505,5823
170,88608	2475,0938
171,87061	2455,488
172,85513	2459,6064
173,83966	2430,1208
174,82419	2446,4775
175,80872	2448,9485
176,79324	2435,6274
177,77777	2412,7273
178,76231	2406,3481
179,74684	2424,0449
180,73137	2436,7095
181,7159	2432,5278
182,70042	2413,906
183,68495	2452,7283
184,66948	2442,2632
185,65401	2412,9387
186,63853	2417,8408
187,62306	2461,9807
188,60759	2458,9502
189,59212	2437,4165
190,57666	2425,9338
191,56119	2476,4255
192,54572	2482,709
193,53024	2481,0916
194,51477	2496,5901
195,4993	2549,4412
196,48383	2537,158
197,46835	2542,1223
198,45288	2560,8738
199,43741	2594,0178
200,42194	2650,8552
201,40646	2658,2563
202,39099	2686,4592
203,37553	2714,7505
204,36006	2710,9509
205,34459	2786,4346
206,32912	2819,0002
207,31364	2850,5916
208,29817	2897,0491
209,2827	2945,5444
210,26723	2958,3989
211,25175	2974,9651
212,23628	2993,6343
213,22081	3008,2078
214,20534	3031,5796
215,18988	3052,561
216,17441	3065,936
217,15894	3071,0293
218,14346	3071,8098
219,12799	3135,5862
220,11252	3177,5171
221,09705	3190,0203
222,08157	3178,5886
223,0661	3187,1782
224,05063	3129,8723
225,03516	3144,7485
226,01968	3213,2683
227,00423	3197,4749
227,98875	3207,3826
228,97328	3184,7642
229,95781	3167,5212
230,94234	3178,3333
231,92686	3165,8401
232,91139	3189,0222
233,89592	3150,9189
234,88045	3095,8674
235,86497	3130,5393
236,8495	3072,6523
237,83403	3055,7273
238,81857	3064,4297
239,8031	3073,0762
240,78763	3020,4707
241,77216	2943,6152
242,75668	2922,0046
243,74121	2927,6421
244,72574	2915,4424
245,71027	2908,394
246,69479	2890,3049
247,67932	2871,6206
248,66385	2851,8381
249,64838	2820,3281
250,6329	2817,3706
251,61745	2827,4854
252,60197	2838,1245
253,5865	2841,2603
254,57103	2844,3962
255,55556	2831,6711
256,54007	2864,2319
257,52463	2911,8652
258,50916	2912,2625
259,49368	2927,9531
260,47821	2955,4263
261,46274	3010,8149
262,44727	3093,6465
263,43179	3180,6033
264,41632	3207,9919
265,40085	3307,2908
266,38538	3434,5083
267,3699	3547,6416
268,35443	3713,5342
269,33896	3888,3359
270,32349	4043,502
271,30801	4196,3516
272,29254	4385,2969
273,27707	4592,0688
274,2616	4749,334
275,24612	4869,7168
276,23065	4950,8691
277,21518	4963,521
278,19971	4897,3384
279,18423	4829,1567
280,16876	4721,2651
281,15332	4550,2061
282,13785	4406,2896
283,12238	4215,3564
284,1069	3983,9333
285,09143	3765,7693
286,07596	3631,3796
287,06049	3454,0928
288,04501	3286,6943
289,02954	3145,8606
290,01407	3031,8831
290,9986	2927,4216
291,98312	2848,1262
292,96765	2755,4421
293,95218	2685,7527
294,93671	2649,7798
295,92123	2569,4546
296,90576	2564,176
297,89029	2544,8384
298,87482	2510,6318
299,85934	2479,9583
300,84387	2478,4524
301,8284	2472,6187
302,81293	2451,9194
303,79745	2421,8838
304,78198	2398,4602
305,76654	2401,6885
306,75107	2399,782
307,7356	2400,7808
308,72012	2393,533
309,70465	2335,1731
310,68918	2385,5959
311,67371	2390,1396
312,65823	2370,2788
313,64276	2350,9358
314,62729	2327,9236
315,61182	2353,1836
316,59634	2344,6025
317,58087	2322,303
318,5654	2320,0044
319,54993	2300,8433
320,53445	2293,6487
321,51898	2295,7148
322,50351	2298,3823
323,48804	2289,0601
324,47256	2258,1072
325,45709	2240,7551
326,44162	2246,0869
327,42615	2265,6431
328,41068	2272,2178
329,39523	2250,583
330,37976	2240,8936
331,36429	2246,6931
332,34882	2261,3484
333,33334	2259,8357
334,31787	2281,1523
335,3024	2291,5105
336,28693	2271,0256
337,27145	2231,7449
338,25598	2294,7349
339,24051	2315,3022
340,22504	2320,6199
341,20956	2317,6501
342,19409	2313,4666
343,17862	2336,5632
344,16315	2327,7605
345,14767	2327,4724
346,1322	2356,4138
347,11673	2423,2405
348,10126	2464,6245
349,08578	2514,9395
350,07031	2553,5203
351,05484	2606,4141
352,03937	2723,5203
353,0239	2790,5283
354,00845	2914,7212
354,99298	3029,4497
355,97751	3130,085
356,96204	3266,2324
357,94656	3374,0764
358,93109	3435,1926
359,91562	3472,1094
360,90015	3495,3835
361,88467	3499,4299
362,8692	3392,3618
363,85373	3341,1597
364,83826	3260,1316
365,82278	3118,8394
366,80731	3005,2629
367,79184	2895,8662
368,77637	2762,9172
369,76089	2636,1743
370,74542	2532,0869
371,72995	2424,3374
372,71448	2384,0066
373,69901	2310,0125
374,68353	2258,8855
375,66806	2265,0859
376,65259	2233,886
377,63715	2193,7388
378,62167	2152,7725
379,6062	2121,0725
380,59073	2103,1548
381,57526	2080,8843
382,55978	2068,4634
383,54431	2084,3616
384,52884	2100,262
385,51337	2088,7424
386,49789	2074,2046
387,48242	2035,8486
388,46695	2051,0359
389,45148	2081,0327
390,436	2075,6611
391,42053	2082,9233
392,40506	2052,427
393,38959	2048,6465
394,37411	2074,751
395,35864	2107,5601
396,34317	2062,7971
397,3277	2073,3923
398,31223	2050,5605
399,29675	2023,9255
400,28128	2042,8417
401,26581	2065,1394
402,25037	2058,24
403,23489	2063,2488
404,21942	2075,2681
405,20395	2076,7205
406,18848	2054,9412
407,173	2074,4424
408,15753	2067,1357
409,14206	2060,4661
410,12659	2086,8611
411,11111	2038,3094
412,09564	2066,9951
413,08017	2086,7722
414,0647	2089,3015
415,04922	2085,8833
416,03375	2081,0806
417,01828	2061,915
418,00281	2065,6067
418,98734	2071,4778
419,97186	2055,9897
420,95639	2049,5798
421,94092	2036,4021
422,92545	2045,8411
423,90997	2050,3843
424,8945	2031,309
425,87906	2052,8108
426,86359	2043,7622
427,84811	2027,8805
428,83264	2013,2743
429,81717	2005,0563
430,8017	2007,2983
431,78622	2019,2502
432,77075	2022,1532
433,75528	2033,4155
434,73981	2057,5056
435,72433	2054,2976
436,70886	2015,1683
437,69339	2026,8845
438,67792	2027,5916
439,66245	2003,9551
440,64697	2062,8975
441,6315	2046,1355
442,61603	2039,2068
443,60056	2027,1068
444,58508	2007,4199
445,56961	2002,7289
446,55414	2017,8551
447,53867	2011,8329
448,52319	2022,6423
449,50772	2031,4731
450,49228	1965,6196
451,47681	2012,3948
452,46133	2020,7611
453,44586	2010,738
454,43039	2001,1376
455,41492	2007,0938
456,39944	1999,1079
457,38397	1997,6923
458,3685	1983,0066
459,35303	1978,8527
460,33755	2014,8677
461,32208	2002,8453
462,30661	2024,3253
463,29114	2023,821
464,27567	1996,9685
465,26019	1966,8121
466,24472	2009,4684
467,22925	2030,1748
468,21378	2002,6969
469,1983	1977,6161
470,18283	1986,3831
471,16736	1975,1526
472,15189	1982,0569
473,13641	2002,1715
474,12094	2007,9703
475,1055	1994,0446
476,09003	1991,1211
477,07455	2017,4216
478,05908	2021,1501
479,04361	2035,2529
480,02814	2057,9253
481,01266	2056,9851
481,99719	2050,7559
482,98172	2045,5486
483,96625	2048,5186
484,95078	2049,3447
485,9353	2032,7306
486,91983	2010,7207
487,90436	2027,9224
488,88889	2036,9248
489,87341	2026,3643
490,85794	2007,2177
491,84247	2033,9355
492,827	2055,3816
493,81152	2042,1396
494,79605	2033,077
495,78058	2045,5018
496,76511	2046,5581
497,74963	2060,9475
498,73419	2051,2231
499,71872	2046,6602
500,70325	2046,1915
501,68777	2025,3744
502,6723	2041,1064
503,65683	2046,666
504,64136	2044,329
505,62589	2050,6282
506,61041	2076,907
507,59494	2076,2322
508,57947	2075,4417
509,564	2072,0278
510,54852	2074,7603
511,53305	2089,2561
512,51758	2109,7935
513,50214	2109,9939
514,48663	2116,7825
515,47119	2126,5691
516,45569	2133,0103
517,44025	2129,637
518,42474	2125,822
519,4093	2142,6907
520,3938	2171,7834
521,37836	2209,8132
522,36285	2252,5547
523,34741	2279,4146
524,33191	2315,0059
525,31647	2382,2625
526,30096	2456,5144
527,28552	2526,3257
528,27002	2625,1643
529,25458	2671,2158
530,23907	2752,4697
531,22363	2834,124
532,20813	2888,2566
533,19269	2901,0789
534,17719	2885,6008
535,16174	2878,9949
536,1463	2860,01
537,1308	2822,9626
538,11536	2759,9446
539,09985	2632,9595
540,08441	2565,5344
541,06891	2509,5647
542,05347	2439,9495
543,03796	2368,428
544,02252	2347,2478
545,00702	2319,6829
545,99158	2262,0688
546,97607	2232,9932
547,96063	2215,1382
548,94513	2171,5989
549,92969	2167,7634
550,91418	2127,124
551,89874	2112,9434
552,88324	2119,4082
553,8678	2129,5386
554,85229	2128,793
555,83685	2104,1799
556,82135	2103,8286
557,80591	2080,8555
558,79047	2058,5496
559,77496	2081,4639
560,75952	2048,8262
561,74402	2079,5659
562,72858	2094,1399
563,71307	2104,3699
564,69763	2121,5542
565,68213	2123,2622
566,66669	2112,1848
567,65118	2098,1877
568,63574	2104,5571
569,62024	2130,8826
570,6048	2163,4241
571,58929	2207,7178
572,57385	2228,8928
573,55835	2263,7808
574,54291	2319,5759
575,5274	2377,4395
576,51196	2387,2778
577,49646	2483,2205
578,48102	2515,7881
579,46552	2516,7727
580,45007	2506,4434
581,43457	2498,5405
582,41913	2516,0112
583,40369	2463,0061
584,38818	2419,1897
585,37274	2372,8784
586,35724	2322,5059
587,3418	2296,4536
588,32629	2281,752
589,31085	2236,5225
590,29535	2187,9299
591,27991	2145,4753
592,2644	2115,0012
593,24896	2118,2947
594,23346	2077,7905
595,21802	2056,7903
596,20251	2046,8972
597,18707	2037,6155
598,17157	2025,8826
599,15613	2040,8147
600,14063	2012,8412
601,12518	2011,4861
602,10968	2010,834
603,09424	1991,8859
604,07874	2001,1809
605,06329	2018,4403
606,04779	2003,9443
607,03235	2003,6216
608,01691	2011,2567
609,0014	2002,8937
609,98596	2022,14
610,97046	1989,1489
611,95502	1985,2261
612,93951	1987,5908
613,92407	1980,7537
614,90857	1974,7637
615,89313	2003,6661
616,87762	1960,8748
617,86218	1953,295
618,84668	1964,6884
619,83124	1964,1305
620,81573	1967,2542
621,80029	1949,3331
622,78479	1959,719
623,76935	1956,3707
624,75385	1944,7363
625,7384	1949,5613
626,7229	1963,0088
627,70746	1974,5891
628,69196	1967,2772
629,67651	1932,3167
630,66101	1893,0092
631,64557	1891,3606
632,63013	1906,2911
633,61462	1923,5503
634,59918	1907,9396
635,58368	1891,1011
636,56824	1901,361
637,55273	1934,6571
638,53729	1876,717
639,52179	1890,0409
640,50635	1863,7894
641,49084	1837,0681
642,4754	1847,7083
643,4599	1810,5784
644,44446	1786,3102
645,42896	1764,2897
646,41351	1752,3364
647,39801	1746,8589
648,38257	1736,6849
649,36707	1707,0043
650,35162	1725,8779
651,33612	1699,6989
652,32068	1714,0248
653,30518	1756,7788
654,28973	1756,062
655,27429	1776,2516
656,25879	1805,0658
657,24335	1828,6729
658,22784	1842,874
659,2124	1841,3234
660,1969	1825,0587
661,18146	1883,3145
662,16595	1880,2954
663,15051	1906,1516
664,13501	1929,2482
665,11957	1923,4977
666,10406	1907,3755
667,08862	1953,1119
668,07312	1937,851
669,05768	1932,6531
670,04218	1931,204
671,02673	1936,6423
672,01123	1991,1395
672,99579	1959,6361
673,98029	1944,6891
674,96484	1951,3667
675,94934	1965,0131
676,9339	1962,759
677,9184	1923,8021
678,90295	1946,5052
679,88751	1939,278
680,87201	1969,9122
681,85657	2000,1639
682,84106	1984,4647
683,82562	1952,9977
684,81012	1938,921
685,79468	1949,5609
686,77917	1942,7856
687,76373	1945,5585
688,74823	1972,7988
689,73279	1945,5691
690,71729	1957,1917
691,70184	1943,0664
692,68634	1952,4359
693,6709	1972,6051
694,6554	1971,0195
695,63995	1941,0884
696,62445	1929,2091
697,60901	1948,8538
698,59351	1966,0901
699,57806	1968,5756
700,56256	1959,6041
701,54712	1951,1652
702,53162	1977,9788
703,51617	1966,1929
704,50073	1940,5723
705,48523	1925,9747
706,46979	1928,511
707,45428	1918,093
708,43884	1991,6968
709,42334	1952,7535
710,4079	1954,8428
711,3924	1974,3641
712,37695	1953,519
713,36145	1923,6592
714,34601	1950,4658
715,33051	1942,1815
716,31506	1927,4611
717,29956	1921,9891
718,28412	1931,5721
719,26862	1951,5447
720,25317	1919,8434
721,23767	1923,1901
722,22223	1940,7057
723,20673	1954,2808
724,19128	1955,7292
725,17578	1949,885
726,16034	1929,037
727,14484	1930,536
728,12939	1923,3334
729,11395	1933,3824
730,09845	1960,1204
731,08301	1960,9365
732,0675	1942,5846
733,05206	1981,6459
734,03656	1960,7056
735,02112	1931,145
736,00562	1935,424
736,99017	1963,4673
737,97467	1944,4437
738,95923	1976,365
739,94373	1958,5582
740,92828	1942,4622
741,91278	1962,9814
742,89734	2002,349
743,88184	1957,1289
744,86639	1933,6967
745,85089	1955,7039
746,83545	1941,4114
747,81995	1918,6816
748,8045	1945,6885
749,789	1995,916
750,77356	1993,4008
751,75812	2015,5494
752,74261	2002,4847
753,72717	1980,041
754,71167	1977,9572
755,69623	1979,3385
756,68073	2022,4918
757,66528	2015,3505
758,64978	2020,6876
759,63434	1995,151
760,61884	1955,5905
761,60339	1984,944
762,58789	2006,0363
763,57245	2016,3429
764,55695	1994,9899
765,5415	1985,4484
766,526	1994,4338
767,51056	1997,5002
768,49506	1981,5825
769,47961	2050,3879
770,46411	2010,0354
771,44867	1989,4044
772,43317	2018,4706
773,41772	2058,4121
774,40222	2053,3892
775,38678	2047,3755
776,37134	2043,1174
777,35583	2051,4172
778,34039	2076,6958
779,32489	2108,3071
780,30945	2125,7114
781,29395	2131,6836
782,2785	2117,2236
783,263	2130,0181
784,24756	2145,3831
785,23206	2130,6821
786,21661	2095,2029
787,20111	2149,5095
788,18567	2184,1931
789,17017	2199,699
790,15472	2196,3684
791,13922	2223,343
792,12378	2269,1848
793,10828	2238,3357
794,09283	2281,521
795,07733	2273,8672
796,06189	2286,8269
797,04639	2307,8857
798,03094	2316,0427
799,01544	2315,5615
800	2373,3459
800,98456	2386,1733
801,96906	2385,7881
802,95361	2413,7686
803,93811	2458,4082
804,92267	2480,9417
805,90717	2453,2263
806,89172	2471,9285
807,87622	2489,1265
808,86078	2513,3196
809,84528	2537,3604
810,82983	2555,0916
811,81433	2571,9543
812,79889	2617,7886
813,78339	2587,4167
814,76794	2580,1282
815,75244	2596,0728
816,737	2624,3215
817,7215	2672,9929
818,70605	2763,6375
819,69055	2772,8564
820,67511	2816,8911
821,65961	2869,5593
822,64417	2926,3203
823,62866	2969,7417
824,61322	3018,0752
825,59778	3192,4182
826,58228	3197,4009
827,56683	3311,9602
828,55133	3406,6113
829,53589	3517,4192
830,52039	3659,0725
831,50494	3782,408
832,48944	3930,3333
833,474	4122,4741
834,4585	4356,7314
835,44305	4621,6689
836,42755	4932,0703
837,41211	5275,5679
838,39661	5580,3379
839,38116	5864,4058
840,36566	6109,1289
841,35022	6211,4458
842,33472	6215,5996
843,31927	6151,9395
844,30377	6017,7837
845,28833	5809,9702
846,27283	5483,9404
847,25739	5274,4331
848,24188	5063,5015
849,22644	4847,6826
850,211	4666,0225
851,1955	4561,8384
852,18005	4574,8726
853,16455	4542,9688
854,14911	4591,7832
855,13361	4725,6431
856,11816	4858,1328
857,10266	4922,4517
858,08722	4926,4097
859,07172	4838,5796
860,05627	4673,7368
861,04077	4500,1211
862,02533	4305,2598
863,00983	4078,9329
863,99438	3827,2083
864,97888	3575,2661
865,96344	3366,1467
866,94794	3185,6365
867,9325	3039,7483
868,91699	2884,7292
869,90155	2766,3721
870,88605	2719,4063
871,87061	2627,6846
872,85516	2583,1467
873,83966	2530,7068
874,82422	2492,0291
875,80872	2453,6399
876,79327	2426,373
877,77777	2425,792
878,76233	2417,9617
879,74683	2370,7607
880,73138	2359,7263
881,71588	2338,1633
882,70044	2350,6487
883,68494	2370,9875
884,66949	2339,8689
885,65399	2330,5952
886,63855	2337,7678
887,62305	2344,5112
888,6076	2304,8174
889,5921	2280,1294
890,57666	2293,4827
891,56116	2299,8293
892,54572	2249,0234
893,53021	2252,5217
894,51477	2239,6169
895,49927	2261,1377
896,48383	2266,8264
897,46838	2247,6372
898,45288	2240,2603
899,43744	2221,6926
900,42194	2220,9065
901,40649	2175,0732
902,39099	2166,686
903,37555	2166,3445
904,36005	2177,6611
905,3446	2212,7583
906,3291	2158,5757
907,31366	2176,6924
908,29816	2190,3794
909,28271	2196,668
910,26721	2183,3921
911,25177	2166,812
912,23627	2172,7393
913,22083	2187,2844
914,20532	2175,9893
915,18988	2221,3589
916,17438	2209,8967
917,15894	2202,1919
918,14343	2222,5107
919,12799	2245,342
920,11249	2260,02
921,09705	2277,4951
922,0816	2298,6709
923,0661	2330,2483
924,05066	2356,144
925,03516	2375,9426
926,01971	2401,772
927,00421	2442,1816
927,98877	2481,0303
928,97327	2457,449
929,95782	2476,772
930,94232	2478,4087
931,92688	2477,0725
932,91138	2483,8247
933,89594	2457,762
934,88043	2446,448
935,86499	2412,8076
936,84949	2400,7852
937,83405	2391,2351
938,81854	2372,5293
939,8031	2358,0315
940,7876	2357,9087
941,77216	2306,9683
942,75665	2324,1008
943,74121	2287,8733
944,72571	2293,7622
945,71027	2282,0601
946,69482	2275,0005
947,67932	2305,6042
948,66388	2240,376
949,64838	2193,7822
950,63293	2186,2878
951,61743	2147,3394
952,60199	2135,749
953,58649	2138,9304
954,57104	2123,7927
955,55554	2101,707
956,5401	2068,0437
957,5246	2057,5579
958,50916	2065,0745
959,49365	2048,2153
960,47821	2022,5944
961,46271	1994,6563
962,44727	1966,7235
963,43176	2011,4248
964,41632	1988,3032
965,40082	1967,8839
966,38538	1956,8583
967,36987	1975,2194
968,35443	1965,568
969,33899	1921,3597
970,32349	1970
971,30804	1983,259
972,29254	1951,6858
973,2771	1932,4259
974,2616	1950,4103
975,24615	1944,5327
976,23065	1922,1792
977,21521	1941,7057
978,19971	1902,6342
979,18427	1950,6705
980,16876	1963,2572
981,15332	1980,6813
982,13782	1976,6349
983,12238	1957,6925
984,10687	1942,4634
985,09143	1929,8239
986,07593	1964,6332
987,06049	1949,04
988,04498	1964,3427
989,02954	1988,8604
990,01404	1998,1471
990,9986	1992,3829
991,98309	1976,4185
992,96765	1927,3922
993,95221	1974,2756
994,93671	1972,2335
995,92126	1965,2491
996,90576	2003,2053
997,89032	2025,1367
998,87482	1995,5714
999,85938	1979,3707
1000,8439	2030,9921
1001,8284	2040,0251
1002,8129	2017,0516
1003,7975	2044,3186
1004,782	2030,5509
1005,7665	2004,2571
1006,751	2006,0358
1007,7356	1974,8345
1008,7201	2065,6904
1009,7047	2048,0679
1010,6891	2052,7495
1011,6737	2027,2057
1012,6582	2027,1113
1013,6428	2040,406
1014,6273	2030,4877
1015,6118	2058,0967
1016,5963	2088,6902
1017,5809	2121,6323
1018,5654	2081,7666
1019,5499	2073,8203
1020,5345	2095,4753
1021,519	2100,2483
1022,5035	2082,6174
1023,488	2114,2512
1024,4725	2189,7419
1025,4572	2142,5891
1026,4417	2143,0835
1027,4261	2147,2524
1028,4106	2187,0044
1029,3953	2227,1497
1030,3798	2204,2571
1031,3643	2230,1243
1032,3488	2212,6985
1033,3334	2206,4026
1034,3179	2209,5059
1035,3024	2228,1184
1036,2869	2225,1338
1037,2715	2231,8511
1038,256	2288,5398
1039,2405	2256,2837
1040,225	2263,1643
1041,2096	2284,7598
1042,1941	2264,0522
1043,1786	2279,9275
1044,1632	2307,1956
1045,1477	2331,1741
1046,1322	2371,9548
1047,1167	2382,6572
1048,1013	2372,2188
1049,0858	2391,137
1050,0703	2410,0112
1051,0548	2492,8245
1052,0394	2562,2734
1053,0239	2597,4001
1054,0084	2677,5432
1054,9929	2831,6255
1055,9775	2918,2964
1056,962	3034,3774
1057,9465	3179,1277
1058,931	3306,6021
1059,9156	3368,5667
1060,9001	3393,6765
1061,8846	3423,4963
1062,8691	3409,7585
1063,8538	3343,3921
1064,8383	3267,8591
1065,8228	3105,5056
1066,8074	3100,915
1067,7919	3065,5061
1068,7764	2966,0981
1069,7609	2906,3066
1070,7455	2872,1575
1071,73	2793,4238
1072,7145	2745,3533
1073,699	2657,0952
1074,6836	2610,2209
1075,6681	2553,4404
1076,6526	2509,0913
1077,6371	2483,5518
1078,6217	2425,7109
1079,6062	2370,3723
1080,5907	2329,8613
1081,5752	2360,9175
1082,5598	2281,7065
1083,5443	2297,928
1084,5288	2331,8691
1085,5133	2307,7178
1086,4979	2272,301
1087,4824	2257,8535
1088,4669	2282,8013
1089,4514	2245,459
1090,436	2252,6941
1091,4205	2258,6599
1092,405	2226,0916
1093,3896	2225,8567
1094,3741	2275,4902
1095,3586	2273,2898
1096,3431	2281,7942
1097,3278	2301,9773
1098,3123	2251,0466
1099,2968	2273,6965
1100,2813	2325,3027
1101,2659	2351,3232
1102,2504	2371,6794
1103,2349	2405,8608
1104,2194	2377,8418
1105,204	2398,0444
1106,1885	2440,3171
1107,173	2484,1865
1108,1575	2503,7629
1109,1421	2534,4746
1110,1266	2575,187
1111,1111	2634,6519
1112,0956	2727,5298
1113,0802	2754,0811
1114,0647	2766,2749
1115,0492	2914,4927
1116,0338	2992,4602
1117,0183	3073,0972
1118,0028	3172,978
1118,9873	3277,5422
1119,9719	3383,1995
1120,9564	3492,7021
1121,9409	3562,2966
1122,9254	3652,8193
1123,91	3725,9224
1124,8945	3726,864
1125,879	3676,5081
1126,8635	3625,6887
1127,8481	3613,7188
1128,8326	3609,793
1129,8171	3537,2852
1130,8016	3551,8872
1131,7863	3653,9897
1132,7708	3759,3533
1133,7552	3892,2861
1134,7397	4035,3774
1135,7244	4145,2251
1136,7089	4267,2524
1137,6934	4460,125
1138,678	4617,3423
1139,6625	4688,4346
1140,647	4859,4683
1141,6315	4869,0176
1142,6161	4803,3452
1143,6006	4723,7329
1144,5851	4615,7847
1145,5696	4458,3071
1146,5542	4276,793
1147,5387	4106,5112
1148,5232	3859,5593
1149,5077	3655,8462
1150,4923	3462,7573
1151,4768	3215,2915
1152,4613	3043,2822
1153,4458	2929,5342
1154,4304	2794,479
1155,4149	2640,5925
1156,3994	2543,6655
1157,3839	2481,8435
1158,3685	2374,4763
1159,353	2253,9832
1160,3375	2238,7251
1161,322	2203,2651
1162,3066	2160,2505
1163,2911	2138,0786
1164,2756	2104,3518
1165,2603	2054,4998
1166,2448	2049,7571
1167,2292	2007,0042
1168,2137	2034,5942
1169,1984	2015,0922
1170,1829	1986,703
1171,1674	1959,7427
1172,1519	1951,9767
1173,1365	1959,2604
1174,121	1941,3551
1175,1055	1951,1345
1176,09	1943,9874
1177,0746	1957,0602
1178,0591	1959,8546
1179,0436	1946,7599
1180,0281	1930,0477
1181,0127	1925,2131
1181,9972	1938,0068
1182,9817	1945,6722
1183,9662	1906,0659
1184,9508	1931,1791
1185,9353	1926,8916
1186,9198	1917,0184
1187,9044	1915,2817
1188,8889	1910,1163
1189,8734	1914,115
1190,8579	1924,8317
1191,8425	1919,7424
1192,827	1901,8966
1193,8115	1918,6472
1194,796	1909,8358
1195,7806	1899,0432
1196,7651	1923,2363
1197,7496	1929,3875
1198,7341	1898,1356
1199,7188	1901,9868
1200,7032	1943,5631
1201,6877	1942,5547
1202,6722	1950,7999
1203,6569	1927,8656
1204,6414	1942,2123
1205,6259	1974,1074
1206,6104	1943,1022
1207,595	1951,7463
1208,5795	1975,4012
1209,564	1989,6724
1210,5486	2013,339
1211,5331	2033,0967
1212,5176	2005,7131
1213,5021	2023,9371
1214,4867	1998,2389
1215,4712	2066,927
1216,4557	2125,4763
1217,4402	2106,8726
1218,4248	2140,1768
1219,4093	2242,9302
1220,3938	2331,1777
1221,3783	2432,5059
1222,3629	2497,157
1223,3474	2650,0818
1224,3319	2854,6113
1225,3164	3058,4451
1226,301	3281,4849
1227,2855	3539,1797
1228,27	3770,7688
1229,2545	3933,3088
1230,2391	4079,2896
1231,2236	4249,9897
1232,2081	4247,1904
1233,1926	4332,7847
1234,1772	4396,0786
1235,1617	4381,6333
1236,1462	4354,126
1237,1309	4245,1475
1238,1154	4148,667
1239,0999	4059,4038
1240,0844	3882,8215
1241,069	3683,7563
1242,0535	3501,2676
1243,038	3303,0203
1244,0225	3132,6919
1245,0071	2936,7429
1245,9916	2810,8945
1246,9761	2736,5229
1247,9606	2626,9851
1248,9452	2539,3364
1249,9297	2494,0444
1250,9142	2370,2478
1251,8987	2336,8677
1252,8833	2331,3584
1253,8678	2327,5273
1254,8523	2291,6392
1255,8368	2296,6306
1256,8214	2281,707
1257,8059	2260,7622
1258,7904	2252,7075
1259,775	2256,7517
1260,7595	2276,1362
1261,744	2311,2485
1262,7285	2383,665
1263,7131	2453,989
1264,6976	2560,6484
1265,6821	2687,1301
1266,6666	2839,1704
1267,6512	3014,7041
1268,6357	3240,7937
1269,6202	3503,9519
1270,6047	3778,7776
1271,5894	4119,5986
1272,5739	4460,6738
1273,5583	4842,6353
1274,5428	5205,4868
1275,5275	5566,5874
1276,512	5824,2012
1277,4965	6016,1445
1278,481	6196,145
1279,4656	6305,6665
1280,4501	6306,9141
1281,4346	6245,2549
1282,4191	6130,4707
1283,4037	5899,1797
1284,3882	5663,1152
1285,3727	5430,0972
1286,3573	5080,355
1287,3418	4764,4502
1288,3263	4480,8623
1289,3108	4197,3384
1290,2954	3936,7957
1291,2799	3695,4697
1292,2644	3488,0894
1293,2489	3323,1765
1294,2335	3128,5801
1295,218	2965,2205
1296,2025	2900,0779
1297,187	2779,2224
1298,1716	2697,1719
1299,1561	2589,2405
1300,1406	2500,7542
1301,1251	2447,4365
1302,1097	2401,3557
1303,0942	2342,1794
1304,0787	2268,1157
1305,0632	2179,9846
1306,0479	2176,4316
1307,0323	2108,6653
1308,0168	2077,2227
1309,0015	2046,3944
1309,986	2021,7285
1310,9705	1998,1351
1311,955	1955,1857
1312,9396	1902,403
1313,9241	1878,6382
1314,9086	1879,828
1315,8931	1835,5815
1316,8777	1789,1416
1317,8622	1738,5664
1318,8467	1733,5498
1319,8312	1731,9928
1320,8158	1723,01
1321,8003	1703,0787
1322,7848	1685,5853
1323,7693	1674,7727
1324,7539	1662,6633
1325,7384	1667,7407
1326,7229	1656,0673
1327,7074	1636,6354
1328,692	1613,3356
1329,6765	1622,661
1330,661	1631,9634
1331,6456	1642,543
1332,6301	1644,1744
1333,6146	1634,7357
1334,5991	1633,0453
1335,5837	1639,4271
1336,5682	1616,0858
1337,5527	1628,3843
1338,5372	1608,4314
1339,5219	1641,2306
1340,5063	1601,4608
1341,4908	1619,1593
1342,4753	1628,7468
1343,46	1641,5952
1344,4445	1665,7966
1345,429	1669,5598
1346,4135	1651,0818
1347,3981	1645,5415
1348,3826	1678,0999
1349,3671	1705,5172
1350,3516	1720,5137
1351,3362	1695,5018
1352,3207	1705,8031
1353,3052	1726,7009
1354,2897	1737,1506
1355,2743	1748,8066
1356,2588	1789,3408
1357,2433	1849,5642
1358,2279	1869,7482
1359,2124	1858,5546
1360,1969	1890,2546
1361,1814	1890,4041
1362,166	1870,321
1363,1505	1869,3757
1364,135	1823,4652
1365,1195	1793,975
1366,1041	1779,7661
1367,0886	1766,0874
1368,0731	1759,3197
1369,0576	1749,1692
1370,0422	1741,783
1371,0267	1714,0802
1372,0112	1755,0143
1372,9957	1762,9355
1373,9803	1757,1179
1374,9648	1750,8453
1375,9493	1744,9564
1376,9338	1752,7258
1377,9185	1749,9078
1378,903	1737,8798
1379,8875	1747,0906
1380,8721	1753,4894
1381,8566	1731,9871
1382,8411	1798,5396
1383,8256	1750,9851
1384,8102	1769,017
1385,7947	1807,1682
1386,7792	1897,5441
1387,7637	1956,7119
1388,7483	2021,4393
1389,7328	2133,363
1390,7173	2258,79
1391,7018	2358,7661
1392,6864	2447,7781
1393,6709	2524,0952
1394,6554	2528,781
1395,6399	2526,3542
1396,6245	2502,6145
1397,609	2405,9749
1398,5935	2331,9517
1399,578	2251,0479
1400,5626	2129,2327
1401,5471	2036,0657
1402,5316	1987,8693
1403,5162	1935,4806
1404,5007	1898,6608
1405,4852	1862,4225
1406,4697	1853,2192
1407,4543	1784,2051
1408,4388	1795,2422
1409,4233	1810,1602
1410,4078	1761,0187
1411,3925	1788,9935
1412,377	1838,4575
1413,3615	1820,4321
1414,3459	1787,16
1415,3306	1808,3777
1416,3151	1827,8986
1417,2996	1797,6958
1418,2841	1793,5339
1419,2687	1781,739
1420,2532	1813,7908
1421,2377	1785,7434
1422,2222	1828,9685
1423,2068	1848,9958
1424,1913	1850,7421
1425,1758	1858,5017
1426,1603	1876,8834
1427,1449	1901,4312
1428,1294	1921,8873
1429,1139	1930,9469
1430,0985	1953,2469
1431,083	1999,0061
1432,0675	2017,005
1433,052	2111,3
1434,0366	2142,5581
1435,0211	2208,8628
1436,0056	2264,373
1436,9901	2354,1265
1437,9747	2438,0708
1438,9592	2518,0522
1439,9437	2602,2578
1440,9282	2674,1943
1441,9128	2761,3738
1442,8973	2842,6677
1443,8818	2936,4683
1444,8663	2995,8472
1445,851	3062,3503
1446,8354	3121,1563
1447,8199	3126,8564
1448,8044	3136,8145
1449,7891	3144,8936
1450,7736	3130,3943
1451,7581	3120,542
1452,7427	3121,7527
1453,7272	3079,2302
1454,7117	3013,9514
1455,6962	3061,7224
1456,6808	3061,2339
1457,6653	3023,0894
1458,6498	3114,6479
1459,6343	3211,3228
1460,6189	3310,1257
1461,6034	3518,8762
1462,5879	3739,3789
1463,5724	4065,2888
1464,557	4441,5991
1465,5415	4806,7734
1466,526	5165,5112
1467,5105	5503,6406
1468,4951	5821,4448
1469,4796	6066,2529
1470,4641	6159,5063
1471,4486	6322,585
1472,4332	6442,0273
1473,4177	6550,5767
1474,4022	6740,8818
1475,3867	6843,9253
1476,3713	6971,7427
1477,3558	7065,4028
1478,3403	7088,0708
1479,325	7084,019
1480,3094	7063,6499
1481,2939	7025,584
1482,2784	6985,1821
1483,2631	6840,9253
1484,2476	6703,1797
1485,2321	6481,522
1486,2166	6105,7788
1487,2012	5552,9224
1488,1857	5077,6431
1489,1702	4650,6294
1490,1547	4182,1294
1491,1393	3759,1799
1492,1238	3388,2642
1493,1083	3044,5383
1494,0928	2756,7979
1495,0774	2544,3347
1496,0619	2385,4971
1497,0464	2262,9685
1498,0309	2159,0781
1499,0155	2059,2708
1500	1976,7866
1500,9845	1944,4147
1501,9691	1868,0483
1502,9536	1832,6805
1503,9381	1796,7349
1504,9226	1758,4961
1505,9072	1741,728
1506,8917	1706,2655
1507,8762	1693,543
1508,8607	1711,4624
1509,8453	1686,3442
1510,8298	1668,7408
1511,8143	1628,1721
1512,7988	1623,6832
1513,7834	1628,1779
1514,7679	1625,2732
1515,7524	1568,5625
1516,7369	1605,2469
1517,7216	1612,6951
1518,7061	1604,7767
1519,6906	1583,6648
1520,675	1559,0854
1521,6597	1566,1509
1522,6442	1565,8546
1523,6287	1550,4066
1524,6133	1562,6515
1525,5978	1555,1757
1526,5823	1546,8781
1527,5668	1559,1083
1528,5514	1523,1025
1529,5359	1522,4924
1530,5204	1556,8179
1531,5049	1566,5779
1532,4895	1558,0533
1533,474	1540,1295
1534,4585	1537,3077
1535,443	1543,4637
1536,4276	1544,5988
1537,4121	1534,7712
1538,3966	1520,7687
1539,3811	1516,536
1540,3657	1519,2625
1541,3502	1515,8604
1542,3347	1526,896
1543,3192	1523,8921
1544,3038	1501,9971
1545,2883	1541,7618
1546,2728	1493,5439
1547,2573	1485,066
1548,2419	1484,5472
1549,2264	1508,2616
1550,2109	1506,5347
1551,1956	1526,0139
1552,1801	1525,4399
1553,1646	1492,6365
1554,149	1486,3434
1555,1337	1507,5385
1556,1182	1503,1611
1557,1027	1481,9336
1558,0872	1474,6841
1559,0718	1472,0953
1560,0563	1499,2087
1561,0408	1500,8167
1562,0253	1490,3694
1563,0099	1489,6074
1563,9944	1484,3304
1564,9789	1509,845
1565,9634	1510,9565
1566,948	1468,9188
1567,9325	1461,8269
1568,917	1466,4397
1569,9015	1459,5101
1570,8861	1474,0227
1571,8706	1481,1902
1572,8551	1454,3842
1573,8397	1468,2874
1574,8242	1486,4879
1575,8087	1492,2155
1576,7932	1484,6758
1577,7778	1479,1755
1578,7623	1463,3447
1579,7468	1487,8771
1580,7313	1495,5535
1581,7159	1503,8175
1582,7004	1492,8082
1583,6849	1476,2051
1584,6694	1483,061
1585,6541	1494,1472
1586,6385	1496,2825
1587,623	1494,9614
1588,6075	1493,7424
1589,5922	1488,3115
1590,5767	1475,943
1591,5612	1475,0851
1592,5457	1482,6533
1593,5303	1445,5094
1594,5148	1462,4135
1595,4993	1484,1034
1596,4838	1460,3485
1597,4684	1476,5502
1598,4529	1483,683
1599,4374	1495,9724
1600,422	1470,308
1601,4065	1484,7964
1602,391	1471,1417
1603,3755	1470,4915
1604,3601	1470,2849
1605,3446	1474,0474
1606,3291	1484,8099
1607,3136	1487,0782
1608,2982	1487,1694
1609,2827	1444,9047
1610,2672	1430,7604
1611,2517	1458,7227
1612,2363	1484,5773
1613,2208	1451,121
1614,2053	1474,3409
1615,1898	1471,0347
1616,1744	1486,7405
1617,1589	1475,5844
1618,1434	1457,4036
1619,1279	1471,8165
1620,1125	1455,2498
1621,097	1444,6663
1622,0815	1450,4481
1623,0662	1457,2134
1624,0507	1458,704
1625,0352	1460,4978
1626,0197	1458,1597
1627,0043	1460,1646
1627,9888	1475,7894
1628,9733	1458,7644
1629,9578	1467,7181
1630,9424	1448,5558
1631,9269	1452,7285
1632,9114	1495,9585
1633,8959	1457,7351
1634,8805	1468,0809
1635,865	1494,809
1636,8495	1498,058
1637,834	1491,2181
1638,8186	1468,2289
1639,8031	1453,7371
1640,7876	1457,4222
1641,7721	1477,5442
1642,7567	1488,1272
1643,7412	1492,9865
1644,7257	1479,2576
1645,7103	1464,734
1646,6948	1479,2871
1647,6793	1476,7377
1648,6638	1481,2469
1649,6484	1516,2748
1650,6329	1477,3597
1651,6174	1441,2853
1652,6019	1495,6553
1653,5865	1489,3624
1654,571	1489,8268
1655,5555	1473,85
1656,54	1476,9807
1657,5247	1515,6884
1658,5092	1488,542
1659,4937	1469,8291
1660,4781	1479,8685
1661,4628	1477,0663
1662,4473	1484,8524
1663,4318	1492,4362
1664,4163	1477,2949
1665,4009	1471,0369
1666,3854	1467,2073
1667,3699	1469,191
1668,3544	1491,0286
1669,339	1487,1438
1670,3235	1501,6981
1671,308	1501,608
1672,2926	1492,8861
1673,2771	1489,929
1674,2616	1491,5352
1675,2461	1510,8289
1676,2307	1478,9332
1677,2152	1481,0837
1678,1997	1486,6853
1679,1842	1496,2007
1680,1688	1477,5659
1681,1533	1468,9167
1682,1378	1493,1625
1683,1223	1518,7496
1684,1069	1480,9513
1685,0914	1479,9402
1686,0759	1488,3629
1687,0604	1490,3661
1688,045	1499,3358
1689,0295	1502,2621
1690,014	1508,5382
1690,9985	1519,8108
1691,9832	1523,4911
1692,9677	1514,1909
1693,9521	1480,2961
1694,9368	1493,8878
1695,9213	1522,97
1696,9058	1500,3439
1697,8903	1481,7662
1698,8749	1531,7421
1699,8594	1519,3558
1700,8439	1521,0831
1701,8284	1529,7882
1702,813	1513,0548
1703,7975	1526,6221
1704,782	1535,592
1705,7665	1536,8866
1706,7511	1530,5095
1707,7356	1512,3846
1708,7201	1511,9264
1709,7046	1525,9294
1710,6892	1529,6366
1711,6737	1518,4707
1712,6582	1518,7677
1713,6427	1523,3414
1714,6273	1494,1709
1715,6118	1467,9277
1716,5963	1477,2789
1717,5809	1471,6802
1718,5654	1468,1149
1719,5499	1456,0016
1720,5344	1440,7242
1721,519	1442,1427
1722,5035	1426,2983
1723,488	1439,3306
1724,4725	1426,4766
1725,4572	1462,2744
1726,4417	1462,6001
1727,4261	1467,9788
1728,4106	1444,3357
1729,3953	1481,5857
1730,3798	1481,7604
1731,3643	1507,1084
1732,3488	1501,0421
1733,3334	1520,2864
1734,3179	1538,0667
1735,3024	1525,7203
1736,2869	1529,3105
1737,2715	1541,9286
1738,256	1521,2996
1739,2405	1519,0212
1740,225	1534,3153
1741,2096	1545,5289
1742,1941	1543,6954
1743,1786	1529,6753
1744,1632	1512,4655
1745,1477	1476,4845
1746,1322	1498,1589
1747,1167	1528,6096
1748,1013	1509,77
1749,0858	1499,6177
1750,0703	1527,5781
1751,0548	1490,4413
1752,0394	1497,3348
1753,0239	1507,8243
1754,0084	1501,0308
1754,9929	1501,2257
1755,9775	1489,4838
1756,962	1476,2803
1757,9465	1490,5409
1758,931	1471,9606
1759,9156	1477,8258
1760,9001	1489,802
1761,8846	1489,5785
1762,8691	1477,2238
1763,8538	1463,9111
1764,8383	1473,7335
1765,8228	1442,5626
1766,8074	1454,1414
1767,7919	1456,2969
1768,7764	1464,7858
1769,7609	1450,3126
1770,7455	1441,2701
1771,73	1465,3931
1772,7145	1471,8098
1773,699	1438,738
1774,6836	1426,9835
1775,6681	1448,701
1776,6526	1435,6326
1777,6371	1444,8987
1778,6217	1451,3542
1779,6062	1435,1978
1780,5907	1433,431
1781,5752	1433,8146
1782,5598	1426,5791
1783,5443	1423,0828
1784,5288	1420,8348
1785,5133	1448,625
1786,4979	1444,1227
1787,4824	1441,6743
1788,4669	1466,9266
1789,4514	1421,6569
1790,436	1468,3204
1791,4205	1423,2166
1792,405	1426,7283
1793,3896	1450,9126
1794,3741	1440,2163
1795,3586	1416,5599
1796,3431	1425,1965
1797,3278	1458,5306
1798,3123	1471,0809
1799,2968	1465,304
1800,2813	1445,3921
1801,2659	1457,0464
1802,2504	1438,3221
1803,2349	1448,835
1804,2194	1456,2827
1805,204	1457,9779
1806,1885	1434,3429
1807,173	1428,4213
1808,1575	1445,047
1809,1421	1438,9482
1810,1266	1436,7043
1811,1111	1435,3147
1812,0956	1421,8278
1813,0802	1432,9944
1814,0647	1446,9032
1815,0492	1439,642
1816,0338	1432,6527
1817,0183	1422,8356
1818,0028	1440,098
1818,9873	1437,8818
1819,9719	1429,7378
1820,9564	1441,9789
1821,9409	1444,4696
1822,9254	1412,3633
1823,91	1419,514
1824,8945	1431,6018
1825,879	1427,3394
1826,8635	1421,0436
1827,8481	1436,8198
1828,8326	1412,5596
1829,8171	1433,1528
1830,8016	1420,5243
1831,7863	1426,9551
1832,7708	1415,069
1833,7552	1399,6682
1834,7397	1432,9645
1835,7244	1387,9313
1836,7089	1422,8904
1837,6934	1416,9031
1838,678	1412,5549
1839,6625	1414,8802
1840,647	1418,3342
1841,6315	1399,1881
1842,6161	1400,2971
1843,6006	1406,798
1844,5851	1425,8169
1845,5696	1419,2756
1846,5542	1406,8821
1847,5387	1400,2793
1848,5232	1398,2024
1849,5077	1382,3612
1850,4923	1387,3878
1851,4768	1386,2236
1852,4613	1385,8551
1853,4458	1373,99
1854,4304	1364,9321
1855,4149	1378,192
1856,3994	1381,8108
1857,3839	1376,8385
1858,3685	1381,8
1859,353	1370,267
1860,3375	1364,276
1861,322	1372,9885
1862,3066	1373,9833
1863,2911	1385,6765
1864,2756	1388,4724
1865,2603	1365,3972
1866,2448	1367,6223
1867,2292	1395,3168
1868,2137	1386,0431
1869,1984	1392,574
1870,1829	1362,6364
1871,1674	1377,5085
1872,1519	1378,2455
1873,1365	1392,1685
1874,121	1379,2814
1875,1055	1397,6277
1876,09	1395,046
1877,0746	1385,1387
1878,0591	1371,6417
1879,0436	1380,7852
1880,0281	1364,2048
1881,0127	1377,9366
1881,9972	1365,5266
1882,9817	1367,0999
1883,9662	1370,2434
1884,9508	1373,4523
1885,9353	1368,8435
1886,9198	1355,5626
1887,9044	1373,9541
1888,8889	1392,514
1889,8734	1381,2399
1890,8579	1350,0891
1891,8425	1354,8206
1892,827	1407,0673
1893,8115	1393,1364
1894,796	1405,3232
1895,7806	1389,3361
1896,7651	1368,0371
1897,7496	1378,1049
1898,7341	1339,4172
1899,7188	1353,9088
1900,7032	1400,1201
1901,6877	1417,2732
1902,6722	1388,4409
1903,6569	1389,3245
1904,6414	1393,7365
1905,6259	1407,5601
1906,6104	1367,7573
1907,595	1360,8363
1908,5795	1379,4039
1909,564	1385,941
1910,5486	1379,4652
1911,5331	1380,39
1912,5176	1375,1638
1913,5021	1381,2186
1914,4867	1380,7379
1915,4712	1380,0912
1916,4557	1376,3114
1917,4402	1381,3562
1918,4248	1364,7461
1919,4093	1387,1758
1920,3938	1372,3682
1921,3783	1368,8965
1922,3629	1397,0654
1923,3474	1362,9634
1924,3319	1391,0341
1925,3164	1406,3188
1926,301	1385,6951
1927,2855	1360,1101
1928,27	1376,6027
1929,2545	1374,2604
1930,2391	1392,7435
1931,2236	1372,6908
1932,2081	1372,0919
1933,1926	1385,5859
1934,1772	1407,2263
1935,1617	1407,3594
1936,1462	1407,646
1937,1309	1387,9897
1938,1154	1384,8483
1939,0999	1380,1293
1940,0844	1394,1064
1941,069	1416,5343
1942,0535	1414,8418
1943,038	1413,2855
1944,0225	1418,8553
1945,0071	1411,7162
1945,9916	1395,7395
1946,9761	1395,8688
1947,9606	1391,708
1948,9452	1390,6591
1949,9297	1401,6875
1950,9142	1403,4271
1951,8987	1405,9919
1952,8833	1384,5757
1953,8678	1393,4095
1954,8523	1389,0369
1955,8368	1386,5719
1956,8214	1395,3411
1957,8059	1384,7678
1958,7904	1402,9669
1959,775	1411,6976
1960,7595	1403,8837
1961,744	1412,6726
1962,7285	1403,7614
1963,7131	1390,3567
1964,6976	1392,0787
1965,6821	1389,0513
1966,6666	1390,4377
1967,6512	1391,9092
1968,6357	1394,2302
1969,6202	1397,6472
1970,6047	1384,7229
1971,5894	1390,1099
1972,5739	1395,9918
1973,5583	1390,5725
1974,5428	1391,8235
1975,5275	1368,6687
1976,512	1364,019
1977,4965	1352,7565
1978,481	1357,2448
1979,4656	1369,3613
1980,4501	1369,2211
1981,4346	1381,2362
1982,4191	1383,0175
1983,4037	1369,0846
1984,3882	1376,3287
1985,3727	1378,2969
1986,3573	1373,0743
1987,3418	1374,6472
1988,3263	1363,4396
1989,3108	1379,7626
1990,2954	1376,4142
1991,2799	1376,9802
1992,2644	1373,2073
1993,2489	1345,4028
1994,2335	1358,788
1995,218	1366,7581
1996,2025	1363,3435
1997,187	1380,5559
1998,1716	1367,0513
1999,1561	1363,0692
2000,1406	1364,0116
2001,1251	1362,7632
2002,1097	1368,1707
2003,0942	1361,748
2004,0787	1359,9181
2005,0632	1345,1875
2006,0479	1365,9084
2007,0323	1352,8445
2008,0168	1332,2683
2009,0015	1348,6465
2009,986	1336,1769
2010,9705	1365,6875
2011,955	1358,4368
2012,9396	1346,9482
2013,9241	1348,1392
2014,9086	1327,5455
2015,8931	1354,9541
2016,8777	1334,8478
2017,8622	1345,6838
2018,8467	1362,6913
2019,8312	1322,9958
2020,8158	1354,2712
2021,8003	1366,4705
2022,7848	1354,4478
2023,7693	1372,4752
2024,7539	1377,6398
2025,7384	1384,6873
2026,7229	1371,2188
2027,7074	1335,9709
2028,692	1351,5516
2029,6765	1331,9442
2030,661	1337,7098
2031,6456	1321,6091
2032,6301	1359,6385
2033,6146	1334,3191
2034,5991	1321,29
2035,5837	1323,4122
2036,5682	1359,7864
2037,5527	1345,0363
2038,5372	1302,1313
2039,5219	1346,5239
2040,5063	1355,3243
2041,4908	1362,824
2042,4753	1372,9418
2043,46	1368,9387
2044,4445	1357,8
2045,429	1370,9369
2046,4135	1341,8081
2047,3981	1356,7385
2048,3826	1353,562
2049,3672	1315,394
2050,3516	1335,9717
2051,3362	1324,5601
2052,3206	1327,3281
2053,3052	1352,8912
2054,2898	1335,9186
2055,2742	1340,5591
2056,2588	1336,9313
2057,2434	1328,2756
2058,2278	1322,8308
2059,2124	1329,0599
2060,197	1330,3882
2061,1814	1335,8698
2062,166	1331,624
2063,1504	1334,9716
2064,135	1348,52
2065,1196	1342,9226
2066,104	1343,8583
2067,0886	1359,2295
2068,0732	1348,8101
2069,0576	1344,6896
2070,0422	1365,1671
2071,0266	1364,2616
2072,0112	1333,6582
2072,9958	1333,337
2073,9802	1363,191
2074,9648	1361,5869
2075,9495	1355,8257
2076,9338	1346,3114
2077,9185	1330,4189
2078,9028	1345,1577
2079,8875	1331,3875
2080,8721	1318,8822
2081,8564	1321,1527
2082,8411	1323,7173
2083,8257	1353,4856
2084,8101	1322,8265
2085,7947	1316,3062
2086,7793	1348,424
2087,7637	1307,8961
2088,7483	1314,5118
2089,7327	1306,1821
2090,7173	1328,7588
2091,7019	1320,5604
2092,6863	1333,749
2093,6709	1337,9768
2094,6555	1324,2761
2095,6399	1355,8125
2096,6245	1339,9637
2097,6089	1344,8193
2098,5935	1330,3297
2099,5781	1332,2753
2100,5625	1328,6384
2101,5471	1326,8998
2102,5317	1327,4028
2103,5161	1309,2039
2104,5007	1310,4779
2105,4854	1332,3898
2106,4697	1339,8315
2107,4543	1302,4895
2108,4387	1317,7368
2109,4233	1326,2261
2110,408	1313,9052
2111,3923	1294,8466
2112,377	1300,0311
2113,3616	1324,3485
2114,3459	1340,4844
2115,3306	1325,5035
2116,3149	1327,6412
2117,2996	1342,5161
2118,2842	1331,6412
2119,2686	1344,8383
2120,2532	1329,0814
2121,2378	1310,7104
2122,2222	1310,507
2123,2068	1315,1233
2124,1912	1336,4817
2125,1758	1309,8184
2126,1604	1317,2793
2127,1448	1348,676
2128,1294	1380,2372
2129,114	1354,9403
2130,0984	1313,2056
2131,083	1340,3844
2132,0676	1358,0594
2133,052	1302,8942
2134,0366	1343,7109
2135,021	1342,3962
2136,0056	1326,85
2136,9902	1336,2922
2137,9746	1314,9185
2138,9592	1327,5536
2139,9438	1327,0139
2140,9282	1354,3168
2141,9128	1324,0444
2142,8972	1337,8318
2143,8818	1337,7844
2144,8665	1319,6991
2145,8508	1327,3397
2146,8354	1308,5889
2147,8201	1301,0831
2148,8044	1320,1588
2149,7891	1337,0168
2150,7734	1337,8696
2151,7581	1326,5947
2152,7427	1307,2256
2153,7271	1317,6978
2154,7117	1315,3859
2155,6963	1302,2291
2156,6807	1299,8978
2157,6653	1319,9985
2158,6499	1322,0574
2159,6343	1302,375
2160,6189	1300,4847
2161,6033	1308,0994
2162,5879	1309,7048
2163,5725	1299,6302
2164,5569	1312,5253
2165,5415	1322,5206
2166,5261	1265,0869
2167,5105	1272,7795
2168,4951	1303,6235
2169,4795	1301,3956
2170,4641	1286,8206
2171,4487	1314,9142
2172,4331	1317,6425
2173,4177	1312,7205
2174,4023	1319,7338
2175,3867	1316,6709
2176,3713	1312,2612
2177,356	1333,2499
2178,3403	1340,3811
2179,325	1310,9027
2180,3093	1306,9658
2181,2939	1321,7947
2182,2786	1319,1713
2183,2629	1303,3989
2184,2476	1326,6686
2185,2322	1334,9473
2186,2166	1334,0797
2187,2012	1344,2211
2188,1855	1327,2289
2189,1702	1320,5922
2190,1548	1299,2993
2191,1392	1331,8386
2192,1238	1335,7142
2193,1084	1318,3939
2194,0928	1328,5349
2195,0774	1322,1602
2196,0618	1297,9951
2197,0464	1274,9602
2198,031	1282,9409
2199,0154	1309,9465
2200	1319,5273
2200,9846	1304,4286
2201,969	1284,801
2202,9536	1300,3821
2203,9382	1308,2107
2204,9226	1304,2885
2205,9072	1301,6616
2206,8916	1294,4325
2207,8762	1312,6488
2208,8608	1303,9674
2209,8452	1292,1547
2210,8298	1301,6484
2211,8145	1306,2936
2212,7988	1270,9032
2213,7834	1287,7969
2214,7678	1310,2982
2215,7524	1297,0884
2216,7371	1310,3959
2217,7214	1260,8038
2218,7061	1277,7273
2219,6907	1280,046
2220,675	1291,3579
2221,6597	1304,6111
2222,644	1323,1254
2223,6287	1297,1595
2224,6133	1306,0596
2225,5977	1297,0417
2226,5823	1282,4365
2227,5669	1287,4883
2228,5513	1272,2094
2229,5359	1287,9473
2230,5205	1295,9812
2231,5049	1290,4277
2232,4895	1288,8319
2233,4739	1304,429
2234,4585	1315,3715
2235,4431	1299,5114
2236,4275	1304,7802
2237,4121	1270,3168
2238,3967	1273,4171
2239,3811	1288,4849
2240,3657	1283,3223
2241,3501	1252,328
2242,3347	1270,032
2243,3193	1264,0018
2244,3037	1261,7163
2245,2883	1270,5007
2246,2729	1259,6294
2247,2573	1277,646
2248,2419	1237,2645
2249,2266	1247,7213
2250,2109	1260,8031
2251,1956	1289,7784
2252,1799	1287,8719
2253,1646	1278,9833
2254,1492	1281,5967
2255,1335	1272,3981
2256,1182	1302,0256
2257,1028	1289,808
2258,0872	1264,4186
2259,0718	1280,7405
2260,0562	1271,7095
2261,0408	1291,6635
2262,0254	1295,8685
2263,0098	1312,4355
2263,9944	1293,1034
2264,979	1301,958
2265,9634	1298,3718
2266,948	1299,6267
2267,9324	1312,0781
2268,917	1312,0166
2269,9016	1308,5497
2270,886	1302,1886
2271,8706	1315,8643
2272,8552	1294,1534
2273,8396	1302,7313
2274,8242	1324,4442
2275,8088	1334,4808
2276,7932	1346,681
2277,7778	1315,1697
2278,7622	1309,5842
2279,7468	1357,0276
2280,7314	1333,5402
2281,7158	1346,3397
2282,7004	1354,608
2283,6851	1337,6675
2284,6694	1292,1304
2285,6541	1335,5156
2286,6384	1350,1882
2287,623	1348,2419
2288,6077	1338,4899
2289,592	1350,1444
2290,5767	1359,7748
2291,5613	1350,0258
2292,5457	1363,7839
2293,5303	1364,421
2294,5146	1370,4465
2295,4993	1377,5779
2296,4839	1347,7255
2297,4683	1334,8644
2298,4529	1323,1173
2299,4375	1341,3624
2300,4219	1308,8595
2301,4065	1314,146
2302,3911	1325,6458
2303,3755	1310,7511
2304,3601	1294,6414
2305,3445	1314,7826
2306,3291	1326,72
2307,3137	1308,3044
2308,2981	1294,644
2309,2827	1317,891
2310,2673	1320,5411
2311,2517	1318,3701
2312,2363	1323,8127
2313,2207	1335,4259
2314,2053	1311,5248
2315,1899	1310,6052
2316,1743	1344,9067
2317,1589	1326,1543
2318,1436	1315,7345
2319,1279	1309,5588
2320,1125	1305,1987
2321,0972	1329,302
2322,0815	1335,3687
2323,0662	1305,0035
2324,0505	1311,988
2325,0352	1355,2257
2326,0198	1347,4377
2327,0042	1345,9642
2327,9888	1341,2726
2328,9734	1346,1753
2329,9578	1340,5071
2330,9424	1328,525
2331,9268	1315,1094
2332,9114	1315,8824
2333,896	1325,8774
2334,8804	1314,4293
2335,865	1350,7285
2336,8496	1361,7623
2337,834	1302,9606
2338,8186	1328,2413
2339,803	1302,6213
2340,7876	1324,7235
2341,7722	1318,6312
2342,7566	1331,7483
2343,7412	1353,2745
2344,7258	1333,8766
2345,7102	1319,1149
2346,6948	1329,4247
2347,6794	1318,733
2348,6638	1323,557
2349,6484	1345,9473
2350,6328	1342,2418
2351,6174	1291,3219
2352,6021	1303,1196
2353,5864	1327,4625
2354,571	1358,8237
2355,5557	1304,6968
2356,54	1346,6403
2357,5247	1351,6392
2358,509	1340,0734
2359,4937	1329,5985
2360,4783	1331,5925
2361,4626	1337,8507
2362,4473	1333,1184
2363,4319	1327,2644
2364,4163	1325,4019
2365,4009	1317,5812
2366,3853	1329,6875
2367,3699	1340,9904
2368,3545	1352,1606
2369,3389	1321,2263
2370,3235	1307,4453
2371,3081	1381,2118
2372,2925	1314,4204
2373,2771	1314,3109
2374,2617	1339,3676
2375,2461	1326,4137
2376,2307	1342,448
2377,2151	1343,1727
2378,1997	1364,6873
2379,1843	1337,0483
2380,1687	1351,7574
2381,1533	1382,5521
2382,1379	1356,1627
2383,1223	1372,4525
2384,1069	1380,7407
2385,0913	1366,3544
2386,0759	1385,2533
2387,0605	1381,9803
2388,0449	1376,1084
2389,0295	1388,0785
2390,0142	1393,8431
2390,9985	1399,4739
2391,9832	1395,9564
2392,9675	1403,6182
2393,9521	1396,5548
2394,9368	1399,6193
2395,9211	1404,6847
2396,9058	1385,632
2397,8904	1366,7769
2398,8748	1392,6732
2399,8594	1388,9562
2400,844	1385,1735
2401,8284	1418,4624
2402,813	1396,5989
2403,7974	1399,3042
2404,782	1404,2729
2405,7666	1400,3644
2406,751	1376,0109
2407,7356	1386,2222
2408,7202	1410,9199
2409,7046	1417,1614
2410,6892	1409,3969
2411,6736	1396,4421
2412,6582	1398,3657
2413,6428	1410,8167
2414,6272	1396,7629
2415,6118	1382,1606
2416,5964	1405,1907
2417,5808	1402,5919
2418,5654	1390,9829
2419,55	1364,7074
2420,5344	1403,3962
2421,519	1400,3901
2422,5034	1367,6763
2423,488	1354,1863
2424,4727	1386,6511
2425,457	1378,5131
2426,4417	1369,2411
2427,4263	1378,306
2428,4106	1359,3939
2429,3953	1418,0901
2430,3796	1385,6921
2431,3643	1381,4408
2432,3489	1391,5587
2433,3333	1376,0975
2434,3179	1366,989
2435,3025	1371,2261
2436,2869	1378,037
2437,2715	1386,8651
2438,2559	1392,151
2439,2405	1376,9182
2440,2251	1353,7395
2441,2095	1388,1163
2442,1941	1374,9622
2443,1787	1360,0406
2444,1631	1376,2416
2445,1477	1340,9409
2446,1323	1364,0295
2447,1167	1378,3762
2448,1013	1384,1359
2449,0857	1389,8542
2450,0703	1377,6173
2451,0549	1373,9462
2452,0393	1377,106
2453,0239	1382,3292
2454,0085	1378,1116
2454,9929	1373,592
2455,9775	1392,9187
2456,9619	1400,9054
2457,9465	1402,0056
2458,9312	1387,7181
2459,9155	1410,3359
2460,9001	1406,0499
2461,8848	1428,5886
2462,8691	1425,0953
2463,8538	1444,048
2464,8381	1436,4037
2465,8228	1439,4252
2466,8074	1448,3798
2467,7917	1434,9597
2468,7764	1419,9745
2469,761	1437,7289
2470,7454	1471,6543
2471,73	1433,5321
2472,7146	1453,8019
2473,699	1425,861
2474,6836	1433,1022
2475,668	1460,8077
2476,6526	1445,1354
2477,6372	1418,5072
2478,6216	1433,5583
2479,6062	1424,8644
2480,5908	1359,4708
2481,5752	1398,9995
2482,5598	1399,4678
2483,5442	1419,9286
2484,5288	1409,8993
2485,5134	1421,7642
2486,4978	1426,7734
2487,4824	1394,9081
2488,467	1406,5709
2489,4514	1405,9235
2490,436	1394,8585
2491,4207	1429,9174
2492,405	1415,3217
2493,3896	1446,4579
2494,374	1449,7294
2495,3586	1414,1599
2496,3433	1419,1577
2497,3276	1415,2944
2498,3123	1436,8358
2499,2969	1461,2059
2500,2813	1473,153
2501,2659	1487,7147
2502,2502	1500,5267
2503,2349	1466,7985
2504,2195	1481,3236
2505,2039	1480,9164
2506,1885	1513,1875
2507,1731	1507,4568
2508,1575	1494,7451
2509,1421	1500,1511
2510,1265	1510,1332
2511,1111	1509,8873
2512,0957	1468,6923
2513,0801	1482,0979
2514,0647	1510,7061
2515,0493	1487,8549
2516,0337	1535,5605
2517,0183	1520,9808
2518,0029	1508,1042
2518,9873	1493,2574
2519,9719	1540,024
2520,9563	1503,2501
2521,9409	1523,7723
2522,9255	1509,3953
2523,9099	1521,1702
2524,8945	1471,7133
2525,8792	1469,144
2526,8635	1483,985
2527,8481	1481,9048
2528,8325	1511,1085
2529,8171	1508,5778
2530,8018	1522,0991
2531,7861	1513,0096
2532,7708	1517,6643
2533,7554	1510,3943
2534,7397	1520,1437
2535,7244	1515,2666
2536,7087	1512,4498
2537,6934	1522,3071
2538,678	1526,8528
2539,6624	1524,1078
2540,647	1527,8956
2541,6316	1515,5867
2542,616	1506,5803
2543,6006	1542,0377
2544,5852	1557,4281
2545,5696	1543,4626
2546,5542	1567,0313
2547,5386	1537,6637
2548,5232	1549,1075
2549,5078	1577,9126
2550,4922	1585,2688
2551,4768	1593,9985
2552,4614	1588,0544
2553,4458	1586,4521
2554,4304	1610,6749
2555,4148	1651,4352
2556,3994	1618,9565
2557,384	1632,506
2558,3684	1663,7319
2559,353	1670,5934
2560,3376	1624,8831
2561,322	1653,7268
2562,3066	1650,865
2563,2913	1632,774
2564,2756	1669,8353
2565,2603	1699,6821
2566,2446	1674,8812
2567,2292	1667,8606
2568,2139	1697,0326
2569,1982	1677,0531
2570,1829	1684,9507
2571,1675	1692,7167
2572,1519	1719,2448
2573,1365	1671,9063
2574,1208	1692,7638
2575,1055	1684,6382
2576,0901	1685,0281
2577,0745	1687,2281
2578,0591	1687,5931
2579,0437	1678,4935
2580,0281	1647,1018
2581,0127	1610,3309
2581,9971	1606,0717
2582,9817	1620,5342
2583,9663	1628,9901
2584,9507	1570,5851
2585,9353	1576,321
2586,9199	1556,2952
2587,9043	1553,1876
2588,8889	1576,3357
2589,8735	1535,069
2590,8579	1524,4877
2591,8425	1576,0758
2592,8269	1529,8026
2593,8115	1562,8389
2594,7961	1551,1592
2595,7805	1556,7943
2596,7651	1545,2028
2597,7498	1519,8845
2598,7341	1518,0844
2599,7188	1515,4216
2600,7031	1511,3252
2601,6877	1532,9047
2602,6724	1534,5203
2603,6567	1524,6129
2604,6414	1535,2216
2605,626	1497,3517
2606,6104	1528,4252
2607,595	1538,5953
2608,5793	1514,106
2609,564	1513,4268
2610,5486	1510,0535
2611,533	1462,5184
2612,5176	1500,2034
2613,5022	1478,8737
2614,4866	1466,3287
2615,4712	1478,5226
2616,4558	1465,1448
2617,4402	1461,399
2618,4248	1452,1641
2619,4092	1452,0704
2620,3938	1470,3348
2621,3784	1436,1298
2622,3628	1435,4419
2623,3474	1448,5566
2624,332	1472,2203
2625,3164	1480,5845
2626,301	1475,7915
2627,2854	1448,2965
2628,27	1445,5664
2629,2546	1447,9777
2630,239	1411,3521
2631,2236	1401,0608
2632,2083	1320,9233
2633,1926	1311,174
2634,1772	1282,4169
2635,1619	1255,4785
2636,1462	1214,708
2637,1309	1168,7577
2638,1152	1153,7482
2639,0999	1126,4417
2640,0845	1122,431
2641,0688	1092,9646
2642,0535	1092,1377
2643,0381	1067,7587
2644,0225	1067,1996
2645,0071	1037,6892
2645,9915	1033,0924
2646,9761	1034,1772
2647,9607	999,85614
2648,9451	1018,3083
2649,9297	994,88031
2650,9143	1033,8462
2651,8987	1040,9883
2652,8833	1067,8057
2653,8677	1068,8954
2654,8523	1084,9535
2655,8369	1099,1547
2656,8213	1126,4401
2657,8059	1145,7579
2658,7905	1168,8057
2659,7749	1177,6064
2660,7595	1178,1543
2661,7441	1210,0134
2662,7285	1201,5255
2663,7131	1193,7329
2664,6975	1201,8573
2665,6821	1227,1357
2666,6667	1245,979
2667,6511	1241,4292
2668,6357	1291,798
2669,6204	1313,1902
2670,6047	1359,1106
2671,5894	1402,8058
2672,5737	1453,4182
2673,5583	1460,8088
2674,543	1501,8201
2675,5273	1573,321
2676,512	1641,0068
2677,4966	1694,1193
2678,481	1763,4142
2679,4656	1833,7776
2680,45	1889,8202
2681,4346	1954,1266
2682,4192	2041,9298
2683,4036	2099,6233
2684,3882	2071,9194
2685,3728	2064,043
2686,3572	2078,2927
2687,3418	2047,7012
2688,3264	2079,561
2689,3108	2103,2622
2690,2954	2049,0337
2691,2798	2110,6143
2692,2644	2114,1187
2693,249	2125,0623
2694,2334	2115,4524
2695,218	2098,3784
2696,2026	2087,4277
2697,187	2087,8132
2698,1716	2072,8838
2699,156	2063,6985
2700,1406	2071,3967
2701,1252	2049,3823
2702,1096	2068,5984
2703,0942	2080,0034
2704,0789	2073,7605
2705,0632	2080,3418
2706,0479	2062,3132
2707,0325	2088,9141
2708,0168	2112,3572
2709,0015	2088,8433
2709,9858	2102,8774
2710,9705	2142,0825
2711,9551	2145,1763
2712,9395	2154,1548
2713,9241	2170,0781
2714,9087	2181,0474
2715,8931	2151,6765
2716,8777	2198,5613
2717,8621	2186,467
2718,8467	2220,0415
2719,8313	2197,9861
2720,8157	2175,6763
2721,8003	2185,8069
2722,7849	2215,0425
2723,7693	2224,8003
2724,7539	2238,9075
2725,7383	2258,6614
2726,7229	2235,2026
2727,7075	2239,1719
2728,6919	2246,3672
2729,6765	2254,8701
2730,6611	2273,8262
2731,6455	2291,0457
2732,6301	2234,1626
2733,6147	2292,2793
2734,5991	2316,3218
2735,5837	2288,2808
2736,5681	2319,3965
2737,5527	2347,4316
2738,5374	2358,6755
2739,5217	2352,2424
2740,5063	2339,9148
2741,491	2393,7817
2742,4753	2347,0991
2743,46	2342,0693
2744,4443	2358,9402
2745,429	2351,604
2746,4136	2398,1848
2747,3979	2415,9351
2748,3826	2445,3315
2749,3672	2396,4878
2750,3516	2450,5969
2751,3362	2459,45
2752,3206	2459,7849
2753,3052	2439,928
2754,2898	2427,9895
2755,2742	2375,7622
2756,2588	2337,616
2757,2434	2291,2876
2758,2278	2267,4973
2759,2124	2241,5771
2760,197	2236,8218
2761,1814	2209,5491
2762,166	2191,3391
2763,1504	2217,8657
2764,135	2230,4802
2765,1196	2239,9656
2766,104	2267,7737
2767,0886	2297,011
2768,0732	2348,1897
2769,0576	2365,3245
2770,0422	2410,5151
2771,0266	2524,3257
2772,0112	2581,7466
2772,9958	2673,2864
2773,9802	2825,8933
2774,9648	2943,5935
2775,9495	3109,4771
2776,9338	3253,8276
2777,9185	3401,0798
2778,9028	3593,2729
2779,8875	3689,741
2780,8721	3835,3245
2781,8564	3901,1101
2782,8411	3857,2783
2783,8257	3884,9568
2784,8101	3890,7712
2785,7947	3886,1743
2786,7793	3863,4607
2787,7637	3897,1689
2788,7483	3915,5276
2789,7327	3948,7893
2790,7173	3972,6592
2791,7019	4028,3628
2792,6863	4093,0793
2793,6709	4149,0327
2794,6555	4280,5474
2795,6399	4284,8428
2796,6245	4335,3257
2797,6089	4417,9189
2798,5935	4480,1191
2799,5781	4601,8496
2800,5625	4665,3809
2801,5471	4765,7158
2802,5317	4809,8872
2803,5161	4878,4204
2804,5007	4998,1816
2805,4854	5120,938
2806,4697	5207,5474
2807,4543	5293,7598
2808,4387	5351,0127
2809,4233	5403,3076
2810,408	5535,6675
2811,3923	5630,2075
2812,377	5741,8408
2813,3616	5860,1895
2814,3459	5903,1934
2815,3306	6037,187
2816,3149	6134,3438
2817,2996	6225,0337
2818,2842	6336,8223
2819,2686	6455,6968
2820,2532	6606,4521
2821,2378	6585,0957
2822,2222	6713,1611
2823,2068	6913,541
2824,1912	6912,1685
2825,1758	7088,0479
2826,1604	7182,0708
2827,1448	7292,3486
2828,1294	7309,27
2829,114	7440,2915
2830,0984	7481,6582
2831,083	7527,6235
2832,0676	7606,3491
2833,052	7610,7417
2834,0366	7709,0791
2835,021	7675,8574
2836,0056	7683,5171
2836,9902	7711,5054
2837,9746	7723,3003
2838,9592	7720,2524
2839,9438	7733,7456
2840,9282	7767,8071
2841,9128	7742,8877
2842,8972	7792,9033
2843,8818	7866,8643
2844,8665	7800,688
2845,8508	7792,7427
2846,8354	7834,2163
2847,8201	7873,2612
2848,8044	7858,8159
2849,7891	7736,3174
2850,7734	7714,1167
2851,7581	7763,3877
2852,7427	7718,4937
2853,7271	7702,2241
2854,7117	7732,8315
2855,6963	7704,4829
2856,6807	7749,7173
2857,6653	7779,2046
2858,6499	7783,0542
2859,6343	7861,4175
2860,6189	7869,7749
2861,6033	8002,8438
2862,5879	8020,7954
2863,5725	8074,1504
2864,5569	8197,2539
2865,5415	8302,6719
2866,5261	8416,4883
2867,5105	8511,0732
2868,4951	8696,9248
2869,4795	8808,5303
2870,4641	8982,8662
2871,4487	9117,3896
2872,4331	9346,5801
2873,4177	9597,998
2874,4023	9722,1104
2875,3867	10015,37
2876,3713	10190,658
2877,356	10414,767
2878,3403	10476,608
2879,325	10626,398
2880,3093	10830,74
2881,2939	11023,553
2882,2786	11037,473
2883,2629	11198,282
2884,2476	11314,98
2885,2322	11404,004
2886,2166	11313,263
2887,2012	11373,455
2888,1855	11285,862
2889,1702	11195,786
2890,1548	11130,573
2891,1392	10980,108
2892,1238	10765,46
2893,1084	10667,362
2894,0928	10535,071
2895,0774	10293,94
2896,0618	10097,388
2897,0464	10036,325
2898,031	9965,4453
2899,0154	9742,7422
2900	9673,0117
2900,9846	9681,7373
2901,969	9676,2285
2902,9536	9611,8145
2903,9382	9582,1387
2904,9226	9509,9072
2905,9072	9449,3701
2906,8916	9349,8311
2907,8762	9188,1982
2908,8608	9140,3428
2909,8452	8910,4121
2910,8298	8770,0098
2911,8145	8645,4189
2912,7988	8458,3359
2913,7834	8139,2798
2914,7678	7838,4102
2915,7524	7526,02
2916,7371	7246,8652
2917,7214	6939,5146
2918,7061	6486,7432
2919,6907	6261,5117
2920,675	6087,1123
2921,6597	5857,6963
2922,644	5734,0688
2923,6287	5613,1729
2924,6133	5533,9727
2925,5977	5402,1787
2926,5823	5375,2788
2927,5669	5413,1211
2928,5513	5357,7925
2929,5359	5303,4668
2930,5205	5360,1646
2931,5049	5416,8096
2932,4895	5383,4717
2933,4739	5473,4829
2934,4585	5464,0615
2935,4431	5462,4077
2936,4275	5611,2935
2937,4121	5629,4219
2938,3967	5675,2563
2939,3811	5688,5996
2940,3657	5685,2612
2941,3501	5668,7778
2942,3347	5655,1636
2943,3193	5655,874
2944,3037	5560,6909
2945,2883	5552,5142
2946,2729	5456,876
2947,2573	5453,9995
2948,2419	5361,6235
2949,2266	5312,8408
2950,2109	5203,3735
2951,1956	5147,7588
2952,1799	5016,749
2953,1646	4855,2222
2954,1492	4803,7202
2955,1335	4608,5591
2956,1182	4512,6685
2957,1028	4345,416
2958,0872	4201,3091
2959,0718	4106,8657
2960,0562	3956,9446
2961,0408	3873,4167
2962,0254	3718,8445
2963,0098	3635,2104
2963,9944	3561,7332
2964,979	3448,7683
2965,9634	3350,8784
2966,948	3230,8726
2967,9324	3136,623
2968,917	3052,001
2969,9016	2953,4556
2970,886	2814,9131
2971,8706	2706,1938
2972,8552	2695,2803
2973,8396	2584,7239
2974,8242	2512,8389
2975,8088	2415,3237
2976,7932	2371,1174
2977,7778	2246,324
2978,7622	2217,1853
2979,7468	2157,7786
2980,7314	2115,9868
2981,7158	2064,4075
2982,7004	2029,9863
2983,6851	1964,9308
2984,6694	1945,668
2985,6541	1920,0859
2986,6384	1863,8101
2987,623	1844,1154
2988,6077	1773,114
2989,592	1769,6781
2990,5767	1743,7345
2991,5613	1728,6204
2992,5457	1698,5714
2993,5303	1654,0529
2994,5146	1652,0184
2995,4993	1629,7086
2996,4839	1579,7566
2997,4683	1591,5942
2998,4529	1565,1976
2999,4375	1551,0779
3000,4219	1524,9547
3001,4065	1512,4481
3002,3911	1472,5446
3003,3755	1459,7747
3004,3601	1455,9913
3005,3445	1454,4039
3006,3291	1433,1526
3007,3137	1424,8761
3008,2981	1421,8334
3009,2827	1419,5546
3010,2673	1407,1829
3011,2517	1376,1893
3012,2363	1359,309
3013,2207	1361,5031
3014,2053	1358,9398
3015,1899	1346,4064
3016,1743	1346,8909
3017,1589	1320,795
3018,1436	1329,821
3019,1279	1320,6891
3020,1125	1310,9895
3021,0972	1306,7184
3022,0815	1301,387
3023,0662	1280,7079
3024,0505	1274,5001
3025,0352	1253,1421
3026,0198	1249,8682
3027,0042	1250,2432
3027,9888	1254,5743
3028,9734	1239,3474
3029,9578	1234,5688
3030,9424	1220,401
3031,9268	1209,9426
3032,9114	1212,7446
3033,896	1195,1724
3034,8804	1201,8326
3035,865	1176,722
3036,8496	1188,7324
3037,834	1179,5295
3038,8186	1194,2972
3039,803	1239,3258
3040,7876	1315,4637
3041,7722	1355,9391
3042,7566	1478,2034
3043,7412	1625,8647
3044,7258	1721,4158
3045,7102	1918,1885
3046,6948	2259,8701
3047,6794	2551,4526
3048,6638	2888,8816
3049,6484	2926,9204
3050,6328	3485,6179
3051,6174	5497,4443
3052,6021	7846,3286
3053,5864	9116,1533
3054,571	5572,0356
3055,5557	4423,0684
3056,54	3831,1577
3057,5247	3145,5933
3058,509	2347,7136
3059,4937	1401,4489
3060,4783	1223,3948
3061,4626	1168,3905
3062,4473	1140,7725
3063,4319	1126,3732
3064,4163	1100,265
3065,4009	1085,851
3066,3853	1093,8466
3067,3699	1102,6261
3068,3545	1104,927
3069,3389	1096,1592
3070,3235	1077,9825
3071,3081	1080,4956
3072,2925	1083,3341
3073,2771	1078,3384
3074,2617	1071,1855
3075,2461	1075,9612
3076,2307	1063,4524
3077,2151	1070,7552
3078,1997	1084,9149
3079,1843	1073,3301
3080,1687	1063,1572
3081,1533	1058,5635
3082,1379	1067,5166
3083,1223	1043,2789
3084,1069	1039,0565
3085,0913	1034,5023
3086,0759	1054,4513
3087,0605	1043,9763
3088,0449	1033,5339
3089,0295	1043,179
3090,0142	1016,8149
3090,9985	1026,4463
3091,9832	1049,001
3092,9675	1034,4093
3093,9521	1036,8458
3094,9368	1028,8237
3095,9211	1025,0601
3096,9058	1014,0558
3097,8904	1040,9631
3098,8748	1026,5996
3099,8594	1039,7992
3100,844	1032,5798
3101,8284	1009,1329
3102,813	1037,0448
3103,7974	1013,8464
3104,782	1013,459
3105,7666	1011,6719
3106,751	985,24017
3107,7356	991,98712
3108,7202	1001,01
3109,7046	997,59692
3110,6892	992,24896
3111,6736	1002,9683
3112,6582	987,16138
3113,6428	962,15918
3114,6272	970,70758
3115,6118	969,78534
3116,5964	977,6062
3117,5808	955,27209
3118,5654	968,27441
3119,55	998,28082
3120,5344	995,86932
3121,519	976,55261
3122,5034	982,56512
3123,488	969,06885
3124,4727	953,8736
3125,457	945,4826
3126,4417	949,50397
3127,4263	950,32397
3128,4106	944,79572
3129,3953	948,89435
3130,3796	950,45557
3131,3643	955,84082
3132,3489	959,14105
3133,3333	887,86389
3134,3179	905,89905
3135,3025	907,71283
3136,2869	936,43903
3137,2715	943,59125
3138,2559	934,88611
3139,2405	887,14532
3140,2251	934,30188
3141,2095	938,25446
3142,1941	914,56738
3143,1787	923,73041
3144,1631	919,76093
3145,1477	923,33954
3146,1323	935,71826
3147,1167	914,39661
3148,1013	932,24036
3149,0857	894,43201
3150,0703	922,44916
3151,0549	916,02863
3152,0393	925,79626
3153,0239	915,1131
3154,0085	935,17249
3154,9929	908,05505
3155,9775	909,90918
3156,9619	900,80811
3157,9465	902,40106
3158,9312	896,74023
3159,9155	888,17279
3160,9001	896,29047
3161,8848	892,19897
3162,8691	932,25867
3163,8538	919,97321
3164,8381	900,14001
3165,8228	901,96246
3166,8074	915,91327
3167,7917	899,8783
3168,7764	915,80957
3169,761	906,30841
3170,7454	913,92566
3171,73	894,12482
3172,7146	880,68353
3173,699	911,23743
3174,6836	913,8172
3175,668	903,32904
3176,6526	870,25171
3177,6372	910,80688
3178,6216	887,9469
3179,6062	887,76855
3180,5908	914,40314
3181,5752	916,18652
3182,5598	895,81976
3183,5442	890,5271
3184,5288	895,95715
3185,5134	890,11908
3186,4978	897,46478
3187,4824	893,55176
3188,467	872,10822
3189,4514	876,10315
3190,436	901,04041
3191,4207	878,45264
3192,405	886,48187
3193,3896	877,8009
3194,374	888,23975
3195,3586	882,03394
3196,3433	896,15613
3197,3276	909,51044
3198,3123	883,76447
3199,2969	896,97986
3200,2813	866,81329
3201,2659	891,91742
3202,2502	890,75018
3203,2349	879,37189
3204,2195	890,15997
3205,2039	900,98114
3206,1885	867,20612
3207,1731	881,16791
3208,1575	871,22357
3209,1421	882,74884
3210,1265	871,49158
3211,1111	836,32288
3212,0957	868,05988
3213,0801	878,138
3214,0647	884,9223
3215,0493	858,19147
3216,0337	858,47021
3217,0183	849,20209
3218,0029	876,89746
3218,9873	869,41663
3219,9719	871,7345
3220,9563	854,7594
3221,9409	865,81451
3222,9255	856,55444
3223,9099	877,3454
3224,8945	862,90076
3225,8792	894,48724
3226,8635	877,64221
3227,8481	848,94788
3228,8325	853,9259
3229,8171	876,61353
3230,8018	867,64392
3231,7861	878,4801
3232,7708	873,88208
3233,7554	839,39081
3234,7397	860,75433
3235,7244	838,19562
3236,7087	859,4325
3237,6934	853,13495
3238,678	832,31396
3239,6624	842,43085
3240,647	852,00439
3241,6316	832,40302
3242,616	844,19635
3243,6006	844,60681
3244,5852	837,61017
3245,5696	847,34607
3246,5542	845,0686
3247,5386	844,88281
3248,5232	838,05554
3249,5078	851,43195
3250,4922	845,54437
3251,4768	837,28088
3252,4614	841,17737
3253,4458	844,74957
3254,4304	866,15619
3255,4148	837,08661
3256,3994	877,94476
3257,384	857,21106
3258,3684	872,57678
3259,353	855,91913
3260,3376	858,93359
3261,322	837,94672
3262,3066	859,74792
3263,2913	846,04926
3264,2756	843,54803
3265,2603	856,65088
3266,2446	859,86609
3267,2292	843,5791
3268,2139	860,22638
3269,1982	850,01733
3270,1829	850,32141
3271,1675	842,00494
3272,1519	839,76666
3273,1365	845,1073
3274,1208	833,89215
3275,1055	832,815
3276,0901	818,01172
3277,0745	838,93475
3278,0591	846,37268
3279,0437	847,89252
3280,0281	837,60931
3281,0127	829,16113
3281,9971	845,92633
3282,9817	841,97546
3283,9663	854,0788
3284,9507	836,80933
3285,9353	812,63782
3286,9199	827,97327
3287,9043	828,91016
3288,8889	819,117
3289,8735	824,6925
3290,8579	822,77655
3291,8425	808,41028
3292,8269	812,50269
3293,8115	813,84369
3294,7961	819,46191
3295,7805	805,83954
3296,7651	770,87006
3297,7498	764,86285
3298,7341	769,58075
3299,7188	747,91058
3300,7031	741,14001
3301,6877	740,75183
3302,6724	736,57971
3303,6567	737,76477
3304,6414	758,97211
3305,626	734,63281
3306,6104	741,38519
3307,595	755,89716
3308,5793	762,59302
3309,564	802,80981
3310,5486	796,51819
3311,533	809,96063
3312,5176	811,50934
3313,5022	799,29272
3314,4866	778,49951
3315,4712	822,78503
3316,4558	813,30029
3317,4402	829,99237
3318,4248	794,93011
3319,4092	810,11603
3320,3938	803,52722
3321,3784	803,8584
3322,3628	794,54987
3323,3474	819,2193
3324,332	803,95209
3325,3164	805,94635
3326,301	799,50671
3327,2854	803,40826
3328,27	806,67847
3329,2546	821,58905
3330,239	814,34479
3331,2236	794,35675
3332,2083	806,44147
3333,1926	806,07904
3334,1772	804,85095
3335,1619	796,60437
3336,1462	793,56104
3337,1309	793,83221
3338,1152	809,95844
3339,0999	808,98779
3340,0845	790,99084
3341,0688	807,86267
3342,0535	815,69281
3343,0381	793,4931
3344,0225	775,67273
3345,0071	775,44244
3345,9915	784,7652
3346,9761	781,55536
3347,9607	805,10565
3348,9451	808,81512
3349,9297	816,10492
3350,9143	775,41498
3351,8987	785,30487
3352,8833	794,09613
3353,8677	805,30988
3354,8523	784,23547
3355,8369	797,17181
3356,8213	799,02258
3357,8059	794,69501
3358,7905	773,37561
3359,7749	791,9151
3360,7595	790,97504
3361,7441	801,58234
3362,7285	779,95685
3363,7131	788,74994
3364,6975	789,85846
3365,6821	783,64771
3366,6667	788,73785
3367,6511	804,66357
3368,6357	794,16138
3369,6204	774,42181
3370,6047	774,77179
3371,5894	777,95331
3372,5737	774,2149
3373,5583	784,97107
3374,543	752,17969
3375,5273	789,35864
3376,512	761,09271
3377,4966	771,49609
3378,481	791,19891
3379,4656	794,8241
3380,45	785,63354
3381,4346	779,93091
3382,4192	793,38654
3383,4036	765,68964
3384,3882	766,24579
3385,3728	787,3833
3386,3572	806,78082
3387,3418	796,11597
3388,3264	790,06171
3389,3108	797,52972
3390,2954	798,13025
3391,2798	797,2074
3392,2644	799,7793
3393,249	802,64465
3394,2334	760,62158
3395,218	790,4101
3396,2026	776,6618
3397,187	776,41925
3398,1716	815,44623
3399,156	786,9895
3400,1406	798,78925
3401,1252	790,60797
3402,1096	788,7243
3403,0942	812,64557
3404,0789	815,62006
3405,0632	793,25897
3406,0479	814,13959
3407,0325	783,13538
3408,0168	782,50043
3409,0015	796,99207
3409,9858	786,78522
3410,9705	806,28595
3411,9551	796,43182
3412,9395	797,5379
3413,9241	792,82428
3414,9087	803,48193
3415,8931	811,21802
3416,8777	799,86731
3417,8621	792,48395
3418,8467	775,3761
3419,8313	779,59784
3420,8157	788,13373
3421,8003	807,875
3422,7849	786,56842
3423,7693	787,73071
3424,7539	800,04291
3425,7383	764,67938
3426,7229	781,87396
3427,7075	801,08002
3428,6919	801,3623
3429,6765	780,37738
3430,6611	793,20441
3431,6455	784,82922
3432,6301	784,6214
3433,6147	773,78955
3434,5991	783,70081
3435,5837	782,23993
3436,5681	777,16064
3437,5527	786,16608
3438,5374	785,11084
3439,5217	779,6073
3440,5063	776,7132
3441,491	787,83789
3442,4753	795,24915
3443,46	781,00873
3444,4443	775,12054
3445,429	787,07043
3446,4136	782,15198
3447,3979	778,43866
3448,3826	775,68268
3449,3672	770,54272
3450,3516	776,685
3451,3362	765,16449
3452,3206	778,66949
3453,3052	775,59082
3454,2898	776,41528
3455,2742	783,21539
3456,2588	770,11041
3457,2434	771,78302
3458,2278	787,54254
3459,2124	790,86407
3460,197	782,39014
3461,1814	771,85461
3462,166	771,4704
3463,1504	777,64404
3464,135	775,97314
3465,1196	773,57886
3466,104	768,35107
3467,0886	750,69476
3468,0732	745,29596
3469,0576	772,5473
3470,0422	770,09601
3471,0266	770,48584
3472,0112	745,62122
3472,9958	750,89447
3473,9802	742,07239
3474,9648	755,93109
3475,9495	742,50299
3476,9338	741,80365
3477,9185	748,54736
3478,9028	741,34259
3479,8875	744,45154
3480,8721	750,23438
3481,8564	753,15118
3482,8411	760,68573
3483,8257	749,50177
3484,8101	749,92413
3485,7947	743,05841
3486,7793	744,55042
3487,7637	742,24445
3488,7483	722,6272
3489,7327	724,0271
3490,7173	731,30865
3491,7019	709,56793
3492,6863	733,09052
3493,6709	725,54706
3494,6555	724,13043
3495,6399	741,82751
3496,6245	741,35547
3497,6089	725,36646
3498,5935	733,89026
3499,5781	731,36676
3500,5625	706,35938
3501,5471	724,4043
3502,5317	727,59247
3503,5161	715,79431
3504,5007	701,12372
3505,4854	706,26782
3506,4697	705,45917
3507,4543	684,31213
3508,4387	677,29242
3509,4233	683,06372
3510,408	676,29333
3511,3923	697,34094
3512,377	689,151
3513,3616	683,17273
3514,3459	678,14526
3515,3306	716,13507
3516,3149	679,96924
3517,2996	708,73474
3518,2842	689,10205
3519,2686	693,90417
3520,2532	684,8371
3521,2378	665,48621
3522,2222	699,80591
3523,2068	697,16858
3524,1912	682,34851
3525,1758	680,26678
3526,1604	686,70532
3527,1448	660,86945
3528,1294	660,50861
3529,114	643,19867
3530,0984	639,44836
3531,083	649,67871
3532,0676	649,0777
3533,052	649,09583
3534,0366	651,31305
3535,021	671,16394
3536,0056	656,06018
3536,9902	664,6745
3537,9746	640,22797
3538,9592	644,81207
3539,9438	636,82391
3540,9282	631,67792
3541,9128	653,09949
3542,8972	657,84308
3543,8818	655,3338
3544,8665	657,40314
3545,8508	640,97369
3546,8354	656,24115
3547,8201	645,9729
3548,8044	642,42017
3549,7891	617,42114
3550,7734	611,0957
3551,7581	604,85901
3552,7427	599,55249
3553,7271	584,21924
3554,7117	618,68829
3555,6963	622,16357
3556,6807	597,75659
3557,6653	604,43555
3558,6499	615,95172
3559,6343	631,56879
3560,6189	627,42059
3561,6033	617,38617
3562,5879	637,77014
3563,5725	609,68854
3564,5569	595,53503
3565,5415	628,67615
3566,5261	647,86188
3567,5105	644,93164
3568,4951	657,06073
3569,4795	635,32538
3570,4641	637,73468
3571,4487	619,15192
3572,4331	590,51611
3573,4177	591,07593
3574,4023	611,80414
3575,3867	596,18347
3576,3713	596,55487
3577,356	582,40057
3578,3403	583,1778
3579,325	606,93713
3580,3093	601,039
3581,2939	613,00543
3582,2786	609,89246
3583,2629	609,18341
3584,2476	620,90381
3585,2322	616,80396
3586,2166	613,0083
3587,2012	615,15674
3588,1855	609,65881
3589,1702	618,43854
3590,1548	613,45538
3591,1392	602,6402
3592,1238	603,9975
3593,1084	593,66412
3594,0928	604,25378
3595,0774	596,83551
3596,0618	592,93213
3597,0464	598,97803
3598,031	597,75226
3599,0154	607,16779
3600	596,45093
