100	6609,2568
100,98453	6440,3257
101,96906	6342,0918
102,95358	6213,2227
103,93812	6056,0835
104,92265	6026,8901
105,90717	5871,8408
106,8917	5712,9204
107,87623	5592,2729
108,86076	5545,3872
109,84529	5329,8232
110,82982	5273,7041
111,81435	5212,9355
112,79887	5028,0972
113,7834	5127,0405
114,76793	5002,8765
115,75246	4862,4736
116,73699	4777,603
117,72152	4686,5288
118,70605	4595,1455
119,69057	4547,6792
120,6751	4528,0039
121,65964	4494,8989
122,64417	4424,1943
123,62869	4314,4775
124,61322	4263,0986
125,59775	4322,7046
126,58228	4217,0459
127,56681	4180,1699
128,55133	4191,6514
129,53586	4218,377
130,5204	4177,6445
131,50493	4152,4937
132,48946	4040,3867
133,47398	3898,1206
134,45851	3828,0815
135,44304	3849,0227
136,42757	3917,1062
137,41209	3943,7434
138,39662	3871,8328
139,38115	3722,4111
140,36568	3719,0938
141,3502	3732,6472
142,33475	3717,1055
143,31927	3651,6023
144,3038	3555,0073
145,28833	3542,8708
146,27286	3518,7949
147,25739	3384,8904
148,24191	3378,5925
149,22644	3370,6248
150,21097	3302,8516
151,1955	3198,9448
152,18002	3256,7944
153,16455	3182,2561
154,14908	3097,271
155,13362	3058,7798
156,11815	3119,593
157,10268	3010,3572
158,0872	2912,1191
159,07173	2881,061
160,05626	2918,1755
161,04079	2803,0022
162,02531	2817,8501
163,00984	2773,4917
163,99437	2657,6621
164,9789	2550,1736
165,96342	2598,4358
166,94797	2545,1636
167,9325	2485,6558
168,91702	2501,853
169,90155	2441,5476
170,88608	2379,9819
171,87061	2331,2034
172,85513	2311,5735
173,83966	2351,9612
174,82419	2264,9612
175,80872	2232,5449
176,79324	2215,449
177,77777	2157,05
178,76231	2118,2275
179,74684	2089,4658
180,73137	2098,7126
181,7159	2119,5728
182,70042	2027,9764
183,68495	1985,5033
184,66948	1982,0963
185,65401	1969,35
186,63853	1900,4459
187,62306	1981,7891
188,60759	1941,7952
189,59212	1904,1986
190,57666	1910,7747
191,56119	1898,3855
192,54572	1905,9324
193,53024	1901,9923
194,51477	1897,9083
195,4993	1910,309
196,48383	1859,844
197,46835	1865,8711
198,45288	1885,6525
199,43741	1897,9065
200,42194	1902,6967
201,40646	1903,2032
202,39099	1889,9313
203,37553	1888,7684
204,36006	1928,8157
205,34459	1928,0377
206,32912	1922,7563
207,31364	1923,6221
208,29817	1931,7935
209,2827	1934,9114
210,26723	1951,2943
211,25175	1961,4209
212,23628	1979,8342
213,22081	2019,559
214,20534	1997,1243
215,18988	1989,1243
216,17441	1990,58
217,15894	1987,3351
218,14346	1946,1348
219,12799	1999,4254
220,11252	1980,6794
221,09705	1944,0532
222,08157	1950,0619
223,0661	1936,5098
224,05063	1920,8915
225,03516	1926,2019
226,01968	1932,4048
227,00423	1880,0219
227,98875	1934,4938
228,97328	1955,7854
229,95781	1965,2618
230,94234	1975,9254
231,92686	1934,5415
232,91139	1893,1108
233,89592	1866,2848
234,88045	1859,8369
235,86497	1876,0287
236,8495	1872,0775
237,83403	1858,5973
238,81857	1821,7905
239,8031	1772,0934
240,78763	1777,2936
241,77216	1745,8572
242,75668	1729,719
243,74121	1721,3561
244,72574	1703,6488
245,71027	1680,2739
246,69479	1622,8505
247,67932	1598,5746
248,66385	1606,1118
249,64838	1581,1586
250,6329	1570,4373
251,61745	1532,4993
252,60197	1504,3662
253,5865	1510,9689
254,57103	1519,8719
255,55556	1514,297
256,54007	1526,186
257,52463	1536,4552
258,50916	1510,0302
259,49368	1542,7019
260,47821	1539,1869
261,46274	1536,6569
262,44727	1550,9659
263,43179	1575,2985
264,41632	1608,3395
265,40085	1645,7074
266,38538	1681,7513
267,3699	1717,9261
268,35443	1799,3304
269,33896	1847,1454
270,32349	1898,1942
271,30801	1972,4456
272,29254	2084,8184
273,27707	2193,145
274,2616	2356,7234
275,24612	2501,0039
276,23065	2598,1589
277,21518	2679,175
278,19971	2788,0376
279,18423	2838,1936
280,16876	2838,2261
281,15332	2809,8464
282,13785	2787,803
283,12238	2680,0354
284,1069	2548,4021
285,09143	2430,9714
286,07596	2356,561
287,06049	2177,6536
288,04501	2024,2603
289,02954	1896,0941
290,01407	1785,2668
290,9986	1672,9303
291,98312	1582,1176
292,96765	1492,1399
293,95218	1403,4442
294,93671	1321,637
295,92123	1268,3469
296,90576	1252,809
297,89029	1205,8904
298,87482	1155,4435
299,85934	1139,1302
300,84387	1079,4951
301,8284	1066,698
302,81293	1040,4082
303,79745	1010,0024
304,78198	1023,9084
305,76654	1014,3448
306,75107	1006,246
307,7356	1002,9589
308,72012	1001,6711
309,70465	989,85431
310,68918	968,9563
311,67371	960,4986
312,65823	957,57556
313,64276	954,21002
314,62729	954,117
315,61182	921,0025
316,59634	926,75977
317,58087	935,19794
318,5654	901,98785
319,54993	909,29999
320,53445	899,43518
321,51898	893,8197
322,50351	883,71851
323,48804	848,67072
324,47256	847,62573
325,45709	832,84552
326,44162	824,70575
327,42615	826,24054
328,41068	824,52417
329,39523	846,3559
330,37976	823,8493
331,36429	807,15088
332,34882	814,52496
333,33334	802,67175
334,31787	786,23541
335,3024	778,1109
336,28693	785,88214
337,27145	808,45239
338,25598	818,0011
339,24051	813,53894
340,22504	816,91309
341,20956	811,46606
342,19409	786,08563
343,17862	814,57526
344,16315	817,08868
345,14767	806,90491
346,1322	803,77448
347,11673	825,97156
348,10126	825,48669
349,08578	842,52777
350,07031	855,37518
351,05484	868,64362
352,03937	900,61316
353,0239	918,90381
354,00845	950,23016
354,99298	1017,1555
355,97751	1101,6523
356,96204	1147,2997
357,94656	1225,0519
358,93109	1314,5831
359,91562	1411,7222
360,90015	1504,6202
361,88467	1569,1604
362,8692	1601,3619
363,85373	1611,5913
364,83826	1607,4783
365,82278	1588,2417
366,80731	1535,0321
367,79184	1454,1108
368,77637	1383,3901
369,76089	1312,7286
370,74542	1232,7994
371,72995	1144,3279
372,71448	1042,8604
373,69901	958,6004
374,68353	899,27649
375,66806	858,38324
376,65259	793,53638
377,63715	749,25232
378,62167	726,45563
379,6062	710,77063
380,59073	692,16235
381,57526	691,27002
382,55978	678,54932
383,54431	660,61548
384,52884	657,58014
385,51337	676,43494
386,49789	646,40521
387,48242	656,91681
388,46695	652,13477
389,45148	649,22156
390,436	671,14655
391,42053	676,48254
392,40506	662,97986
393,38959	662,38312
394,37411	656,74969
395,35864	630,85095
396,34317	670,85071
397,3277	692,19611
398,31223	709,71051
399,29675	729,20856
400,28128	755,80573
401,26581	806,19025
402,25037	834,13824
403,23489	853,9245
404,21942	876,40948
405,20395	908,34344
406,18848	933,30762
407,173	947,83374
408,15753	966,90173
409,14206	973,69666
410,12659	953,79755
411,11111	961,83484
412,09564	923,17816
413,08017	886,00562
414,0647	851,93427
415,04922	812,60663
416,03375	771,63446
417,01828	739,19305
418,00281	733,09131
418,98734	727,40161
419,97186	698,9306
420,95639	690,1355
421,94092	689,77917
422,92545	693,74463
423,90997	699,18085
424,8945	701,92706
425,87906	691,52142
426,86359	693,13196
427,84811	669,36499
428,83264	647,98621
429,81717	646,93738
430,8017	616,4494
431,78622	595,30084
432,77075	574,23315
433,75528	566,06897
434,73981	567,85651
435,72433	529,35406
436,70886	517,56616
437,69339	522,89368
438,67792	532,51508
439,66245	534,84198
440,64697	521,20001
441,6315	516,01001
442,61603	508,55096
443,60056	499,74777
444,58508	498,72775
445,56961	525,42926
446,55414	501,38879
447,53867	495,65512
448,52319	492,40781
449,50772	483,73621
450,49228	472,09488
451,47681	487,42169
452,46133	485,41342
453,44586	477,75104
454,43039	470,18204
455,41492	464,14307
456,39944	459,85522
457,38397	448,62814
458,3685	442,7901
459,35303	438,6759
460,33755	430,4418
461,32208	456,55545
462,30661	454,29178
463,29114	451,8158
464,27567	449,56735
465,26019	445,48837
466,24472	462,58066
467,22925	447,39139
468,21378	445,33908
469,1983	451,27264
470,18283	455,56186
471,16736	460,14575
472,15189	450,14896
473,13641	451,16116
474,12094	457,19809
475,1055	461,89502
476,09003	462,5668
477,07455	470,8479
478,05908	477,00058
479,04361	481,8685
480,02814	477,94772
481,01266	453,99207
481,99719	478,94629
482,98172	500,67178
483,96625	524,95984
484,95078	539,29022
485,9353	530,73779
486,91983	549,37054
487,90436	569,55457
488,88889	571,2403
489,87341	574,35602
490,85794	594,57813
491,84247	597,1571
492,827	621,18848
493,81152	636,53394
494,79605	643,02502
495,78058	638,92072
496,76511	613,83899
497,74963	621,32349
498,73419	628,24933
499,71872	611,43848
500,70325	584,40662
501,68777	587,0296
502,6723	574,07196
503,65683	574,33813
504,64136	571,87439
505,62589	565,93933
506,61041	560,15259
507,59494	546,25067
508,57947	557,46051
509,564	548,3786
510,54852	540,56018
511,53305	550,35608
512,51758	554,56519
513,50214	566,61127
514,48663	578,06366
515,47119	571,63708
516,45569	548,65131
517,44025	530,49786
518,42474	551,64478
519,4093	534,90588
520,3938	532,32251
521,37836	544,42609
522,36285	547,75757
523,34741	519,42688
524,33191	543,61157
525,31647	564,75055
526,30096	586,26508
527,28552	615,90125
528,27002	649,31329
529,25458	676,36273
530,23907	723,11884
531,22363	789,01324
532,20813	854,49829
533,19269	891,94672
534,17719	952,27814
535,16174	979,91638
536,1463	991,27637
537,1308	988,3078
538,11536	971,42773
539,09985	950,27893
540,08441	916,77289
541,06891	881,51807
542,05347	839,17596
543,03796	787,88812
544,02252	732,71332
545,00702	694,67523
545,99158	642,55896
546,97607	595,77911
547,96063	561,74457
548,94513	539,29688
549,92969	518,78552
550,91418	493,5535
551,89874	477,27213
552,88324	465,35184
553,8678	453,92841
554,85229	445,78458
555,83685	447,41513
556,82135	428,44571
557,80591	418,02621
558,79047	417,45508
559,77496	413,21652
560,75952	414,87927
561,74402	412,11099
562,72858	419,76968
563,71307	419,41989
564,69763	405,09283
565,68213	405,41101
566,66669	407,58344
567,65118	417,7648
568,63574	426,08795
569,62024	426,18378
570,6048	417,71973
571,58929	419,38492
572,57385	426,68466
573,55835	439,72308
574,54291	464,05389
575,5274	496,13177
576,51196	516,35345
577,49646	549,1615
578,48102	589,7738
579,46552	635,78442
580,45007	677,8689
581,43457	712,4198
582,41913	782,80896
583,40369	796,25085
584,38818	775,79572
585,37274	742,96887
586,35724	714,40186
587,3418	696,43384
588,32629	650,79224
589,31085	613,29816
590,29535	579,35901
591,27991	542,0697
592,2644	499,53754
593,24896	469,67221
594,23346	446,27496
595,21802	428,03699
596,20251	409,21417
597,18707	392,72006
598,17157	388,29398
599,15613	388,02902
600,14063	383,1008
601,12518	374,74951
602,10968	367,38831
603,09424	363,37772
604,07874	359,16776
605,06329	366,76288
606,04779	357,47385
607,03235	348,44217
608,01691	341,65091
609,0014	335,01776
609,98596	353,68301
610,97046	338,85599
611,95502	338,59698
612,93951	339,96622
613,92407	337,54944
614,90857	341,96304
615,89313	348,58029
616,87762	342,66855
617,86218	334,37109
618,84668	327,11505
619,83124	324,61664
620,81573	334,66046
621,80029	330,01865
622,78479	321,78586
623,76935	313,70187
624,75385	312,52432
625,7384	322,70749
626,7229	335,10797
627,70746	332,254
628,69196	328,57068
629,67651	320,5936
630,66101	310,79507
631,64557	307,38855
632,63013	310,84363
633,61462	318,38171
634,59918	315,07462
635,58368	305,33612
636,56824	298,99567
637,55273	305,36578
638,53729	304,27316
639,52179	296,05356
640,50635	294,95847
641,49084	302,16867
642,4754	311,08734
643,4599	309,58716
644,44446	287,22052
645,42896	284,94696
646,41351	285,12558
647,39801	286,68295
648,38257	291,9978
649,36707	280,96262
650,35162	281,18823
651,33612	285,71582
652,32068	289,77951
653,30518	293,94141
654,28973	298,64932
655,27429	281,45651
656,25879	293,98163
657,24335	299,17865
658,22784	304,71295
659,2124	308,63568
660,1969	298,59381
661,18146	305,25031
662,16595	296,35907
663,15051	302,44785
664,13501	306,5144
665,11957	303,67963
666,10406	313,71118
667,08862	307,8844
668,07312	312,70413
669,05768	306,48047
670,04218	304,56296
671,02673	313,3826
672,01123	311,17322
672,99579	316,18597
673,98029	297,29263
674,96484	299,20193
675,94934	308,76178
676,9339	305,07358
677,9184	291,69458
678,90295	310,84763
679,88751	308,87659
680,87201	303,28003
681,85657	305,47519
682,84106	311,75821
683,82562	294,72568
684,81012	302,90634
685,79468	308,68069
686,77917	311,09137
687,76373	314,14975
688,74823	316,29745
689,73279	299,54269
690,71729	295,37018
691,70184	308,56903
692,68634	312,18625
693,6709	308,72159
694,6554	308,44412
695,63995	305,67496
696,62445	317,29089
697,60901	307,88962
698,59351	300,50558
699,57806	307,58899
700,56256	322,88782
701,54712	313,21454
702,53162	309,88147
703,51617	310,99258
704,50073	318,90134
705,48523	319,96649
706,46979	308,65271
707,45428	311,35159
708,43884	313,58661
709,42334	308,22058
710,4079	306,84583
711,3924	305,91321
712,37695	302,13019
713,36145	305,09375
714,34601	301,77908
715,33051	312,9585
716,31506	317,89001
717,29956	312,4501
718,28412	303,2171
719,26862	302,51483
720,25317	308,39499
721,23767	301,20523
722,22223	308,95505
723,20673	316,30704
724,19128	310,13562
725,17578	301,21167
726,16034	296,51575
727,14484	317,39078
728,12939	318,35962
729,11395	310,6665
730,09845	306,79749
731,08301	304,56033
732,0675	315,47418
733,05206	318,30084
734,03656	317,62
735,02112	312,62488
736,00562	308,2247
736,99017	312,40909
737,97467	317,59253
738,95923	319,56085
739,94373	312,81006
740,92828	310,07455
741,91278	312,52808
742,89734	311,9808
743,88184	304,62982
744,86639	307,60757
745,85089	304,94522
746,83545	311,40189
747,81995	313,38571
748,8045	301,96194
749,789	316,36414
750,77356	326,33774
751,75812	325,61874
752,74261	319,17844
753,72717	320,25095
754,71167	329,59998
755,69623	326,42807
756,68073	328,43674
757,66528	322,92477
758,64978	327,44318
759,63434	334,56
760,61884	333,23032
761,60339	320,50064
762,58789	320,65604
763,57245	328,2988
764,55695	339,89731
765,5415	336,22592
766,526	329,22198
767,51056	339,36606
768,49506	336,74054
769,47961	328,60306
770,46411	333,53177
771,44867	333,97589
772,43317	331,14252
773,41772	332,06024
774,40222	336,28757
775,38678	347,40613
776,37134	344,62042
777,35583	346,50089
778,34039	345,24622
779,32489	338,03784
780,30945	335,81284
781,29395	350,88461
782,2785	350,65894
783,263	349,76212
784,24756	352,17645
785,23206	357,78149
786,21661	361,49747
787,20111	351,56137
788,18567	361,39432
789,17017	374,25156
790,15472	375,02322
791,13922	374,44998
792,12378	378,72455
793,10828	376,22253
794,09283	387,36841
795,07733	389,20804
796,06189	394,25256
797,04639	396,57581
798,03094	395,24872
799,01544	392,73441
800	380,78833
800,98456	389,70139
801,96906	409,28857
802,95361	410,62344
803,93811	407,68878
804,92267	419,17099
805,90717	437,10687
806,89172	423,41281
807,87622	442,14389
808,86078	456,71255
809,84528	458,43427
810,82983	465,46417
811,81433	491,80634
812,79889	484,16345
813,78339	477,57507
814,76794	486,99286
815,75244	499,41187
816,737	504,50165
817,7215	505,46649
818,70605	518,52887
819,69055	533,69562
820,67511	550,5224
821,65961	562,17365
822,64417	574,29803
823,62866	603,3363
824,61322	653,66217
825,59778	687,53345
826,58228	750,93884
827,56683	782,6308
828,55133	843,60461
829,53589	903,78949
830,52039	953,37573
831,50494	1023,8086
832,48944	1079,6163
833,474	1136,6898
834,4585	1198,1652
835,44305	1261,1029
836,42755	1350,1116
837,41211	1481,1141
838,39661	1632,5172
839,38116	1803,3646
840,36566	2004,5421
841,35022	2184,0774
842,33472	2360,6558
843,31927	2528,9348
844,30377	2663,916
845,28833	2761,8423
846,27283	2764,4233
847,25739	2712,2146
848,24188	2614,5789
849,22644	2456,1589
850,211	2273,8298
851,1955	2139,7769
852,18005	2024,9226
853,16455	1871,1146
854,14911	1771,625
855,13361	1721,7305
856,11816	1689,9896
857,10266	1677,41
858,08722	1724,8018
859,07172	1767,4229
860,05627	1781,3688
861,04077	1799,363
862,02533	1769,986
863,00983	1696,0895
863,99438	1609,7328
864,97888	1524,6538
865,96344	1401,7688
866,94794	1255,9612
867,9325	1123,6412
868,91699	1001,4246
869,90155	886,64587
870,88605	790,36761
871,87061	736,17816
872,85516	661,87909
873,83966	619,78345
874,82422	580,42688
875,80872	537,08087
876,79327	507,15808
877,77777	500,07043
878,76233	472,19308
879,74683	476,19675
880,73138	470,44238
881,71588	465,01413
882,70044	451,78995
883,68494	440,44287
884,66949	444,68527
885,65399	437,1402
886,63855	438,02338
887,62305	430,89597
888,6076	425,16104
889,5921	422,15628
890,57666	420,76566
891,56116	417,6647
892,54572	404,12411
893,53021	405,00806
894,51477	414,81915
895,49927	419,62427
896,48383	412,96457
897,46838	392,54266
898,45288	368,13553
899,43744	376,56671
900,42194	385,34314
901,40649	397,35599
902,39099	385,81174
903,37555	383,0293
904,36005	389,52225
905,3446	378,57892
906,3291	368,84464
907,31366	378,32404
908,29816	370,76483
909,28271	364,01004
910,26721	369,84528
911,25177	376,29501
912,23627	369,55902
913,22083	373,95279
914,20532	375,65652
915,18988	380,28687
916,17438	373,82544
917,15894	370,8483
918,14343	382,65747
919,12799	400,36011
920,11249	394,65198
921,09705	404,28018
922,0816	422,29523
923,0661	438,49161
924,05066	456,92316
925,03516	477,99069
926,01971	495,19803
927,00421	504,43497
927,98877	560,29889
928,97327	559,51794
929,95782	580,15332
930,94232	594,57532
931,92688	605,8847
932,91138	614,38556
933,89594	599,03253
934,88043	594,44604
935,86499	600,97968
936,84949	585,64459
937,83405	566,65363
938,81854	553,67816
939,8031	545,74286
940,7876	532,62482
941,77216	497,8718
942,75665	501,17343
943,74121	481,23886
944,72571	465,52725
945,71027	473,27502
946,69482	477,94638
947,67932	457,6059
948,66388	465,16681
949,64838	451,36743
950,63293	434,94086
951,61743	417,40341
952,60199	417,61105
953,58649	415,51678
954,57104	402,38199
955,55554	408,62561
956,5401	398,40469
957,5246	391,39261
958,50916	372,4982
959,49365	363,84143
960,47821	359,19943
961,46271	349,51987
962,44727	339,31317
963,43176	344,28934
964,41632	351,24405
965,40082	337,84235
966,38538	330,09625
967,36987	324,263
968,35443	315,98538
969,33899	311,98282
970,32349	323,55374
971,30804	314,73776
972,29254	306,91147
973,2771	307,42145
974,2616	315,17105
975,24615	311,26559
976,23065	300,34705
977,21521	301,83661
978,19971	287,04233
979,18427	293,71027
980,16876	297,86417
981,15332	295,64532
982,13782	297,76257
983,12238	296,69629
984,10687	288,12564
985,09143	289,21997
986,07593	290,80774
987,06049	303,48807
988,04498	296,84317
989,02954	300,07498
990,01404	298,31476
990,9986	292,0517
991,98309	296,89835
992,96765	296,0885
993,95221	280,62595
994,93671	287,92035
995,92126	297,44849
996,90576	287,40067
997,89032	287,80527
998,87482	299,65918
999,85938	284,9422
1000,8439	300,85641
1001,8284	285,35052
1002,8129	292,27106
1003,7975	300,33127
1004,782	297,36246
1005,7665	295,80386
1006,751	302,16275
1007,7356	298,25931
1008,7201	304,20749
1009,7047	307,22552
1010,6891	307,48621
1011,6737	302,85486
1012,6582	299,7272
1013,6428	300,28494
1014,6273	304,26511
1015,6118	313,60529
1016,5963	304,17273
1017,5809	307,92383
1018,5654	315,79868
1019,5499	313,03802
1020,5345	316,00247
1021,519	324,57053
1022,5035	323,91898
1023,488	322,99725
1024,4725	310,61169
1025,4572	330,14694
1026,4417	328,87744
1027,4261	329,93985
1028,4106	335,99161
1029,3953	341,92908
1030,3798	347,26633
1031,3643	352,0668
1032,3488	348,28369
1033,3334	351,24155
1034,3179	352,72461
1035,3024	360,29868
1036,2869	366,52859
1037,2715	370,84341
1038,256	379,45792
1039,2405	379,74738
1040,225	373,08752
1041,2096	370,97507
1042,1941	376,62122
1043,1786	376,76257
1044,1632	378,42517
1045,1477	391,82413
1046,1322	412,15198
1047,1167	417,82965
1048,1013	409,9747
1049,0858	426,74985
1050,0703	436,3241
1051,0548	450,12256
1052,0394	463,97137
1053,0239	488,97672
1054,0084	535,58087
1054,9929	571,11163
1055,9775	610,7666
1056,962	669,39551
1057,9465	754,56134
1058,931	826,41779
1059,9156	918,05737
1060,9001	1003,1677
1061,8846	1052,973
1062,8691	1141,0599
1063,8538	1169,3491
1064,8383	1177,8014
1065,8228	1147,4537
1066,8074	1139,7787
1067,7919	1112,0797
1068,7764	1046,5735
1069,7609	976,87561
1070,7455	936,67413
1071,73	892,97485
1072,7145	870,89929
1073,699	815,86487
1074,6836	767,1806
1075,6681	725,57446
1076,6526	690,02161
1077,6371	661,77429
1078,6217	636,48712
1079,6062	600,69415
1080,5907	571,97205
1081,5752	537,28491
1082,5598	521,29681
1083,5443	498,09326
1084,5288	483,97134
1085,5133	473,52603
1086,4979	451,80057
1087,4824	451,95847
1088,4669	454,63074
1089,4514	435,8028
1090,436	431,15375
1091,4205	421,89209
1092,405	421,20615
1093,3896	424,51541
1094,3741	419,82846
1095,3586	412,05884
1096,3431	411,94955
1097,3278	412,85953
1098,3123	428,86655
1099,2968	430,21201
1100,2813	427,35101
1101,2659	431,41153
1102,2504	439,37753
1103,2349	445,04953
1104,2194	457,52292
1105,204	479,95364
1106,1885	504,37521
1107,173	511,22067
1108,1575	518,65509
1109,1421	532,18829
1110,1266	557,84119
1111,1111	583,61792
1112,0956	590,50043
1113,0802	607,80341
1114,0647	631,71588
1115,0492	674,80121
1116,0338	688,34131
1117,0183	722,7525
1118,0028	772,69971
1118,9873	818,93042
1119,9719	861,3205
1120,9564	911,35156
1121,9409	956,29022
1122,9254	1046,6338
1123,91	1096,5562
1124,8945	1151,8752
1125,879	1197,1376
1126,8635	1234,3589
1127,8481	1257,6671
1128,8326	1261,317
1129,8171	1259,0782
1130,8016	1201,1078
1131,7863	1207,9222
1132,7708	1216,8444
1133,7552	1228,9178
1134,7397	1266,5095
1135,7244	1325,7042
1136,7089	1400,7672
1137,6934	1489,1835
1138,678	1579,4164
1139,6625	1724,193
1140,647	1846,8621
1141,6315	1875,6594
1142,6161	1957,6239
1143,6006	1988,9562
1144,5851	1978,7463
1145,5696	1974,3011
1146,5542	1947,6433
1147,5387	1848,6216
1148,5232	1773,9418
1149,5077	1643,0297
1150,4923	1525,2522
1151,4768	1418,0037
1152,4613	1284,1925
1153,4458	1154,1157
1154,4304	1055,9237
1155,4149	976,80396
1156,3994	901,10162
1157,3839	793,6236
1158,3685	737,39331
1159,353	665,58026
1160,3375	615,43939
1161,322	564,15894
1162,3066	518,44739
1163,2911	483,52014
1164,2756	458,12592
1165,2603	452,16565
1166,2448	426,27008
1167,2292	409,34607
1168,2137	393,52991
1169,1984	390,58594
1170,1829	387,26257
1171,1674	380,48849
1172,1519	375,11197
1173,1365	374,19836
1174,121	372,81616
1175,1055	361,3537
1176,09	365,71115
1177,0746	351,72391
1178,0591	345,36429
1179,0436	334,26453
1180,0281	323,24142
1181,0127	330,78409
1181,9972	344,29663
1182,9817	334,23221
1183,9662	329,95929
1184,9508	324,43878
1185,9353	336,61356
1186,9198	326,1196
1187,9044	333,15891
1188,8889	332,09692
1189,8734	330,67551
1190,8579	335,34961
1191,8425	336,46213
1192,827	336,29343
1193,8115	339,85208
1194,796	326,58267
1195,7806	330,66348
1196,7651	337,40417
1197,7496	338,32574
1198,7341	335,18854
1199,7188	332,41879
1200,7032	332,01212
1201,6877	336,33359
1202,6722	349,64059
1203,6569	349,09235
1204,6414	350,73096
1205,6259	362,0668
1206,6104	363,58603
1207,595	361,72928
1208,5795	361,35757
1209,564	362,41788
1210,5486	364,40042
1211,5331	369,01877
1212,5176	377,20581
1213,5021	379,92688
1214,4867	401,94089
1215,4712	404,32864
1216,4557	425,5769
1217,4402	437,99033
1218,4248	444,34369
1219,4093	462,30695
1220,3938	488,18701
1221,3783	508,67181
1222,3629	550,31134
1223,3474	593,67981
1224,3319	660,92065
1225,3164	745,81781
1226,301	865,62598
1227,2855	1006,9707
1228,27	1168,1561
1229,2545	1352,8171
1230,2391	1550,994
1231,2236	1730,3823
1232,2081	1842,9055
1233,1926	1952,4421
1234,1772	2002,5233
1235,1617	2012,9993
1236,1462	2056,1201
1237,1309	2033,4521
1238,1154	1961,4075
1239,0999	1863,4542
1240,0844	1740,981
1241,069	1642,5851
1242,0535	1517,4767
1243,038	1392,1569
1244,0225	1248,5507
1245,0071	1143,6364
1245,9916	1020,8812
1246,9761	911,67725
1247,9606	816,18933
1248,9452	742,94495
1249,9297	697,80927
1250,9142	651,16199
1251,8987	604,95502
1252,8833	574,94275
1253,8678	569,41022
1254,8523	526,02301
1255,8368	523,99573
1256,8214	524,83472
1257,8059	517,57343
1258,7904	511,08862
1259,775	519,23883
1260,7595	534,50391
1261,744	538,1264
1262,7285	561,61621
1263,7131	579,90411
1264,6976	618,96429
1265,6821	673,55829
1266,6666	738,49518
1267,6512	800,07806
1268,6357	900,47546
1269,6202	1030,7322
1270,6047	1177,8109
1271,5894	1348,0747
1272,5739	1569,1234
1273,5583	1807,5907
1274,5428	2061,187
1275,5275	2351,9216
1276,512	2632,1831
1277,4965	2876,2732
1278,481	3108,6277
1279,4656	3273,7649
1280,4501	3383,7178
1281,4346	3433,7991
1282,4191	3423,3896
1283,4037	3356,8367
1284,3882	3234,4119
1285,3727	3090,9143
1286,3573	2885,5725
1287,3418	2649,5217
1288,3263	2402,688
1289,3108	2190,1028
1290,2954	1982,1339
1291,2799	1782,4287
1292,2644	1600,6639
1293,2489	1413,6394
1294,2335	1262,3491
1295,218	1131,6191
1296,2025	1038,8624
1297,187	942,24042
1298,1716	863,6861
1299,1561	783,45081
1300,1406	731,44733
1301,1251	681,72693
1302,1097	633,68549
1303,0942	607,25861
1304,0787	570,93005
1305,0632	539,17413
1306,0479	511,61288
1307,0323	497,05933
1308,0168	484,20978
1309,0015	463,88583
1309,986	445,02289
1310,9705	428,35284
1311,955	411,20761
1312,9396	392,36749
1313,9241	382,41071
1314,9086	390,33505
1315,8931	350,12775
1316,8777	357,40631
1317,8622	354,25952
1318,8467	350,04526
1319,8312	331,75702
1320,8158	316,8472
1321,8003	315,16833
1322,7848	305,12485
1323,7693	292,19
1324,7539	304,41684
1325,7384	299,97754
1326,7229	305,16965
1327,7074	299,12067
1328,692	285,96133
1329,6765	293,34616
1330,661	295,62823
1331,6456	293,46054
1332,6301	288,21387
1333,6146	285,77725
1334,5991	285,78787
1335,5837	282,63141
1336,5682	288,89743
1337,5527	278,51434
1338,5372	284,00281
1339,5219	272,32559
1340,5063	291,27084
1341,4908	296,4054
1342,4753	291,01529
1343,46	287,05237
1344,4445	291,89331
1345,429	300,99582
1346,4135	305,02731
1347,3981	309,13031
1348,3826	308,12607
1349,3671	309,75919
1350,3516	304,19647
1351,3362	317,17725
1352,3207	321,28845
1353,3052	328,21478
1354,2897	331,58511
1355,2743	336,88031
1356,2588	347,65753
1357,2433	363,85913
1358,2279	396,08041
1359,2124	406,20566
1360,1969	439,27658
1361,1814	446,45493
1362,166	444,7023
1363,1505	438,71027
1364,135	429,91437
1365,1195	429,77667
1366,1041	410,41782
1367,0886	382,70639
1368,0731	377,80194
1369,0576	379,75693
1370,0422	378,18777
1371,0267	359,27124
1372,0112	371,18607
1372,9957	355,9407
1373,9803	351,80426
1374,9648	352,73148
1375,9493	351,14212
1376,9338	351,83707
1377,9185	348,11194
1378,903	337,77859
1379,8875	335,03619
1380,8721	344,09601
1381,8566	342,70224
1382,8411	336,65878
1383,8256	348,59253
1384,8102	359,87408
1385,7947	378,07278
1386,7792	384,24045
1387,7637	405,95505
1388,7483	443,83249
1389,7328	494,66953
1390,7173	565,92407
1391,7018	645,57104
1392,6864	711,96228
1393,6709	808,66583
1394,6554	889,61633
1395,6399	895,91772
1396,6245	897,60712
1397,609	871,75439
1398,5935	834,59772
1399,578	793,89508
1400,5626	717,91833
1401,5471	632,39606
1402,5316	581,20605
1403,5162	547,65515
1404,5007	492,77017
1405,4852	443,06967
1406,4697	421,37985
1407,4543	412,67276
1408,4388	394,9277
1409,4233	393,34103
1410,4078	376,19403
1411,3925	373,85107
1412,377	376,95416
1413,3615	379,38419
1414,3459	381,57843
1415,3306	388,97101
1416,3151	401,33231
1417,2996	392,43982
1418,2841	383,54071
1419,2687	364,05515
1420,2532	374,66556
1421,2377	364,17868
1422,2222	374,66855
1423,2068	361,78192
1424,1913	371,47458
1425,1758	384,78983
1426,1603	389,35281
1427,1449	394,57889
1428,1294	398,46356
1429,1139	404,16736
1430,0985	425,48505
1431,083	438,31018
1432,0675	452,93112
1433,052	475,03613
1434,0366	472,09164
1435,0211	515,13538
1436,0056	546,91138
1436,9901	576,80267
1437,9747	605,81482
1438,9592	642,24438
1439,9437	690,03693
1440,9282	738,6142
1441,9128	783,19434
1442,8973	817,48938
1443,8818	878,21381
1444,8663	891,93646
1445,851	939,58276
1446,8354	991,21973
1447,8199	993,37158
1448,8044	1006,5105
1449,7891	999,1272
1450,7736	980,11597
1451,7581	954,23285
1452,7427	930,97278
1453,7272	917,7901
1454,7117	892,2984
1455,6962	862,8222
1456,6808	845,36273
1457,6653	820,9115
1458,6498	828,39551
1459,6343	909,31433
1460,6189	893,88721
1461,6034	972,16046
1462,5879	1089,5635
1463,5724	1209,8647
1464,557	1354,0848
1465,5415	1540,2637
1466,526	1757,1141
1467,5105	1976,3849
1468,4951	2170,1401
1469,4796	2328,4995
1470,4641	2480,3579
1471,4486	2592,8347
1472,4332	2684,4736
1473,4177	2846,6343
1474,4022	3040,6343
1475,3867	3220,124
1476,3713	3368,7766
1477,3558	3517,5217
1478,3403	3703,97
1479,325	3844,7336
1480,3094	3926,2512
1481,2939	4012,46
1482,2784	4001,8853
1483,2631	3977,7373
1484,2476	4054,1558
1485,2321	4021,7837
1486,2166	3913,958
1487,2012	3618,8752
1488,1857	3372,0359
1489,1702	2991,2969
1490,1547	2693,1406
1491,1393	2373,5527
1492,1238	2033,0472
1493,1083	1721,0226
1494,0928	1443,5936
1495,0774	1229,4581
1496,0619	1068,9982
1497,0464	911,25806
1498,0309	802,77167
1499,0155	719,9231
1500	656,6203
1500,9845	589,99548
1501,9691	546,25537
1502,9536	506,07217
1503,9381	484,38477
1504,9226	444,81741
1505,9072	434,16721
1506,8917	427,17096
1507,8762	404,61194
1508,8607	392,67096
1509,8453	388,22305
1510,8298	380,21222
1511,8143	360,14331
1512,7988	376,48993
1513,7834	353,681
1514,7679	332,56573
1515,7524	331,22089
1516,7369	332,25763
1517,7216	331,43979
1518,7061	331,16608
1519,6906	327,93274
1520,675	322,9299
1521,6597	320,70737
1522,6442	312,43396
1523,6287	299,29953
1524,6133	299,01657
1525,5978	307,89273
1526,5823	310,61096
1527,5668	308,2381
1528,5514	309,46747
1529,5359	297,37234
1530,5204	284,35641
1531,5049	287,39691
1532,4895	286,13724
1533,474	281,70651
1534,4585	288,29126
1535,443	290,423
1536,4276	282,32648
1537,4121	283,5416
1538,3966	289,05554
1539,3811	288,948
1540,3657	289,30655
1541,3502	275,28375
1542,3347	273,85181
1543,3192	279,1442
1544,3038	281,17706
1545,2883	285,20041
1546,2728	284,03827
1547,2573	264,54471
1548,2419	273,35077
1549,2264	287,55475
1550,2109	268,7041
1551,1956	270,43414
1552,1801	282,62753
1553,1646	275,02957
1554,149	270,32532
1555,1337	283,18695
1556,1182	283,88348
1557,1027	270,37097
1558,0872	272,55853
1559,0718	276,48312
1560,0563	279,02353
1561,0408	274,38675
1562,0253	268,62057
1563,0099	263,42975
1563,9944	274,28729
1564,9789	268,85934
1565,9634	262,31082
1566,948	265,86267
1567,9325	265,01505
1568,917	262,78992
1569,9015	264,97372
1570,8861	262,03659
1571,8706	258,04431
1572,8551	257,94766
1573,8397	250,71115
1574,8242	266,05228
1575,8087	259,12637
1576,7932	268,72647
1577,7778	270,82721
1578,7623	267,84674
1579,7468	261,47363
1580,7313	270,97171
1581,7159	268,19879
1582,7004	257,34634
1583,6849	266,50031
1584,6694	264,93555
1585,6541	264,13559
1586,6385	265,76053
1587,623	263,10654
1588,6075	260,86856
1589,5922	259,23785
1590,5767	258,69357
1591,5612	256,16852
1592,5457	248,14221
1593,5303	265,13403
1594,5148	259,93747
1595,4993	253,14668
1596,4838	252,27185
1597,4684	256,38535
1598,4529	246,32394
1599,4374	262,42645
1600,422	253,29132
1601,4065	251,6093
1602,391	262,76352
1603,3755	260,89478
1604,3601	248,16301
1605,3446	247,70779
1606,3291	251,70598
1607,3136	250,16733
1608,2982	258,84894
1609,2827	264,27423
1610,2672	252,14395
1611,2517	246,96896
1612,2363	255,15669
1613,2208	271,37854
1614,2053	263,86407
1615,1898	254,68819
1616,1744	246,37527
1617,1589	236,08215
1618,1434	247,09717
1619,1279	250,6207
1620,1125	252,06126
1621,097	252,63028
1622,0815	249,83427
1623,0662	246,84218
1624,0507	248,6456
1625,0352	250,07066
1626,0197	256,02054
1627,0043	263,95145
1627,9888	256,39948
1628,9733	259,25784
1629,9578	246,18417
1630,9424	246,30096
1631,9269	253,59236
1632,9114	256,79996
1633,8959	262,5762
1634,8805	262,75726
1635,865	257,52658
1636,8495	264,41339
1637,834	262,22665
1638,8186	260,21216
1639,8031	254,53383
1640,7876	263,5864
1641,7721	266,94006
1642,7567	264,87827
1643,7412	265,78693
1644,7257	257,27255
1645,7103	250,09866
1646,6948	257,24393
1647,6793	261,98383
1648,6638	267,01816
1649,6484	261,42114
1650,6329	271,39658
1651,6174	267,74106
1652,6019	258,24112
1653,5865	251,17035
1654,571	260,97635
1655,5555	259,18597
1656,54	263,73566
1657,5247	269,44199
1658,5092	253,58128
1659,4937	259,83865
1660,4781	263,54269
1661,4628	267,49896
1662,4473	263,04797
1663,4318	268,17084
1664,4163	267,13303
1665,4009	265,24127
1666,3854	271,37527
1667,3699	274,14697
1668,3544	276,49344
1669,339	274,31561
1670,3235	273,59756
1671,308	270,34439
1672,2926	268,62537
1673,2771	269,48312
1674,2616	263,40448
1675,2461	274,05112
1676,2307	264,5571
1677,2152	281,99643
1678,1997	278,32278
1679,1842	268,39551
1680,1688	263,72089
1681,1533	275,2908
1682,1378	264,06384
1683,1223	273,5607
1684,1069	278,84024
1685,0914	268,25504
1686,0759	274,89105
1687,0604	280,79388
1688,045	278,35513
1689,0295	276,07083
1690,014	276,87854
1690,9985	278,45319
1691,9832	272,75623
1692,9677	276,61328
1693,9521	271,56345
1694,9368	271,59726
1695,9213	257,83087
1696,9058	266,94333
1697,8903	263,72366
1698,8749	268,10638
1699,8594	262,55026
1700,8439	285,48328
1701,8284	267,64984
1702,813	262,87665
1703,7975	264,39172
1704,782	269,28922
1705,7665	266,91922
1706,7511	258,63406
1707,7356	263,48676
1708,7201	261,12848
1709,7046	256,18069
1710,6892	257,00781
1711,6737	263,14804
1712,6582	256,11993
1713,6427	247,08711
1714,6273	247,59737
1715,6118	243,72569
1716,5963	240,30951
1717,5809	238,09537
1718,5654	236,24025
1719,5499	232,65446
1720,5344	228,82938
1721,519	240,47108
1722,5035	237,60966
1723,488	236,69727
1724,4725	243,64597
1725,4572	237,86829
1726,4417	238,90268
1727,4261	257,28271
1728,4106	248,41505
1729,3953	248,45737
1730,3798	242,73521
1731,3643	239,12067
1732,3488	249,42976
1733,3334	258,72998
1734,3179	267,27808
1735,3024	263,66858
1736,2869	263,32373
1737,2715	262,38315
1738,256	254,77051
1739,2405	249,51416
1740,225	257,63147
1741,2096	263,7424
1742,1941	260,44162
1743,1786	258,79895
1744,1632	259,28336
1745,1477	260,755
1746,1322	259,08273
1747,1167	264,78458
1748,1013	254,88718
1749,0858	256,66153
1750,0703	281,44141
1751,0548	266,99948
1752,0394	250,8448
1753,0239	256,29913
1754,0084	256,96036
1754,9929	265,42361
1755,9775	265,49466
1756,962	266,3154
1757,9465	246,26125
1758,931	261,99927
1759,9156	259,5856
1760,9001	267,08829
1761,8846	260,82227
1762,8691	275,72351
1763,8538	269,34506
1764,8383	276,36838
1765,8228	272,9996
1766,8074	265,99063
1767,7919	258,70181
1768,7764	263,24255
1769,7609	271,39072
1770,7455	266,92841
1771,73	260,31094
1772,7145	260,98984
1773,699	261,36975
1774,6836	265,25714
1775,6681	263,37289
1776,6526	256,93616
1777,6371	271,51062
1778,6217	264,70032
1779,6062	269,21921
1780,5907	276,0773
1781,5752	276,32166
1782,5598	262,05746
1783,5443	262,46451
1784,5288	268,54013
1785,5133	272,47711
1786,4979	262,04572
1787,4824	257,41953
1788,4669	270,18832
1789,4514	275,12497
1790,436	257,32727
1791,4205	270,76926
1792,405	263,64124
1793,3896	265,44785
1794,3741	273,99646
1795,3586	256,86148
1796,3431	273,41275
1797,3278	252,17264
1798,3123	272,65381
1799,2968	278,54678
1800,2813	273,2572
1801,2659	274,30908
1802,2504	271,63599
1803,2349	265,85406
1804,2194	272,3927
1805,204	279,73718
1806,1885	278,16104
1807,173	275,84995
1808,1575	273,21185
1809,1421	267,62933
1810,1266	273,18185
1811,1111	274,47559
1812,0956	273,48926
1813,0802	282,71292
1814,0647	275,01688
1815,0492	272,90765
1816,0338	276,23575
1817,0183	275,62381
1818,0028	273,10272
1818,9873	265,50406
1819,9719	271,37622
1820,9564	277,11923
1821,9409	270,85541
1822,9254	271,84723
1823,91	275,95361
1824,8945	277,67163
1825,879	264,65814
1826,8635	273,50986
1827,8481	265,39352
1828,8326	287,77887
1829,8171	278,57217
1830,8016	265,90961
1831,7863	280,45215
1832,7708	271,26529
1833,7552	276,83856
1834,7397	272,07956
1835,7244	263,96118
1836,7089	258,64911
1837,6934	272,40585
1838,678	265,2193
1839,6625	271,97189
1840,647	270,32126
1841,6315	265,30594
1842,6161	266,21686
1843,6006	257,46771
1844,5851	257,66653
1845,5696	268,37701
1846,5542	262,78476
1847,5387	260,17798
1848,5232	258,9986
1849,5077	260,07999
1850,4923	261,1051
1851,4768	257,90955
1852,4613	260,40079
1853,4458	259,31122
1854,4304	259,78275
1855,4149	264,83221
1856,3994	262,95618
1857,3839	263,14163
1858,3685	263,00406
1859,353	267,71158
1860,3375	272,1185
1861,322	262,10944
1862,3066	253,96458
1863,2911	254,05762
1864,2756	254,70453
1865,2603	251,55069
1866,2448	248,88791
1867,2292	252,07605
1868,2137	263,71902
1869,1984	261,53171
1870,1829	258,13791
1871,1674	266,30899
1872,1519	266,54535
1873,1365	282,06329
1874,121	269,54391
1875,1055	261,4982
1876,09	271,49216
1877,0746	262,4949
1878,0591	261,9809
1879,0436	243,63803
1880,0281	261,46634
1881,0127	261,6705
1881,9972	259,0726
1882,9817	263,17761
1883,9662	250,27629
1884,9508	249,62376
1885,9353	263,38739
1886,9198	262,63168
1887,9044	257,99399
1888,8889	257,7128
1889,8734	257,09705
1890,8579	271,09589
1891,8425	254,06982
1892,827	269,54657
1893,8115	274,05292
1894,796	267,60223
1895,7806	273,13702
1896,7651	273,6506
1897,7496	271,98904
1898,7341	269,41306
1899,7188	265,25308
1900,7032	264,21973
1901,6877	274,0108
1902,6722	267,3584
1903,6569	261,37592
1904,6414	266,71872
1905,6259	267,10193
1906,6104	271,84576
1907,595	271,35486
1908,5795	275,01694
1909,564	280,82794
1910,5486	277,99527
1911,5331	267,19724
1912,5176	265,10995
1913,5021	269,96039
1914,4867	261,56073
1915,4712	266,42584
1916,4557	261,29245
1917,4402	280,92838
1918,4248	258,50174
1919,4093	248,87267
1920,3938	265,62137
1921,3783	268,2077
1922,3629	268,16995
1923,3474	269,91104
1924,3319	277,16989
1925,3164	266,46579
1926,301	279,06174
1927,2855	286,24863
1928,27	268,85333
1929,2545	267,23651
1930,2391	280,4584
1931,2236	268,78058
1932,2081	271,71228
1933,1926	280,44519
1934,1772	278,28574
1935,1617	277,20432
1936,1462	283,87106
1937,1309	275,84409
1938,1154	270,02609
1939,0999	280,64838
1940,0844	285,71414
1941,069	277,26755
1942,0535	281,87549
1943,038	281,68448
1944,0225	275,77347
1945,0071	283,71277
1945,9916	285,95453
1946,9761	284,82828
1947,9606	273,814
1948,9452	273,46127
1949,9297	281,66772
1950,9142	286,25375
1951,8987	281,88992
1952,8833	284,17212
1953,8678	285,61157
1954,8523	280,84409
1955,8368	274,25125
1956,8214	276,27905
1957,8059	275,62979
1958,7904	283,93842
1959,775	285,93079
1960,7595	287,40082
1961,744	274,77383
1962,7285	275,52701
1963,7131	280,84384
1964,6976	283,95645
1965,6821	286,72284
1966,6666	292,20184
1967,6512	288,87451
1968,6357	287,14975
1969,6202	291,71249
1970,6047	285,87646
1971,5894	277,0705
1972,5739	274,46747
1973,5583	279,43503
1974,5428	284,18704
1975,5275	280,53339
1976,512	277,00098
1977,4965	274,16678
1978,481	268,5528
1979,4656	264,89951
1980,4501	276,23199
1981,4346	281,01505
1982,4191	282,29675
1983,4037	281,29831
1984,3882	290,34891
1985,3727	279,5881
1986,3573	283,88913
1987,3418	286,41953
1988,3263	290,25803
1989,3108	291,08139
1990,2954	278,19547
1991,2799	273,26318
1992,2644	280,55243
1993,2489	279,92557
1994,2335	285,66745
1995,218	277,43619
1996,2025	279,70807
1997,187	277,26062
1998,1716	274,25629
1999,1561	288,97986
2000,1406	280,15298
2001,1251	290,94345
2002,1097	284,87726
2003,0942	289,69235
2004,0787	285,64059
2005,0632	279,43909
2006,0479	279,93137
2007,0323	280,20706
2008,0168	278,79547
2009,0015	287,39279
2009,986	284,9617
2010,9705	276,01776
2011,955	281,47751
2012,9396	281,11942
2013,9241	277,83826
2014,9086	279,81412
2015,8931	289,02255
2016,8777	278,13318
2017,8622	280,20694
2018,8467	280,08041
2019,8312	275,52786
2020,8158	270,26151
2021,8003	289,9505
2022,7848	282,13962
2023,7693	294,88852
2024,7539	288,2077
2025,7384	289,89487
2026,7229	278,08008
2027,7074	291,72778
2028,692	265,9859
2029,6765	278,60767
2030,661	258,45026
2031,6456	275,76498
2032,6301	287,5267
2033,6146	276,17456
2034,5991	270,58768
2035,5837	281,5773
2036,5682	281,76114
2037,5527	294,41614
2038,5372	290,3324
2039,5219	285,80496
2040,5063	284,00613
2041,4908	281,92706
2042,4753	296,84882
2043,46	284,71786
2044,4445	296,36111
2045,429	285,88403
2046,4135	286,99835
2047,3981	282,68796
2048,3826	284,52136
2049,3672	297,21603
2050,3516	297,40561
2051,3362	289,952
2052,3206	273,53387
2053,3052	282,33282
2054,2898	284,48929
2055,2742	288,59525
2056,2588	281,38654
2057,2434	283,38831
2058,2278	294,24609
2059,2124	293,60443
2060,197	281,55255
2061,1814	280,4447
2062,166	283,44791
2063,1504	289,70129
2064,135	283,67615
2065,1196	290,60208
2066,104	295,70886
2067,0886	296,98969
2068,0732	297,51556
2069,0576	299,65616
2070,0422	303,5744
2071,0266	299,70255
2072,0112	299,33472
2072,9958	302,10989
2073,9802	300,15579
2074,9648	305,62534
2075,9495	297,1814
2076,9338	290,19821
2077,9185	292,4277
2078,9028	296,66513
2079,8875	293,20831
2080,8721	295,38718
2081,8564	300,84924
2082,8411	293,84766
2083,8257	293,59116
2084,8101	286,21066
2085,7947	295,80139
2086,7793	295,62427
2087,7637	292,31787
2088,7483	277,49982
2089,7327	284,11169
2090,7173	278,66379
2091,7019	288,34628
2092,6863	272,67004
2093,6709	294,41846
2094,6555	294,90787
2095,6399	298,68869
2096,6245	297,11411
2097,6089	294,84293
2098,5935	294,11743
2099,5781	302,80719
2100,5625	288,4505
2101,5471	286,04462
2102,5317	291,63446
2103,5161	299,41159
2104,5007	298,73428
2105,4854	296,10733
2106,4697	293,93536
2107,4543	292,17441
2108,4387	293,11401
2109,4233	289,83966
2110,408	291,84857
2111,3923	291,76578
2112,377	294,49411
2113,3616	289,84708
2114,3459	293,01483
2115,3306	299,00607
2116,3149	299,68353
2117,2996	298,0174
2118,2842	295,89136
2119,2686	286,7717
2120,2532	293,64374
2121,2378	295,99847
2122,2222	305,6423
2123,2068	307,73425
2124,1912	291,30457
2125,1758	295,98782
2126,1604	301,19562
2127,1448	293,9718
2128,1294	310,64462
2129,114	311,34485
2130,0984	306,24722
2131,083	301,85938
2132,0676	317,14771
2133,052	314,75558
2134,0366	305,75104
2135,021	303,82996
2136,0056	308,01453
2136,9902	296,53879
2137,9746	311,8475
2138,9592	311,62216
2139,9438	310,37985
2140,9282	312,26959
2141,9128	309,36392
2142,8972	300,84476
2143,8818	306,08185
2144,8665	313,82825
2145,8508	315,03397
2146,8354	301,38998
2147,8201	304,9184
2148,8044	316,7464
2149,7891	305,47586
2150,7734	299,73364
2151,7581	301,57071
2152,7427	302,35602
2153,7271	298,77264
2154,7117	298,83633
2155,6963	301,19125
2156,6807	302,0047
2157,6653	308,23795
2158,6499	302,2215
2159,6343	299,41028
2160,6189	297,8688
2161,6033	303,58685
2162,5879	300,09882
2163,5725	299,85919
2164,5569	307,24762
2165,5415	310,20044
2166,5261	310,11685
2167,5105	302,59113
2168,4951	298,19162
2169,4795	299,91928
2170,4641	296,08829
2171,4487	296,78342
2172,4331	303,69894
2173,4177	303,7594
2174,4023	302,745
2175,3867	305,99237
2176,3713	303,87335
2177,356	301,55435
2178,3403	304,55817
2179,325	306,51855
2180,3093	315,07751
2181,2939	315,05753
2182,2786	306,87054
2183,2629	313,74307
2184,2476	325,20178
2185,2322	309,8812
2186,2166	297,05215
2187,2012	317,1413
2188,1855	319,29666
2189,1702	322,4071
2190,1548	318,02689
2191,1392	318,23419
2192,1238	323,92783
2193,1084	322,70981
2194,0928	318,01367
2195,0774	322,07538
2196,0618	315,18942
2197,0464	335,51868
2198,031	317,09781
2199,0154	319,55573
2200	322,59375
2200,9846	311,43832
2201,969	319,5112
2202,9536	309,97034
2203,9382	311,01645
2204,9226	313,04602
2205,9072	315,44028
2206,8916	319,80289
2207,8762	314,60831
2208,8608	317,03433
2209,8452	311,29379
2210,8298	321,27768
2211,8145	321,36392
2212,7988	321,27283
2213,7834	317,06628
2214,7678	309,00446
2215,7524	312,63104
2216,7371	318,58978
2217,7214	307,87891
2218,7061	313,57077
2219,6907	313,95245
2220,675	307,44635
2221,6597	299,82599
2222,644	317,04361
2223,6287	317,51669
2224,6133	321,25693
2225,5977	311,6218
2226,5823	312,18976
2227,5669	306,79745
2228,5513	317,30597
2229,5359	321,74249
2230,5205	312,83069
2231,5049	311,33453
2232,4895	315,83142
2233,4739	316,26965
2234,4585	314,0202
2235,4431	324,15607
2236,4275	319,73788
2237,4121	333,76718
2238,3967	337,46652
2239,3811	323,04657
2240,3657	324,27182
2241,3501	310,88312
2242,3347	297,52356
2243,3193	319,45218
2244,3037	322,5415
2245,2883	327,86026
2246,2729	328,05948
2247,2573	316,38974
2248,2419	316,77463
2249,2266	318,12415
2250,2109	313,64883
2251,1956	314,10193
2252,1799	311,69977
2253,1646	315,20438
2254,1492	321,67343
2255,1335	315,53812
2256,1182	309,0889
2257,1028	318,43069
2258,0872	326,53577
2259,0718	319,10492
2260,0562	316,50278
2261,0408	323,26779
2262,0254	325,17719
2263,0098	328,78357
2263,9944	330,48511
2264,979	324,04874
2265,9634	330,668
2266,948	332,0126
2267,9324	324,93512
2268,917	323,32678
2269,9016	326,823
2270,886	333,65262
2271,8706	328,4859
2272,8552	332,14905
2273,8396	344,82904
2274,8242	348,633
2275,8088	342,06488
2276,7932	353,59116
2277,7778	349,06006
2278,7622	336,67877
2279,7468	358,27536
2280,7314	337,14398
2281,7158	341,64417
2282,7004	347,79327
2283,6851	348,81036
2284,6694	358,81592
2285,6541	353,37427
2286,6384	349,96512
2287,623	349,36893
2288,6077	345,32953
2289,592	350,68793
2290,5767	356,19104
2291,5613	360,99625
2292,5457	350,30551
2293,5303	342,48196
2294,5146	346,28439
2295,4993	343,59039
2296,4839	350,17346
2297,4683	355,02222
2298,4529	338,6561
2299,4375	327,68967
2300,4219	347,07547
2301,4065	349,43616
2302,3911	351,09537
2303,3755	348,8764
2304,3601	345,63867
2305,3445	345,59482
2306,3291	335,85013
2307,3137	334,2207
2308,2981	344,73425
2309,2827	332,17395
2310,2673	341,07889
2311,2517	346,92929
2312,2363	340,47794
2313,2207	339,79376
2314,2053	343,21799
2315,1899	325,04965
2316,1743	341,61478
2317,1589	337,90247
2318,1436	342,07617
2319,1279	334,84366
2320,1125	352,21442
2321,0972	338,25537
2322,0815	358,00351
2323,0662	342,22336
2324,0505	340,43524
2325,0352	353,43732
2326,0198	343,28134
2327,0042	341,29016
2327,9888	345,47861
2328,9734	347,44577
2329,9578	350,87054
2330,9424	343,94553
2331,9268	336,34177
2332,9114	339,26746
2333,896	338,5274
2334,8804	318,69562
2335,865	347,11505
2336,8496	332,28598
2337,834	340,94977
2338,8186	320,65128
2339,803	333,25839
2340,7876	351,72855
2341,7722	337,71954
2342,7566	337,81921
2343,7412	342,86469
2344,7258	328,65695
2345,7102	333,75513
2346,6948	347,80661
2347,6794	335,74268
2348,6638	332,40469
2349,6484	343,98703
2350,6328	342,7421
2351,6174	340,77124
2352,6021	333,87189
2353,5864	350,22678
2354,571	358,96927
2355,5557	347,99588
2356,54	339,29956
2357,5247	335,16049
2358,509	338,07758
2359,4937	343,31274
2360,4783	350,88583
2361,4626	338,59689
2362,4473	342,03027
2363,4319	349,88281
2364,4163	348,39777
2365,4009	345,71088
2366,3853	344,83661
2367,3699	345,15259
2368,3545	341,6478
2369,3389	318,35788
2370,3235	334,60925
2371,3081	357,09866
2372,2925	337,28937
2373,2771	353,02008
2374,2617	336,77026
2375,2461	355,83994
2376,2307	353,2999
2377,2151	347,2988
2378,1997	348,34003
2379,1843	350,06818
2380,1687	352,24191
2381,1533	350,76492
2382,1379	361,41406
2383,1223	351,21518
2384,1069	360,27139
2385,0913	357,57523
2386,0759	359,61252
2387,0605	368,66962
2388,0449	356,08572
2389,0295	357,51801
2390,0142	362,12436
2390,9985	368,9877
2391,9832	365,30637
2392,9675	366,3645
2393,9521	364,7179
2394,9368	359,48923
2395,9211	365,72989
2396,9058	375,60278
2397,8904	369,79858
2398,8748	367,00842
2399,8594	380,48306
2400,844	384,64374
2401,8284	361,50159
2402,813	379,49115
2403,7974	378,38916
2404,782	396,75809
2405,7666	375,66571
2406,751	377,4852
2407,7356	377,01178
2408,7202	392,41409
2409,7046	387,1864
2410,6892	377,0264
2411,6736	369,10654
2412,6582	376,42368
2413,6428	370,88251
2414,6272	364,93546
2415,6118	363,91907
2416,5964	373,10266
2417,5808	366,26514
2418,5654	390,18704
2419,55	374,49884
2420,5344	367,15359
2421,519	356,60916
2422,5034	367,64233
2423,488	369,45163
2424,4727	372,76105
2425,457	380,73581
2426,4417	379,07083
2427,4263	370,95581
2428,4106	364,5282
2429,3953	380,11337
2430,3796	380,57043
2431,3643	375,80624
2432,3489	368,49438
2433,3333	382,30783
2434,3179	365,94156
2435,3025	361,93808
2436,2869	359,40503
2437,2715	372,5943
2438,2559	375,35132
2439,2405	360,99631
2440,2251	362,07159
2441,2095	367,18829
2442,1941	373,07623
2443,1787	368,52087
2444,1631	373,95059
2445,1477	377,40869
2446,1323	369,74933
2447,1167	378,71188
2448,1013	360,44992
2449,0857	362,45148
2450,0703	378,50739
2451,0549	382,84952
2452,0393	368,51865
2453,0239	366,06223
2454,0085	371,93265
2454,9929	372,76031
2455,9775	386,50662
2456,9619	378,0155
2457,9465	382,59351
2458,9312	382,55719
2459,9155	383,82758
2460,9001	387,67392
2461,8848	393,38199
2462,8691	402,26068
2463,8538	395,18997
2464,8381	411,17197
2465,8228	414,73215
2466,8074	402,25662
2467,7917	404,7702
2468,7764	411,2778
2469,761	405,48065
2470,7454	412,60233
2471,73	398,93192
2472,7146	402,44131
2473,699	409,25842
2474,6836	406,68341
2475,668	396,70673
2476,6526	393,81998
2477,6372	389,19913
2478,6216	377,52405
2479,6062	399,27286
2480,5908	394,30853
2481,5752	384,5817
2482,5598	370,21088
2483,5442	387,02191
2484,5288	381,94308
2485,5134	393,49344
2486,4978	398,91019
2487,4824	395,02939
2488,467	385,93716
2489,4514	385,33325
2490,436	394,80896
2491,4207	378,50168
2492,405	390,32678
2493,3896	390,51999
2494,374	406,4592
2495,3586	402,62915
2496,3433	398,55344
2497,3276	396,89771
2498,3123	402,36929
2499,2969	409,42795
2500,2813	407,03421
2501,2659	408,12952
2502,2502	408,81223
2503,2349	414,44556
2504,2195	423,44504
2505,2039	421,62076
2506,1885	432,04434
2507,1731	432,88559
2508,1575	436,87534
2509,1421	432,75302
2510,1265	448,54037
2511,1111	443,43335
2512,0957	455,85797
2513,0801	447,96924
2514,0647	445,34174
2515,0493	461,57385
2516,0337	468,96954
2517,0183	465,8858
2518,0029	436,14645
2518,9873	452,62103
2519,9719	441,24551
2520,9563	455,35391
2521,9409	448,3107
2522,9255	451,36792
2523,9099	440,45715
2524,8945	452,37656
2525,8792	442,20654
2526,8635	445,27603
2527,8481	444,48361
2528,8325	444,46585
2529,8171	449,82889
2530,8018	450,30096
2531,7861	453,57019
2532,7708	444,25058
2533,7554	457,66934
2534,7397	443,34702
2535,7244	436,91296
2536,7087	437,15805
2537,6934	447,7019
2538,678	453,5025
2539,6624	452,8154
2540,647	448,20297
2541,6316	459,85764
2542,616	460,9101
2543,6006	477,93225
2544,5852	477,15399
2545,5696	464,75156
2546,5542	462,94867
2547,5386	473,92368
2548,5232	486,6131
2549,5078	463,26913
2550,4922	469,26013
2551,4768	490,22638
2552,4614	489,4238
2553,4458	503,8389
2554,4304	512,58716
2555,4148	490,61072
2556,3994	494,53763
2557,384	509,52145
2558,3684	506,79663
2559,353	527,63684
2560,3376	524,37
2561,322	528,08746
2562,3066	530,22955
2563,2913	512,25012
2564,2756	537,01355
2565,2603	542,20319
2566,2446	540,84467
2567,2292	548,61731
2568,2139	546,51434
2569,1982	548,4975
2570,1829	548,9422
2571,1675	533,47583
2572,1519	541,53491
2573,1365	556,21509
2574,1208	537,04852
2575,1055	549,74207
2576,0901	543,2829
2577,0745	540,81189
2578,0591	535,17181
2579,0437	532,93213
2580,0281	524,57935
2581,0127	522,14886
2581,9971	501,7807
2582,9817	503,46771
2583,9663	503,11957
2584,9507	476,30048
2585,9353	478,52319
2586,9199	482,69931
2587,9043	487,47879
2588,8889	482,37195
2589,8735	466,18741
2590,8579	473,89249
2591,8425	474,8364
2592,8269	475,9895
2593,8115	471,90344
2594,7961	468,84857
2595,7805	461,45477
2596,7651	470,34827
2597,7498	465,73154
2598,7341	466,51608
2599,7188	450,27118
2600,7031	465,14801
2601,6877	462,7218
2602,6724	455,31601
2603,6567	459,94711
2604,6414	449,543
2605,626	439,26746
2606,6104	450,69531
2607,595	453,29825
2608,5793	446,23544
2609,564	448,88303
2610,5486	451,53772
2611,533	442,17722
2612,5176	444,61346
2613,5022	450,74323
2614,4866	438,86197
2615,4712	437,33121
2616,4558	445,96988
2617,4402	436,87497
2618,4248	421,27997
2619,4092	425,3894
2620,3938	421,27039
2621,3784	437,64203
2622,3628	417,59891
2623,3474	428,94016
2624,332	427,58307
2625,3164	439,90198
2626,301	422,63156
2627,2854	427,5679
2628,27	445,95416
2629,2546	444,76654
2630,239	434,35593
2631,2236	421,26837
2632,2083	441,88031
2633,1926	418,42313
2634,1772	413,81253
2635,1619	406,08508
2636,1462	392,17294
2637,1309	377,66068
2638,1152	367,20297
2639,0999	382,68396
2640,0845	361,86404
2641,0688	368,3989
2642,0535	360,68475
2643,0381	357,70944
2644,0225	359,68213
2645,0071	342,06342
2645,9915	342,12057
2646,9761	343,43842
2647,9607	340,55676
2648,9451	349,0249
2649,9297	366,46021
2650,9143	355,35281
2651,8987	362,90991
2652,8833	370,53058
2653,8677	374,42877
2654,8523	376,13245
2655,8369	371,12228
2656,8213	381,59579
2657,8059	391,84265
2658,7905	405,54849
2659,7749	396,58963
2660,7595	407,09106
2661,7441	376,65927
2662,7285	386,27399
2663,7131	393,87964
2664,6975	404,97687
2665,6821	406,54611
2666,6667	400,87872
2667,6511	415,76199
2668,6357	429,01617
2669,6204	426,92249
2670,6047	442,9176
2671,5894	448,82956
2672,5737	458,75952
2673,5583	472,5647
2674,543	489,1691
2675,5273	504,73807
2676,512	528,6936
2677,4966	554,51691
2678,481	583,91132
2679,4656	615,83716
2680,45	665,58142
2681,4346	720,98358
2682,4192	735,92285
2683,4036	794,72278
2684,3882	780,64728
2685,3728	796,4115
2686,3572	788,75104
2687,3418	806,26459
2688,3264	820,38281
2689,3108	813,92694
2690,2954	824,41223
2691,2798	829,65552
2692,2644	800,53192
2693,249	797,33948
2694,2334	796,4671
2695,218	823,59229
2696,2026	808,83252
2697,187	808,39551
2698,1716	826,72614
2699,156	814,85144
2700,1406	811,45178
2701,1252	792,41144
2702,1096	778,53412
2703,0942	799,83722
2704,0789	787,35803
2705,0632	779,31757
2706,0479	778,46796
2707,0325	779,03204
2708,0168	790,47046
2709,0015	810,51923
2709,9858	805,14954
2710,9705	817,25909
2711,9551	811,80005
2712,9395	820,77191
2713,9241	815,9613
2714,9087	820,69312
2715,8931	821,68353
2716,8777	823,80988
2717,8621	831,33508
2718,8467	814,91724
2719,8313	831,33807
2720,8157	822,03772
2721,8003	815,02399
2722,7849	833,93341
2723,7693	838,67401
2724,7539	844,53033
2725,7383	849,22687
2726,7229	843,78918
2727,7075	855,04688
2728,6919	859,07513
2729,6765	846,9256
2730,6611	846,89246
2731,6455	847,89764
2732,6301	865,44043
2733,6147	845,6377
2734,5991	838,00439
2735,5837	858,74084
2736,5681	855,0545
2737,5527	875,10712
2738,5374	862,81201
2739,5217	887,71851
2740,5063	870,95166
2741,491	878,94824
2742,4753	876,07111
2743,46	878,48645
2744,4443	891,57391
2745,429	885,9707
2746,4136	868,52155
2747,3979	885,8725
2748,3826	896,55383
2749,3672	905,18506
2750,3516	916,26416
2751,3362	915,16766
2752,3206	934,04309
2753,3052	934,55035
2754,2898	910,41266
2755,2742	875,85303
2756,2588	854,34802
2757,2434	846,83899
2758,2278	817,2627
2759,2124	808,59973
2760,197	795,44958
2761,1814	774,39178
2762,166	767,67682
2763,1504	788,39984
2764,135	781,66931
2765,1196	786,13782
2766,104	786,30237
2767,0886	807,56665
2768,0732	799,79608
2769,0576	830,66748
2770,0422	854,54596
2771,0266	892,85638
2772,0112	908,01068
2772,9958	965,9574
2773,9802	1009,8023
2774,9648	1051,6956
2775,9495	1120,5067
2776,9338	1203,361
2777,9185	1300,1285
2778,9028	1383,3149
2779,8875	1452,0426
2780,8721	1525,437
2781,8564	1551,7156
2782,8411	1575,0708
2783,8257	1587,3809
2784,8101	1595,4219
2785,7947	1589,3455
2786,7793	1536,8661
2787,7637	1590,6885
2788,7483	1591,7054
2789,7327	1585,9993
2790,7173	1598,4424
2791,7019	1610,3672
2792,6863	1637,2733
2793,6709	1680,2947
2794,6555	1687,8158
2795,6399	1701,5177
2796,6245	1738,8344
2797,6089	1773,5311
2798,5935	1818,8673
2799,5781	1855,1849
2800,5625	1855,374
2801,5471	1920,6969
2802,5317	1968,9977
2803,5161	1980,3822
2804,5007	2027,1566
2805,4854	2119,7427
2806,4697	2107,5054
2807,4543	2146,6946
2808,4387	2162,8335
2809,4233	2222,6111
2810,408	2294,7131
2811,3923	2316,1409
2812,377	2368,7136
2813,3616	2423,6216
2814,3459	2433,1997
2815,3306	2509,7356
2816,3149	2539,4116
2817,2996	2571,2383
2818,2842	2634,6685
2819,2686	2687,5627
2820,2532	2729,0481
2821,2378	2821,0928
2822,2222	2845,0793
2823,2068	2876,6304
2824,1912	2943,4573
2825,1758	2978,5623
2826,1604	3044,8828
2827,1448	3069,4758
2828,1294	3075,354
2829,114	3172,3186
2830,0984	3165,3887
2831,083	3164,4314
2832,0676	3240,3069
2833,052	3260,657
2834,0366	3232,2217
2835,021	3270,4805
2836,0056	3289,6545
2836,9902	3309,1555
2837,9746	3293,5601
2838,9592	3266,8696
2839,9438	3320,3679
2840,9282	3274,4451
2841,9128	3305,8994
2842,8972	3305,3765
2843,8818	3291,5354
2844,8665	3293,8638
2845,8508	3324,8459
2846,8354	3324,8198
2847,8201	3300,3662
2848,8044	3319,4658
2849,7891	3301,2539
2850,7734	3285,9099
2851,7581	3264,0791
2852,7427	3238,0481
2853,7271	3266,1477
2854,7117	3196,0815
2855,6963	3240,2871
2856,6807	3196,3391
2857,6653	3209,7319
2858,6499	3196,3762
2859,6343	3175,6797
2860,6189	3215,1199
2861,6033	3247,6011
2862,5879	3265,3828
2863,5725	3312,6052
2864,5569	3293,9836
2865,5415	3344,2561
2866,5261	3420,6321
2867,5105	3446,8167
2868,4951	3520,5632
2869,4795	3587,8931
2870,4641	3650,0232
2871,4487	3686,4666
2872,4331	3791,949
2873,4177	3960,5369
2874,4023	4062,1348
2875,3867	4182,0557
2876,3713	4303,186
2877,356	4389,8188
2878,3403	4438,0669
2879,325	4559,3091
2880,3093	4635,6011
2881,2939	4763,5396
2882,2786	4875,2671
2883,2629	4964,5659
2884,2476	5002,0327
2885,2322	5103,0547
2886,2166	5118,6768
2887,2012	5225,7383
2888,1855	5195,1621
2889,1702	5154,3237
2890,1548	5180,6855
2891,1392	5070,1587
2892,1238	4967,9165
2893,1084	5012,333
2894,0928	4887,3423
2895,0774	4752,915
2896,0618	4618,9121
2897,0464	4553,7236
2898,031	4436,7236
2899,0154	4330,6348
2900	4280,2505
2900,9846	4199,5142
2901,969	4192,4102
2902,9536	4173,7095
2903,9382	4129,8667
2904,9226	4117,6543
2905,9072	4033,1182
2906,8916	4021,8242
2907,8762	3891,5525
2908,8608	3839,0918
2909,8452	3755,1938
2910,8298	3658,5378
2911,8145	3614,1555
2912,7988	3472,0027
2913,7834	3339,2947
2914,7678	3226,3767
2915,7524	3066,2734
2916,7371	2906,7642
2917,7214	2779,0645
2918,7061	2615,8708
2919,6907	2474,3066
2920,675	2341,4888
2921,6597	2235,8147
2922,644	2101,8787
2923,6287	2075,5615
2924,6133	2044,4751
2925,5977	1942,6176
2926,5823	1927,0601
2927,5669	1935,5778
2928,5513	1918,2045
2929,5359	1872,8777
2930,5205	1863,1949
2931,5049	1901,7843
2932,4895	1915,7782
2933,4739	1930,4183
2934,4585	1948,4648
2935,4431	1973,923
2936,4275	1981,21
2937,4121	2037,9553
2938,3967	2014,4409
2939,3811	2038,0199
2940,3657	2046,6163
2941,3501	2046,2432
2942,3347	2043,3285
2943,3193	2009,8138
2944,3037	2026,1497
2945,2883	1986,2484
2946,2729	1953,4004
2947,2573	1958,1323
2948,2419	1900,6625
2949,2266	1874,6422
2950,2109	1837,149
2951,1956	1786,2847
2952,1799	1747,2494
2953,1646	1685,6071
2954,1492	1683,6849
2955,1335	1606,6952
2956,1182	1552,5179
2957,1028	1492,2209
2958,0872	1431,6952
2959,0718	1384,6554
2960,0562	1309,1404
2961,0408	1291,7593
2962,0254	1261,1482
2963,0098	1217,3809
2963,9944	1159,6815
2964,979	1126,7101
2965,9634	1078,0238
2966,948	1042,3064
2967,9324	1030,2887
2968,917	984,46527
2969,9016	948,57733
2970,886	909,26324
2971,8706	866,70514
2972,8552	852,3891
2973,8396	843,58295
2974,8242	807,9422
2975,8088	781,31982
2976,7932	766,16284
2977,7778	735,14337
2978,7622	712,59076
2979,7468	694,49609
2980,7314	670,72235
2981,7158	663,0816
2982,7004	628,39551
2983,6851	626,91058
2984,6694	615,95215
2985,6541	607,5639
2986,6384	588,04529
2987,623	581,03223
2988,6077	564,18811
2989,592	557,09375
2990,5767	550,63171
2991,5613	548,3241
2992,5457	539,47577
2993,5303	525,94312
2994,5146	522,56403
2995,4993	529,19275
2996,4839	505,04413
2997,4683	506,58621
2998,4529	505,51157
2999,4375	517,37433
3000,4219	497,00241
3001,4065	501,73608
3002,3911	490,2421
3003,3755	483,85541
3004,3601	478,49307
3005,3445	473,41971
3006,3291	477,04565
3007,3137	460,52982
3008,2981	449,88022
3009,2827	459,01791
3010,2673	458,56754
3011,2517	450,30936
3012,2363	433,98743
3013,2207	444,30569
3014,2053	439,38669
3015,1899	446,58972
3016,1743	431,89722
3017,1589	433,1853
3018,1436	435,70566
3019,1279	429,20447
3020,1125	428,78125
3021,0972	422,39328
3022,0815	421,46979
3023,0662	419,39554
3024,0505	419,34186
3025,0352	415,90866
3026,0198	410,12512
3027,0042	414,17709
3027,9888	413,5386
3028,9734	407,58533
3029,9578	402,00824
3030,9424	394,88361
3031,9268	402,79965
3032,9114	399,77911
3033,896	397,58148
3034,8804	391,77341
3035,865	394,76065
3036,8496	390,31256
3037,834	399,25458
3038,8186	398,95282
3039,803	406,61652
3040,7876	459,34076
3041,7722	523,18994
3042,7566	564,55688
3043,7412	697,49786
3044,7258	926,80902
3045,7102	1376,3656
3046,6948	1862,349
3047,6794	2653,4045
3048,6638	3596,5603
3049,6484	4658,2788
3050,6328	5400,7085
3051,6174	5966,5825
3052,6021	6453,0752
3053,5864	6756,917
3054,571	5895,9404
3055,5557	5052,3062
3056,54	3721,8076
3057,5247	2520,0356
3058,509	1539,8998
3059,4937	866,27728
3060,4783	538,11639
3061,4626	433,7981
3062,4473	406,28397
3063,4319	381,27078
3064,4163	369,0853
3065,4009	371,94583
3066,3853	379,83917
3067,3699	365,43845
3068,3545	364,1366
3069,3389	359,93674
3070,3235	364,05884
3071,3081	358,03195
3072,2925	369,56717
3073,2771	359,8717
3074,2617	357,92514
3075,2461	357,6293
3076,2307	353,08206
3077,2151	331,75351
3078,1997	334,20657
3079,1843	337,83197
3080,1687	339,9259
3081,1533	348,33395
3082,1379	337,76572
3083,1223	332,67075
3084,1069	334,54022
3085,0913	341,09286
3086,0759	348,315
3087,0605	340,14703
3088,0449	346,30466
3089,0295	338,48801
3090,0142	330,84326
3090,9985	325,73462
3091,9832	338,05804
3092,9675	327,2934
3093,9521	328,70605
3094,9368	333,56668
3095,9211	334,94849
3096,9058	332,56189
3097,8904	335,81097
3098,8748	331,43066
3099,8594	328,86072
3100,844	335,5148
3101,8284	329,86142
3102,813	323,27454
3103,7974	321,31326
3104,782	330,8461
3105,7666	331,29282
3106,751	328,96054
3107,7356	304,07736
3108,7202	330,46002
3109,7046	317,6615
3110,6892	320,67773
3111,6736	331,70786
3112,6582	309,18997
3113,6428	333,67633
3114,6272	326,54095
3115,6118	321,9343
3116,5964	318,55527
3117,5808	322,11807
3118,5654	316,57904
3119,55	319,49036
3120,5344	321,15335
3121,519	324,40152
3122,5034	312,95038
3123,488	322,31418
3124,4727	305,36511
3125,457	309,3739
3126,4417	310,08197
3127,4263	311,61499
3128,4106	297,45197
3129,3953	303,32355
3130,3796	298,14078
3131,3643	313,54465
3132,3489	303,67072
3133,3333	302,86713
3134,3179	313,19617
3135,3025	309,2753
3136,2869	306,77164
3137,2715	285,05197
3138,2559	288,39957
3139,2405	300,76028
3140,2251	301,94586
3141,2095	303,99634
3142,1941	298,77136
3143,1787	294,55981
3144,1631	294,73367
3145,1477	293,27072
3146,1323	298,12238
3147,1167	297,11682
3148,1013	299,56277
3149,0857	296,54266
3150,0703	298,16025
3151,0549	288,51721
3152,0393	290,87268
3153,0239	305,62427
3154,0085	305,85025
3154,9929	291,48798
3155,9775	289,4082
3156,9619	295,56857
3157,9465	296,50922
3158,9312	286,48682
3159,9155	286,01801
3160,9001	281,90201
3161,8848	290,099
3162,8691	292,35098
3163,8538	294,83047
3164,8381	296,58316
3165,8228	290,26477
3166,8074	294,35934
3167,7917	286,56882
3168,7764	290,58112
3169,761	296,00525
3170,7454	283,69104
3171,73	285,10037
3172,7146	283,83926
3173,699	281,98276
3174,6836	280,24551
3175,668	290,78265
3176,6526	280,01901
3177,6372	284,88843
3178,6216	291,45389
3179,6062	291,93915
3180,5908	292,58371
3181,5752	293,96368
3182,5598	287,54468
3183,5442	287,02692
3184,5288	288,06436
3185,5134	286,82742
3186,4978	292,81079
3187,4824	284,10443
3188,467	282,7518
3189,4514	297,24817
3190,436	279,27731
3191,4207	282,47186
3192,405	284,24512
3193,3896	281,63843
3194,374	275,03476
3195,3586	274,12152
3196,3433	291,34027
3197,3276	283,70111
3198,3123	279,56577
3199,2969	295,1095
3200,2813	291,16565
3201,2659	282,44443
3202,2502	283,22137
3203,2349	272,68304
3204,2195	275,93185
3205,2039	268,51056
3206,1885	284,91534
3207,1731	273,53613
3208,1575	282,09097
3209,1421	272,90543
3210,1265	282,64481
3211,1111	268,97305
3212,0957	282,36853
3213,0801	281,60782
3214,0647	277,26706
3215,0493	272,69223
3216,0337	271,7576
3217,0183	272,32727
3218,0029	269,15393
3218,9873	265,63977
3219,9719	276,38489
3220,9563	280,8049
3221,9409	284,45477
3222,9255	270,36993
3223,9099	279,29712
3224,8945	272,40567
3225,8792	270,63535
3226,8635	267,32022
3227,8481	271,0405
3228,8325	280,94641
3229,8171	274,38034
3230,8018	285,77036
3231,7861	262,5993
3232,7708	271,85379
3233,7554	271,37549
3234,7397	272,98419
3235,7244	275,591
3236,7087	267,79865
3237,6934	267,03073
3238,678	267,5076
3239,6624	275,77966
3240,647	273,72495
3241,6316	248,95865
3242,616	260,41418
3243,6006	262,89877
3244,5852	264,20996
3245,5696	258,07626
3246,5542	279,07999
3247,5386	277,47363
3248,5232	264,50061
3249,5078	286,43011
3250,4922	266,72433
3251,4768	272,68076
3252,4614	273,94281
3253,4458	261,85922
3254,4304	274,61301
3255,4148	285,03311
3256,3994	274,32501
3257,384	270,11758
3258,3684	274,93491
3259,353	286,31784
3260,3376	283,49414
3261,322	292,75604
3262,3066	283,18198
3263,2913	275,94693
3264,2756	267,3114
3265,2603	279,25607
3266,2446	279,07581
3267,2292	260,58826
3268,2139	284,38397
3269,1982	281,4538
3270,1829	266,73193
3271,1675	257,78677
3272,1519	279,30829
3273,1365	281,25555
3274,1208	280,60593
3275,1055	266,77551
3276,0901	272,38187
3277,0745	260,74155
3278,0591	270,99258
3279,0437	265,69611
3280,0281	263,72968
3281,0127	260,98245
3281,9971	263,89124
3282,9817	266,93585
3283,9663	259,48672
3284,9507	277,19153
3285,9353	264,32355
3286,9199	261,38257
3287,9043	270,04788
3288,8889	273,3255
3289,8735	270,26929
3290,8579	268,56232
3291,8425	262,72046
3292,8269	259,67322
3293,8115	253,22894
3294,7961	251,93442
3295,7805	248,17975
3296,7651	250,13559
3297,7498	252,50241
3298,7341	245,09644
3299,7188	236,68436
3300,7031	242,7361
3301,6877	247,21307
3302,6724	246,11452
3303,6567	244,94991
3304,6414	244,34874
3305,626	232,97224
3306,6104	245,93385
3307,595	241,9375
3308,5793	250,45038
3309,564	237,7041
3310,5486	251,76001
3311,533	252,04176
3312,5176	271,19632
3313,5022	261,65121
3314,4866	259,14035
3315,4712	263,40265
3316,4558	274,75146
3317,4402	257,56345
3318,4248	263,78421
3319,4092	254,36377
3320,3938	268,11688
3321,3784	257,24893
3322,3628	262,61746
3323,3474	259,74863
3324,332	255,14363
3325,3164	259,11819
3326,301	255,07884
3327,2854	253,80426
3328,27	263,90778
3329,2546	254,47475
3330,239	252,0201
3331,2236	253,89424
3332,2083	252,73814
3333,1926	257,27792
3334,1772	242,78378
3335,1619	251,99826
3336,1462	253,75029
3337,1309	258,8685
3338,1152	271,31961
3339,0999	264,53247
3340,0845	255,93665
3341,0688	258,23364
3342,0535	262,04681
3343,0381	269,29248
3344,0225	251,62152
3345,0071	247,16782
3345,9915	258,64709
3346,9761	244,36389
3347,9607	250,60883
3348,9451	256,01855
3349,9297	246,98729
3350,9143	256,48297
3351,8987	265,51175
3352,8833	259,05389
3353,8677	262,06818
3354,8523	253,06078
3355,8369	255,10878
3356,8213	267,20959
3357,8059	255,55801
3358,7905	244,26752
3359,7749	257,56598
3360,7595	254,95456
3361,7441	249,564
3362,7285	254,2083
3363,7131	254,88197
3364,6975	253,35803
3365,6821	264,91
3366,6667	256,36157
3367,6511	257,19495
3368,6357	251,83153
3369,6204	243,86104
3370,6047	262,70801
3371,5894	251,06882
3372,5737	242,57446
3373,5583	254,4588
3374,543	254,53218
3375,5273	252,65184
3376,512	255,39394
3377,4966	251,01088
3378,481	248,66397
3379,4656	257,29916
3380,45	258,27167
3381,4346	248,21091
3382,4192	271,82874
3383,4036	259,24673
3384,3882	241,23734
3385,3728	245,26929
3386,3572	241,4057
3387,3418	242,68126
3388,3264	268,62714
3389,3108	268,07529
3390,2954	259,4827
3391,2798	250,46315
3392,2644	252,94604
3393,249	263,01132
3394,2334	261,4743
3395,218	254,43318
3396,2026	257,64429
3397,187	253,23108
3398,1716	267,61533
3399,156	252,82938
3400,1406	252,37318
3401,1252	248,1201
3402,1096	252,33403
3403,0942	261,97263
3404,0789	253,72455
3405,0632	257,70987
3406,0479	260,15387
3407,0325	259,60883
3408,0168	252,55406
3409,0015	261,14322
3409,9858	266,7641
3410,9705	271,24326
3411,9551	257,33743
3412,9395	240,01221
3413,9241	246,66383
3414,9087	259,25778
3415,8931	253,71866
3416,8777	260,95703
3417,8621	255,70462
3418,8467	255,50632
3419,8313	261,45355
3420,8157	260,78937
3421,8003	263,6629
3422,7849	250,91501
3423,7693	251,25833
3424,7539	253,45554
3425,7383	249,59882
3426,7229	257,49963
3427,7075	256,72836
3428,6919	253,88776
3429,6765	259,29666
3430,6611	263,70746
3431,6455	258,78491
3432,6301	254,1862
3433,6147	257,43912
3434,5991	253,11491
3435,5837	259,25659
3436,5681	264,79739
3437,5527	256,4592
3438,5374	253,54198
3439,5217	254,63445
3440,5063	248,28987
3441,491	257,45013
3442,4753	253,08217
3443,46	254,64771
3444,4443	242,6541
3445,429	254,37427
3446,4136	256,85846
3447,3979	254,83548
3448,3826	245,42615
3449,3672	241,48947
3450,3516	253,96176
3451,3362	256,5777
3452,3206	247,85889
3453,3052	246,56976
3454,2898	249,40314
3455,2742	259,14777
3456,2588	246,16389
3457,2434	249,9133
3458,2278	258,48795
3459,2124	235,90453
3460,197	245,56769
3461,1814	256,52533
3462,166	259,10941
3463,1504	243,13573
3464,135	259,38666
3465,1196	256,32791
3466,104	252,85301
3467,0886	248,71141
3468,0732	249,08009
3469,0576	244,55713
3470,0422	259,16031
3471,0266	250,7574
3472,0112	246,77742
3472,9958	237,19112
3473,9802	248,7074
3474,9648	246,23514
3475,9495	243,55212
3476,9338	234,6317
3477,9185	233,33606
3478,9028	231,87212
3479,8875	256,19482
3480,8721	247,19681
3481,8564	236,66139
3482,8411	253,71271
3483,8257	228,61113
3484,8101	238,54582
3485,7947	242,22935
3486,7793	255,08443
3487,7637	247,95689
3488,7483	243,42743
3489,7327	228,51189
3490,7173	233,59055
3491,7019	233,91565
3492,6863	241,63751
3493,6709	235,26709
3494,6555	227,16272
3495,6399	239,25012
3496,6245	240,84125
3497,6089	230,23682
3498,5935	236,58698
3499,5781	232,84842
3500,5625	235,42365
3501,5471	238,76924
3502,5317	245,87326
3503,5161	238,78557
3504,5007	232,95107
3505,4854	229,23279
3506,4697	224,43771
3507,4543	217,03128
3508,4387	224,55962
3509,4233	228,88168
3510,408	227,68468
3511,3923	233,90395
3512,377	236,64291
3513,3616	228,11154
3514,3459	232,62009
3515,3306	235,66187
3516,3149	231,66786
3517,2996	230,77271
3518,2842	239,11926
3519,2686	226,72429
3520,2532	223,55489
3521,2378	218,69907
3522,2222	219,72202
3523,2068	236,67767
3524,1912	232,45616
3525,1758	229,20816
3526,1604	231,7583
3527,1448	215,6404
3528,1294	211,31931
3529,114	211,90985
3530,0984	225,42027
3531,083	225,07742
3532,0676	225,03629
3533,052	212,91489
3534,0366	216,17497
3535,021	221,38716
3536,0056	210,68857
3536,9902	218,30737
3537,9746	229,5706
3538,9592	230,97112
3539,9438	224,41924
3540,9282	232,21194
3541,9128	226,86096
3542,8972	207,00851
3543,8818	236,30632
3544,8665	235,90025
3545,8508	226,14999
3546,8354	210,25775
3547,8201	219,80411
3548,8044	222,99652
3549,7891	224,01016
3550,7734	209,91843
3551,7581	220,10487
3552,7427	218,2554
3553,7271	203,12952
3554,7117	207,66711
3555,6963	210,71924
3556,6807	219,31755
3557,6653	216,0316
3558,6499	209,59854
3559,6343	222,11848
3560,6189	226,62291
3561,6033	214,82478
3562,5879	217,31921
3563,5725	228,77271
3564,5569	212,21666
3565,5415	217,56746
3566,5261	227,97409
3567,5105	226,48305
3568,4951	219,56796
3569,4795	234,69406
3570,4641	219,93661
3571,4487	229,66435
3572,4331	216,24733
3573,4177	220,85374
3574,4023	207,41953
3575,3867	202,08087
3576,3713	204,81255
3577,356	213,37131
3578,3403	216,07092
3579,325	218,94449
3580,3093	208,91652
3581,2939	218,65779
3582,2786	224,3929
3583,2629	218,33018
3584,2476	222,84929
3585,2322	229,69051
3586,2166	224,98567
3587,2012	215,37466
3588,1855	219,849
3589,1702	211,21581
3590,1548	220,47247
3591,1392	215,36322
3592,1238	211,91344
3593,1084	218,37964
3594,0928	217,1971
3595,0774	223,66406
3596,0618	217,45894
3597,0464	224,7829
3598,031	208,47731
3599,0154	212,6497
3600	212,2943
