100	10374,19
100,98453	10044,775
101,96906	9877,5205
102,95358	9693,1152
103,93812	9449,5986
104,92265	9252,9277
105,90717	9037,8799
106,8917	8889,0889
107,87623	8755,666
108,86076	8526,6182
109,84529	8378,1904
110,82982	8163,5293
111,81435	7955,0107
112,79887	7816,9087
113,7834	7713,8462
114,76793	7545,4883
115,75246	7362,0098
116,73699	7186,146
117,72152	7023,0122
118,70605	6933,6558
119,69057	6833,5571
120,6751	6715,8467
121,65964	6594,2065
122,64417	6436,3525
123,62869	6279,2192
124,61322	6186,7559
125,59775	6187,0596
126,58228	6049,9326
127,56681	5918,6968
128,55133	5826,2446
129,53586	5770,6016
130,5204	5704,3164
131,50493	5598,186
132,48946	5489,8398
133,47398	5396,9185
134,45851	5336,0015
135,44304	5276,6152
136,42757	5208,5215
137,41209	5151,8896
138,39662	5112,0386
139,38115	5032,561
140,36568	4968,2217
141,3502	4926,5796
142,33475	4903,6851
143,31927	4884,3848
144,3038	4816,103
145,28833	4752,1221
146,27286	4689,4165
147,25739	4619,561
148,24191	4528,4043
149,22644	4576,7749
150,21097	4615,2959
151,1955	4591,6162
152,18002	4576,9312
153,16455	4495,8984
154,14908	4443,2285
155,13362	4411,2324
156,11815	4363,29
157,10268	4366,9443
158,0872	4349,0205
159,07173	4327,3511
160,05626	4305,4878
161,04079	4225,79
162,02531	4248,957
163,00984	4259,3745
163,99437	4238,437
164,9789	4211,3418
165,96342	4204,1743
166,94797	4181,0146
167,9325	4158,4897
168,91702	4151,8965
169,90155	4149,5728
170,88608	4078,1155
171,87061	4034,1499
172,85513	4020,4299
173,83966	3951,3718
174,82419	3946,8047
175,80872	3949,0557
176,79324	3931,4099
177,77777	3874,6025
178,76231	3821,4453
179,74684	3778,1306
180,73137	3765,262
181,7159	3768,429
182,70042	3712,5637
183,68495	3686,0645
184,66948	3674,6997
185,65401	3655,0269
186,63853	3602,8887
187,62306	3547,6985
188,60759	3499,8411
189,59212	3463,073
190,57666	3433,3403
191,56119	3390,1987
192,54572	3365,1033
193,53024	3328,7163
194,51477	3280,1143
195,4993	3225,4443
196,48383	3206,7671
197,46835	3187,5044
198,45288	3138,2305
199,43741	3071,99
200,42194	3085,645
201,40646	3024,4885
202,39099	2978,3481
203,37553	2950,6064
204,36006	2927,8938
205,34459	2874,1995
206,32912	2831,9128
207,31364	2815,7996
208,29817	2814,3003
209,2827	2767,8921
210,26723	2736,4026
211,25175	2688,4392
212,23628	2660,6787
213,22081	2687,6125
214,20534	2619,0549
215,18988	2585,4402
216,17441	2564,3381
217,15894	2543,6426
218,14346	2515,5498
219,12799	2525,1365
220,11252	2495,2554
221,09705	2474,6572
222,08157	2504,3828
223,0661	2466,9111
224,05063	2435,7026
225,03516	2443,3665
226,01968	2467,5598
227,00423	2436,7405
227,98875	2437,0532
228,97328	2417,3091
229,95781	2407,092
230,94234	2423,3149
231,92686	2421,3926
232,91139	2422,4055
233,89592	2406,5635
234,88045	2389,9961
235,86497	2405,5969
236,8495	2413,771
237,83403	2404,3643
238,81857	2386,4087
239,8031	2372,0232
240,78763	2386,5417
241,77216	2380,7278
242,75668	2391,0129
243,74121	2387,0649
244,72574	2338,1125
245,71027	2380,8235
246,69479	2333,3308
247,67932	2322,3584
248,66385	2346,2048
249,64838	2285,8042
250,6329	2283,7473
251,61745	2277,9138
252,60197	2257,7454
253,5865	2227,2737
254,57103	2240,9546
255,55556	2223,6597
256,54007	2208,3838
257,52463	2201,1855
258,50916	2198,998
259,49368	2159,4189
260,47821	2148,3728
261,46274	2138,3752
262,44727	2125,4636
263,43179	2137,6597
264,41632	2107,2217
265,40085	2084,9954
266,38538	2077,9885
267,3699	2083,2327
268,35443	2066,739
269,33896	2037,4937
270,32349	2025,181
271,30801	2021,5739
272,29254	2001,9236
273,27707	1974,533
274,2616	1937,2084
275,24612	1930,8856
276,23065	1949,4651
277,21518	1912,6261
278,19971	1900,2357
279,18423	1879,1476
280,16876	1869,6544
281,15332	1879,4501
282,13785	1827,6375
283,12238	1847,5283
284,1069	1852,2878
285,09143	1829,5781
286,07596	1794,0365
287,06049	1809,4845
288,04501	1787,698
289,02954	1785,8345
290,01407	1800,6449
290,9986	1761,3762
291,98312	1767,2151
292,96765	1784,1621
293,95218	1789,7209
294,93671	1774,2919
295,92123	1762,5859
296,90576	1751,5719
297,89029	1746,4357
298,87482	1747,0204
299,85934	1748,531
300,84387	1713,9445
301,8284	1733,8579
302,81293	1743,8646
303,79745	1731,2703
304,78198	1710,623
305,76654	1763,254
306,75107	1777,2629
307,7356	1776,8231
308,72012	1766,4652
309,70465	1722,3644
310,68918	1742,2449
311,67371	1740,4203
312,65823	1743,8563
313,64276	1765,6315
314,62729	1747,5762
315,61182	1737,8616
316,59634	1747,2682
317,58087	1754,6459
318,5654	1739,4041
319,54993	1745,8538
320,53445	1727,5885
321,51898	1719,4188
322,50351	1718,6143
323,48804	1707,7537
324,47256	1750,5914
325,45709	1721,8634
326,44162	1711,5377
327,42615	1730,8695
328,41068	1718,3221
329,39523	1701,8862
330,37976	1704,9454
331,36429	1704,281
332,34882	1697,6521
333,33334	1724,6984
334,31787	1689,913
335,3024	1679,2554
336,28693	1670,411
337,27145	1653,0129
338,25598	1694,3898
339,24051	1709,8253
340,22504	1716,1929
341,20956	1709,6315
342,19409	1694,6669
343,17862	1754,3328
344,16315	1770,9489
345,14767	1810,7384
346,1322	1855,9484
347,11673	1867,0215
348,10126	1912,4235
349,08578	1949,545
350,07031	1969,9297
351,05484	1993,3406
352,03937	2055,0752
353,0239	2102,4792
354,00845	2157,1841
354,99298	2207,4329
355,97751	2238,1292
356,96204	2229,4971
357,94656	2252,4531
358,93109	2283,2749
359,91562	2296,6624
360,90015	2283,6841
361,88467	2255,6206
362,8692	2275,3694
363,85373	2288,2393
364,83826	2279,4004
365,82278	2248,7993
366,80731	2219,45
367,79184	2226,6833
368,77637	2203,7927
369,76089	2164,6775
370,74542	2132,0244
371,72995	2137,72
372,71448	2102,6023
373,69901	2077,6228
374,68353	2051,0947
375,66806	2017,4856
376,65259	2016,4371
377,63715	2012,4789
378,62167	1988,5094
379,6062	1946,416
380,59073	1904,0989
381,57526	1932,9415
382,55978	1881,7152
383,54431	1862,5984
384,52884	1860,1569
385,51337	1843,9652
386,49789	1836,8965
387,48242	1808,3618
388,46695	1791,2758
389,45148	1786,0127
390,436	1780,9939
391,42053	1741,1633
392,40506	1728,7888
393,38959	1737,4139
394,37411	1740,9645
395,35864	1718,012
396,34317	1712,8923
397,3277	1691,0939
398,31223	1664,4939
399,29675	1653,2327
400,28128	1665,1351
401,26581	1611,6545
402,25037	1618,1212
403,23489	1621,8386
404,21942	1611,1476
405,20395	1592,5839
406,18848	1596,7035
407,173	1606,9637
408,15753	1604,7689
409,14206	1591,689
410,12659	1574,9879
411,11111	1558,2842
412,09564	1553,2522
413,08017	1547,2371
414,0647	1541,944
415,04922	1537,4552
416,03375	1503,1072
417,01828	1527,7212
418,00281	1524,8483
418,98734	1506,7386
419,97186	1497,7722
420,95639	1464,204
421,94092	1479,8636
422,92545	1474,6387
423,90997	1456,4795
424,8945	1446,5153
425,87906	1453,8555
426,86359	1443,3094
427,84811	1457,0121
428,83264	1473,0286
429,81717	1466,3967
430,8017	1435,9988
431,78622	1410,7073
432,77075	1425,933
433,75528	1439,1677
434,73981	1422,17
435,72433	1407,8234
436,70886	1418,8898
437,69339	1404,3029
438,67792	1399,4757
439,66245	1417,5681
440,64697	1414,1078
441,6315	1410,9922
442,61603	1404,7125
443,60056	1399,2412
444,58508	1391,9609
445,56961	1370,354
446,55414	1402,5333
447,53867	1402,8678
448,52319	1397,3363
449,50772	1399,7295
450,49228	1408,3909
451,47681	1396,4296
452,46133	1374,5062
453,44586	1363,351
454,43039	1357,4688
455,41492	1336,7612
456,39944	1348,9645
457,38397	1347,4803
458,3685	1367,9409
459,35303	1396,7391
460,33755	1401,7471
461,32208	1390,5769
462,30661	1387,61
463,29114	1378,0402
464,27567	1373,0679
465,26019	1387,3035
466,24472	1418,078
467,22925	1416,5361
468,21378	1409,9486
469,1983	1414,8019
470,18283	1432,3528
471,16736	1429,241
472,15189	1444,274
473,13641	1437,4235
474,12094	1435,4442
475,1055	1446,9631
476,09003	1444,6543
477,07455	1461,4551
478,05908	1454,3741
479,04361	1457,7025
480,02814	1471,5361
481,01266	1466,0549
481,99719	1462,1252
482,98172	1458,1989
483,96625	1476,6536
484,95078	1489,5105
485,9353	1463,7394
486,91983	1516,8726
487,90436	1516,5527
488,88889	1514,6543
489,87341	1517,5139
490,85794	1521,8606
491,84247	1531,6913
492,827	1504,3575
493,81152	1518,5298
494,79605	1531,2997
495,78058	1521,0095
496,76511	1525,9865
497,74963	1530,17
498,73419	1534,3418
499,71872	1533,5164
500,70325	1531,371
501,68777	1540,0739
502,6723	1591,3192
503,65683	1588,3486
504,64136	1561,0363
505,62589	1550,5756
506,61041	1585,0527
507,59494	1600,5996
508,57947	1602,4875
509,564	1623,8099
510,54852	1636,5563
511,53305	1628,8656
512,51758	1650,0853
513,50214	1674,4495
514,48663	1714,8953
515,47119	1739,1156
516,45569	1747,045
517,44025	1770,1095
518,42474	1743,7961
519,4093	1775,4753
520,3938	1825,8331
521,37836	1865,2413
522,36285	1880,1106
523,34741	1914,4061
524,33191	1907,5265
525,31647	1945,2732
526,30096	1993,475
527,28552	2012,9355
528,27002	1999,2102
529,25458	2006,0704
530,23907	2044,3958
531,22363	2069,0242
532,20813	2076,6335
533,19269	2097,9028
534,17719	2106,1694
535,16174	2110,0618
536,1463	2146,5818
537,1308	2173,9338
538,11536	2159,0859
539,09985	2192,5964
540,08441	2216
541,06891	2232,2705
542,05347	2252,5745
543,03796	2281,3374
544,02252	2313,6396
545,00702	2384,3059
545,99158	2408,3662
546,97607	2417,0637
547,96063	2444,2122
548,94513	2499,5483
549,92969	2468,2693
550,91418	2516,1692
551,89874	2544,4778
552,88324	2557,5547
553,8678	2572,6492
554,85229	2598,9141
555,83685	2610,9688
556,82135	2608,0867
557,80591	2572,9822
558,79047	2543,0955
559,77496	2567,8337
560,75952	2565,0476
561,74402	2556,8953
562,72858	2518,2043
563,71307	2456,8564
564,69763	2397,8765
565,68213	2382,446
566,66669	2293,7471
567,65118	2291,9287
568,63574	2244,3657
569,62024	2179,9973
570,6048	2203,2585
571,58929	2207,1025
572,57385	2187,4243
573,55835	2130,1746
574,54291	2105,8655
575,5274	2119,5857
576,51196	2040,5964
577,49646	2070,1919
578,48102	2083,8406
579,46552	2071,4104
580,45007	2046,1854
581,43457	2030,963
582,41913	2029,4399
583,40369	2023,1432
584,38818	2033,0874
585,37274	2031,2045
586,35724	2019,1941
587,3418	2044,7781
588,32629	2041,6127
589,31085	2033,4945
590,29535	2005,7528
591,27991	1984,0018
592,2644	1994,5509
593,24896	2008,266
594,23346	2001,1051
595,21802	1992,6182
596,20251	1972,5282
597,18707	1959,9192
598,17157	1990,9578
599,15613	1973,8154
600,14063	1992,4437
601,12518	1966,382
602,10968	1957,1454
603,09424	1995,6906
604,07874	1976,0703
605,06329	1962,9559
606,04779	1994,5012
607,03235	2018,8141
608,01691	2017,8151
609,0014	2005,16
609,98596	2034,085
610,97046	2000,5222
611,95502	1957,379
612,93951	1948,2468
613,92407	1960,5182
614,90857	1929,7415
615,89313	1905,9701
616,87762	1871,0594
617,86218	1845,0055
618,84668	1826,3678
619,83124	1807,8242
620,81573	1784,0383
621,80029	1741,3856
622,78479	1733,3738
623,76935	1708,4542
624,75385	1687,2371
625,7384	1706,2007
626,7229	1704,6681
627,70746	1719,2773
628,69196	1714,8729
629,67651	1699,2439
630,66101	1686,5159
631,64557	1691,5673
632,63013	1730,9277
633,61462	1735,525
634,59918	1713,5085
635,58368	1705,0104
636,56824	1720,8365
637,55273	1721,8054
638,53729	1733,8708
639,52179	1748,3636
640,50635	1757,7611
641,49084	1753,9199
642,4754	1741,3174
643,4599	1750,9731
644,44446	1775,3024
645,42896	1742,0747
646,41351	1733,6638
647,39801	1748,3179
648,38257	1749,5179
649,36707	1752,1204
650,35162	1753,1528
651,33612	1741,2461
652,32068	1736,9214
653,30518	1732,6785
654,28973	1713,6541
655,27429	1750,1934
656,25879	1727,9745
657,24335	1747,9899
658,22784	1764,599
659,2124	1758,702
660,1969	1755,6998
661,18146	1745,8732
662,16595	1749,1462
663,15051	1765,708
664,13501	1772,2991
665,11957	1771,2905
666,10406	1796,9403
667,08862	1791,7029
668,07312	1771,5508
669,05768	1795,8264
670,04218	1816,726
671,02673	1811,6783
672,01123	1839,3025
672,99579	1833,9872
673,98029	1826,282
674,96484	1832,1603
675,94934	1836,1927
676,9339	1830,1779
677,9184	1837,3424
678,90295	1819,1655
679,88751	1801,6796
680,87201	1799,5745
681,85657	1796,4877
682,84106	1778,7629
683,82562	1764,1362
684,81012	1717,6481
685,79468	1695,9031
686,77917	1665,22
687,76373	1623,2145
688,74823	1584,3131
689,73279	1566,1097
690,71729	1557,87
691,70184	1511,8882
692,68634	1504,7689
693,6709	1500,8087
694,6554	1460,4825
695,63995	1459,7664
696,62445	1472,312
697,60901	1468,0651
698,59351	1455,9482
699,57806	1444,5898
700,56256	1436,8903
701,54712	1424,5115
702,53162	1397,9879
703,51617	1399,3533
704,50073	1410,313
705,48523	1415,26
706,46979	1413,5978
707,45428	1431,1005
708,43884	1415,3561
709,42334	1415,7697
710,4079	1451,5811
711,3924	1478,454
712,37695	1469,7943
713,36145	1484,2117
714,34601	1504,3802
715,33051	1523,8669
716,31506	1558,834
717,29956	1596,8267
718,28412	1634,8695
719,26862	1701,0383
720,25317	1743,7979
721,23767	1795,3528
722,22223	1854,4817
723,20673	1910,3552
724,19128	1968,1602
725,17578	2054,7031
726,16034	2123,8228
727,14484	2233,8872
728,12939	2337,2634
729,11395	2447,5347
730,09845	2573,76
731,08301	2701,9824
732,0675	2826,0388
733,05206	2933,3066
734,03656	3024,5723
735,02112	3124,2681
736,00562	3234,8835
736,99017	3331,3169
737,97467	3378,7429
738,95923	3438,646
739,94373	3535,0735
740,92828	3608,5095
741,91278	3668,9839
742,89734	3755,0906
743,88184	3795,0901
744,86639	3872,156
745,85089	3957,8452
746,83545	4040,0798
747,81995	4117,627
748,8045	4196,0078
749,789	4281,6328
750,77356	4345,5537
751,75812	4417,688
752,74261	4487,043
753,72717	4514,2007
754,71167	4507,7354
755,69623	4552,5347
756,68073	4524,8926
757,66528	4480,9116
758,64978	4412,8721
759,63434	4337,6123
760,61884	4240,4019
761,60339	4086,9409
762,58789	3967,197
763,57245	3824,5613
764,55695	3664,9678
765,5415	3492,3069
766,526	3313,1545
767,51056	3143,3735
768,49506	3021,8577
769,47961	2920,3643
770,46411	2776,6079
771,44867	2657,5952
772,43317	2564,9243
773,41772	2480,8779
774,40222	2413,8516
775,38678	2332,1694
776,37134	2224,3169
777,35583	2165,0845
778,34039	2145,9063
779,32489	2113,8411
780,30945	2025,1744
781,29395	2010,1188
782,2785	1974,7738
783,263	1975,1644
784,24756	1945,361
785,23206	1893,4037
786,21661	1868,1595
787,20111	1863,22
788,18567	1867,0828
789,17017	1812,8949
790,15472	1800,5349
791,13922	1794,1567
792,12378	1765,693
793,10828	1766,843
794,09283	1760,1974
795,07733	1731,6136
796,06189	1738,3546
797,04639	1756,8756
798,03094	1752,6421
799,01544	1719,7911
800	1730,5161
800,98456	1745,7726
801,96906	1752,6469
802,95361	1727,4564
803,93811	1719,9219
804,92267	1748,0652
805,90717	1742,189
806,89172	1746,5404
807,87622	1755,4117
808,86078	1745,0529
809,84528	1750,194
810,82983	1769,9838
811,81433	1775,7755
812,79889	1773,7421
813,78339	1780,1235
814,76794	1805,6876
815,75244	1813,8822
816,737	1840,8877
817,7215	1890,5175
818,70605	1893,1121
819,69055	1894,9152
820,67511	1906,3231
821,65961	1930,1758
822,64417	1956,879
823,62866	1978,833
824,61322	2005,7086
825,59778	2078,5862
826,58228	2133,8821
827,56683	2157,9395
828,55133	2195,1807
829,53589	2249,3535
830,52039	2317,0842
831,50494	2390,6321
832,48944	2407,7441
833,474	2477,2827
834,4585	2532,5701
835,44305	2589,1536
836,42755	2642,916
837,41211	2694,408
838,39661	2768,9294
839,38116	2837,5547
840,36566	2918,2603
841,35022	2983,4253
842,33472	3059,7117
843,31927	3141,7605
844,30377	3207,6499
845,28833	3274,3162
846,27283	3319,55
847,25739	3386,2378
848,24188	3453,0674
849,22644	3514,9817
850,211	3572,249
851,1955	3617,7654
852,18005	3613,623
853,16455	3617,7361
854,14911	3558,3997
855,13361	3522,9426
856,11816	3477,9924
857,10266	3387,178
858,08722	3287,9617
859,07172	3214,3601
860,05627	3071,5574
861,04077	2947,9583
862,02533	2838,0632
863,00983	2749,9045
863,99438	2670,3179
864,97888	2544,9338
865,96344	2481,0342
866,94794	2404,4341
867,9325	2334,4663
868,91699	2276,5676
869,90155	2227,5183
870,88605	2188,9558
871,87061	2176,9944
872,85516	2126,2358
873,83966	2100,178
874,82422	2089,4138
875,80872	2081,9287
876,79327	2058,9944
877,77777	2023,4102
878,76233	2035,2971
879,74683	2025,1407
880,73138	2073,7153
881,71588	2112,2742
882,70044	2116,5491
883,68494	2128,5105
884,66949	2194,9453
885,65399	2247,3474
886,63855	2274,4585
887,62305	2339,9287
888,6076	2414,738
889,5921	2499,0085
890,57666	2569,5396
891,56116	2611,3586
892,54572	2711,1528
893,53021	2749,8318
894,51477	2809,1257
895,49927	2857,1758
896,48383	2886,4124
897,46838	2899,0945
898,45288	2898,4661
899,43744	2883,9534
900,42194	2833,4668
901,40649	2782,6086
902,39099	2729,6404
903,37555	2667,9119
904,36005	2591,2009
905,3446	2496,2891
906,3291	2384,8018
907,31366	2334,2214
908,29816	2255,3926
909,28271	2197,0256
910,26721	2159,4241
911,25177	2117,4985
912,23627	2064,2715
913,22083	2053,6604
914,20532	1999,196
915,18988	2044,6138
916,17438	2047,9664
917,15894	2036,0957
918,14343	2048,3455
919,12799	2085,0764
920,11249	2108,8176
921,09705	2139,0659
922,0816	2229,6135
923,0661	2330,1257
924,05066	2442,6931
925,03516	2596,7183
926,01971	2806,7639
927,00421	3056,7322
927,98877	3450,6553
928,97327	3772,9966
929,95782	4134,5386
930,94232	4479,0288
931,92688	4783,5747
932,91138	5014,6919
933,89594	5105,8799
934,88043	5063,7842
935,86499	4814,2085
936,84949	4518,9731
937,83405	4196,3345
938,81854	3837,2708
939,8031	3460,4985
940,7876	3101,8601
941,77216	2731,3938
942,75665	2496,948
943,74121	2270,7112
944,72571	2071,9294
945,71027	1927,4222
946,69482	1817,7451
947,67932	1707,5093
948,66388	1609,1943
949,64838	1525,0225
950,63293	1493,6602
951,61743	1466,2528
952,60199	1440,0919
953,58649	1418,6953
954,57104	1404,8076
955,55554	1392,8329
956,5401	1339,7198
957,5246	1372,1559
958,50916	1379,7625
959,49365	1376,23
960,47821	1371,5802
961,46271	1364,108
962,44727	1350,8898
963,43176	1348,4635
964,41632	1375,4247
965,40082	1377,0166
966,38538	1383,6954
967,36987	1398,9124
968,35443	1397,7385
969,33899	1375,2491
970,32349	1376,3594
971,30804	1389,4774
972,29254	1395,5648
973,2771	1383,7142
974,2616	1379,0516
975,24615	1379,4363
976,23065	1385,5392
977,21521	1402,924
978,19971	1406,9529
979,18427	1425,3124
980,16876	1425,3542
981,15332	1423,207
982,13782	1431,118
983,12238	1456,8544
984,10687	1487,411
985,09143	1492,0754
986,07593	1494,7981
987,06049	1524,7931
988,04498	1569,2358
989,02954	1587,8123
990,01404	1601,4235
990,9986	1623,5044
991,98309	1647,9911
992,96765	1687,4089
993,95221	1755,8943
994,93671	1806,4041
995,92126	1822,701
996,90576	1858
997,89032	1905,9703
998,87482	1946,9701
999,85938	1983,2479
1000,8439	1999,7289
1001,8284	2005,0681
1002,8129	2000,5892
1003,7975	1967,0768
1004,782	1916,7969
1005,7665	1881,3458
1006,751	1862,3649
1007,7356	1822,0422
1008,7201	1815,1906
1009,7047	1805,3857
1010,6891	1814,6951
1011,6737	1843,0721
1012,6582	1893,9412
1013,6428	1931,9619
1014,6273	1948,9047
1015,6118	2021,0957
1016,5963	2033,9021
1017,5809	2077,7957
1018,5654	2118,749
1019,5499	2140,1514
1020,5345	2167,9385
1021,519	2216,3125
1022,5035	2262,5884
1023,488	2270,1731
1024,4725	2294,291
1025,4572	2301,8047
1026,4417	2308,366
1027,4261	2313,6228
1028,4106	2303,5142
1029,3953	2289,6943
1030,3798	2288,6533
1031,3643	2260,0732
1032,3488	2233,4631
1033,3334	2178,7314
1034,3179	2154,9009
1035,3024	2121,3882
1036,2869	2090,2451
1037,2715	2060,9268
1038,256	2016,2997
1039,2405	1996,8401
1040,225	1960,2285
1041,2096	1951,3656
1042,1941	1950,0276
1043,1786	1932,3263
1044,1632	1927,4313
1045,1477	1933,4888
1046,1322	1914,3408
1047,1167	1888,6578
1048,1013	1903,259
1049,0858	1901,1232
1050,0703	1900,5123
1051,0548	1899,8019
1052,0394	1898,8031
1053,0239	1893,1478
1054,0084	1883,0515
1054,9929	1887,4191
1055,9775	1907,6995
1056,962	1880,9771
1057,9465	1891,7705
1058,931	1883,2908
1059,9156	1865,7015
1060,9001	1861,0411
1061,8846	1868,5004
1062,8691	1869,9202
1063,8538	1846,7472
1064,8383	1858,2562
1065,8228	1910,4053
1066,8074	1926,0538
1067,7919	1942,5782
1068,7764	1958,7904
1069,7609	1963,8898
1070,7455	1993,7803
1071,73	2012,5414
1072,7145	2004,7498
1073,699	2038,0347
1074,6836	2050,3804
1075,6681	2040,448
1076,6526	2017,9954
1077,6371	2012,6688
1078,6217	2035,8584
1079,6062	1992,3652
1080,5907	1970,8608
1081,5752	1967,6339
1082,5598	1952,8506
1083,5443	1935,0387
1084,5288	1931,1436
1085,5133	1938,3988
1086,4979	1943,7861
1087,4824	1948,6924
1088,4669	1928,1357
1089,4514	1937,1273
1090,436	1938,4292
1091,4205	1924,7034
1092,405	1949,9369
1093,3896	1986,5433
1094,3741	1997,9174
1095,3586	2010,979
1096,3431	2005,4454
1097,3278	1991,4395
1098,3123	2024,6909
1099,2968	2037,4689
1100,2813	2045,7195
1101,2659	2066,1123
1102,2504	2091,2097
1103,2349	2101,4336
1104,2194	2094,2461
1105,204	2092,1096
1106,1885	2103,4648
1107,173	2125,5952
1108,1575	2101,8784
1109,1421	2096,282
1110,1266	2094,426
1111,1111	2077,7979
1112,0956	2083,2368
1113,0802	2084,1882
1114,0647	2071,9204
1115,0492	2041,8187
1116,0338	2027,6489
1117,0183	2020,2845
1118,0028	2004,2999
1118,9873	1983,0354
1119,9719	1957,8215
1120,9564	1912,4957
1121,9409	1867,5065
1122,9254	1882,6991
1123,91	1866,719
1124,8945	1838,0695
1125,879	1771,3315
1126,8635	1720,958
1127,8481	1706,291
1128,8326	1690,4775
1129,8171	1662,2238
1130,8016	1633,7705
1131,7863	1568,1866
1132,7708	1558,0122
1133,7552	1507,7712
1134,7397	1489,1411
1135,7244	1489,5425
1136,7089	1489,7579
1137,6934	1497,9022
1138,678	1482,6184
1139,6625	1475,2347
1140,647	1487,1637
1141,6315	1496,9916
1142,6161	1491,62
1143,6006	1498,3042
1144,5851	1518,8035
1145,5696	1534,0255
1146,5542	1536,8142
1147,5387	1545,2587
1148,5232	1542,7095
1149,5077	1547,6906
1150,4923	1513,3041
1151,4768	1486,8651
1152,4613	1499,6614
1153,4458	1518,7831
1154,4304	1509,968
1155,4149	1491,4869
1156,3994	1505,4856
1157,3839	1492,3184
1158,3685	1503,528
1159,353	1503,0479
1160,3375	1503,6199
1161,322	1497,1621
1162,3066	1503,0966
1163,2911	1522,6198
1164,2756	1530,9865
1165,2603	1522,9313
1166,2448	1533,7855
1167,2292	1511,5872
1168,2137	1535,3666
1169,1984	1522,5206
1170,1829	1538,256
1171,1674	1542,3667
1172,1519	1529,0404
1173,1365	1522,9927
1174,121	1502,7345
1175,1055	1487,5765
1176,09	1541,2894
1177,0746	1510,5872
1178,0591	1506,4027
1179,0436	1506,4082
1180,0281	1505,4589
1181,0127	1499,7291
1181,9972	1494,9675
1182,9817	1501,9307
1183,9662	1502,5598
1184,9508	1484,8013
1185,9353	1479,7971
1186,9198	1516,9623
1187,9044	1539,3311
1188,8889	1527,4788
1189,8734	1526,6036
1190,8579	1554,0796
1191,8425	1584,894
1192,827	1605,4633
1193,8115	1595,3046
1194,796	1632,139
1195,7806	1670,2722
1196,7651	1689,886
1197,7496	1711,1139
1198,7341	1761,9686
1199,7188	1807,1173
1200,7032	1818,9971
1201,6877	1839,5957
1202,6722	1907,283
1203,6569	1929,7888
1204,6414	1927,2159
1205,6259	1950,5081
1206,6104	1935,5641
1207,595	1992,8033
1208,5795	2033,552
1209,564	2017,1561
1210,5486	1995,5775
1211,5331	1987,8712
1212,5176	2012,2222
1213,5021	2016,829
1214,4867	2031,887
1215,4712	2050,3481
1216,4557	2053,9814
1217,4402	2090,2422
1218,4248	2153,7014
1219,4093	2214,2283
1220,3938	2265,0889
1221,3783	2316,9465
1222,3629	2363,105
1223,3474	2468,9165
1224,3319	2590,5806
1225,3164	2667,5273
1226,301	2732,0554
1227,2855	2817,9768
1228,27	2870,9265
1229,2545	2906,7932
1230,2391	2961,3057
1231,2236	2949,4878
1232,2081	2915,5273
1233,1926	2849,927
1234,1772	2822,0828
1235,1617	2753,584
1236,1462	2650,9619
1237,1309	2560,7935
1238,1154	2460,2979
1239,0999	2331,7639
1240,0844	2213,2847
1241,069	2133,9204
1242,0535	2035,325
1243,038	1975,0452
1244,0225	1875,0505
1245,0071	1789,4814
1245,9916	1716,0745
1246,9761	1679,9611
1247,9606	1630,2144
1248,9452	1571,7463
1249,9297	1541,998
1250,9142	1511,6613
1251,8987	1470,8624
1252,8833	1448,4288
1253,8678	1431,97
1254,8523	1414,2527
1255,8368	1384,788
1256,8214	1389,1669
1257,8059	1406,3042
1258,7904	1398,2922
1259,775	1369,2222
1260,7595	1363,6298
1261,744	1379,913
1262,7285	1417,9663
1263,7131	1415,9716
1264,6976	1443,9558
1265,6821	1482,733
1266,6666	1489,026
1267,6512	1507,3634
1268,6357	1548,5361
1269,6202	1583,5494
1270,6047	1622,8823
1271,5894	1650,0699
1272,5739	1678,9491
1273,5583	1703,3556
1274,5428	1738,7734
1275,5275	1723,8097
1276,512	1735,3052
1277,4965	1722,1416
1278,481	1721,1979
1279,4656	1711,1948
1280,4501	1707,8301
1281,4346	1724,7697
1282,4191	1737,4724
1283,4037	1734,0876
1284,3882	1735,1636
1285,3727	1767,2296
1286,3573	1808,2745
1287,3418	1844,1014
1288,3263	1851,0674
1289,3108	1859,4587
1290,2954	1894,7844
1291,2799	1947,761
1292,2644	1981,5408
1293,2489	2002,9672
1294,2335	2036,0264
1295,218	2060,6335
1296,2025	2123,3638
1297,187	2113,1101
1298,1716	2149,0952
1299,1561	2189,9233
1300,1406	2234,3513
1301,1251	2256,5476
1302,1097	2288,2075
1303,0942	2354,3262
1304,0787	2385,8669
1305,0632	2420,6846
1306,0479	2373,0293
1307,0323	2443,7896
1308,0168	2472,8157
1309,0015	2511,9229
1309,986	2517,2451
1310,9705	2485,4907
1311,955	2440,2534
1312,9396	2405,5193
1313,9241	2375,7097
1314,9086	2324,7649
1315,8931	2323,6782
1316,8777	2207,5667
1317,8622	2190,8337
1318,8467	2137,1353
1319,8312	2088,5967
1320,8158	2034,296
1321,8003	1983,4675
1322,7848	1934,1783
1323,7693	1901,9857
1324,7539	1894,0583
1325,7384	1836,1555
1326,7229	1861,366
1327,7074	1803,3158
1328,692	1777,8448
1329,6765	1830,9836
1330,661	1847,0608
1331,6456	1855,1539
1332,6301	1880,7163
1333,6146	1902,7797
1334,5991	1916,1829
1335,5837	1951,2026
1336,5682	1998,5381
1337,5527	2025,8181
1338,5372	2106,0327
1339,5219	2119,8647
1340,5063	2194,7097
1341,4908	2187,0269
1342,4753	2205,9963
1343,46	2215,6531
1344,4445	2195,2766
1345,429	2175,9612
1346,4135	2155,7437
1347,3981	2156,4985
1348,3826	2165,4519
1349,3671	2094,5129
1350,3516	2067,3728
1351,3362	2071,1543
1352,3207	2000,3523
1353,3052	1986,257
1354,2897	1959,5148
1355,2743	1932,9069
1356,2588	1947,8448
1357,2433	1948,8484
1358,2279	1926,5977
1359,2124	1944,9795
1360,1969	1987,7441
1361,1814	2046,2596
1362,166	2082,8005
1363,1505	2147,5254
1364,135	2189,1423
1365,1195	2253,6396
1366,1041	2312,0396
1367,0886	2348,0601
1368,0731	2393,7451
1369,0576	2435,8323
1370,0422	2442,1543
1371,0267	2513,0103
1372,0112	2510,6379
1372,9957	2520,2888
1373,9803	2491,4927
1374,9648	2459,1016
1375,9493	2464,5195
1376,9338	2422,5391
1377,9185	2359,9438
1378,903	2309,9504
1379,8875	2222,5264
1380,8721	2106,3289
1381,8566	2023,0072
1382,8411	1920,9443
1383,8256	1867,9404
1384,8102	1784,2191
1385,7947	1672,6549
1386,7792	1621,4525
1387,7637	1543,1652
1388,7483	1483,1141
1389,7328	1416,0199
1390,7173	1334,7616
1391,7018	1308,5625
1392,6864	1301,7565
1393,6709	1260,4849
1394,6554	1210,2684
1395,6399	1191,2479
1396,6245	1190,0313
1397,609	1169,3563
1398,5935	1176,9929
1399,578	1179,8044
1400,5626	1177,0024
1401,5471	1174,9149
1402,5316	1169,0376
1403,5162	1183,9728
1404,5007	1249,1495
1405,4852	1292,4298
1406,4697	1318,4434
1407,4543	1384,7627
1408,4388	1404,5159
1409,4233	1534,0212
1410,4078	1610,528
1411,3925	1767,1337
1412,377	1947,0428
1413,3615	2124,4216
1414,3459	2347,542
1415,3306	2626,1006
1416,3151	2929,165
1417,2996	3257,0837
1418,2841	3579,0188
1419,2687	3959,9968
1420,2532	4305,5024
1421,2377	4595,3682
1422,2222	4860,7344
1423,2068	5059,8052
1424,1913	5156,0112
1425,1758	5137,543
1426,1603	5002,688
1427,1449	4853,9946
1428,1294	4728,3574
1429,1139	4515,5527
1430,0985	4351,8994
1431,083	4128,2397
1432,0675	4044,6941
1433,052	3956,3784
1434,0366	3920,4792
1435,0211	3850,9282
1436,0056	3853,4666
1436,9901	3903,7314
1437,9747	3967,1016
1438,9592	4002,7922
1439,9437	4035,2307
1440,9282	4101,5986
1441,9128	4138,3848
1442,8973	4148,02
1443,8818	4206,189
1444,8663	4168,5181
1445,851	4188,5303
1446,8354	4189,7666
1447,8199	4191,3477
1448,8044	4139,582
1449,7891	4092,6772
1450,7736	4116,1001
1451,7581	4140,2275
1452,7427	4112,8105
1453,7272	4105,1958
1454,7117	4144,3604
1455,6962	4128,7646
1456,6808	4123,583
1457,6653	4104,2231
1458,6498	4123,5825
1459,6343	4116,478
1460,6189	4059,5481
1461,6034	4081,1074
1462,5879	4004,9504
1463,5724	3889,9854
1464,557	3750,2585
1465,5415	3598,7095
1466,526	3420,3672
1467,5105	3164,2683
1468,4951	2905,6904
1469,4796	2701,6133
1470,4641	2530,803
1471,4486	2379,8354
1472,4332	2163,9717
1473,4177	2018,9418
1474,4022	1922,017
1475,3867	1818,7792
1476,3713	1740,1797
1477,3558	1684,6421
1478,3403	1652,8712
1479,325	1633,0609
1480,3094	1614,84
1481,2939	1616,6854
1482,2784	1646,7896
1483,2631	1684,1874
1484,2476	1714,3824
1485,2321	1783,3147
1486,2166	1844,2339
1487,2012	1958,371
1488,1857	2064,6335
1489,1702	2142,3862
1490,1547	2212,4397
1491,1393	2310,8726
1492,1238	2400,6843
1493,1083	2447,1768
1494,0928	2462,1436
1495,0774	2455,665
1496,0619	2418,4587
1497,0464	2353,063
1498,0309	2261,7751
1499,0155	2175,7021
1500	2076,1833
1500,9845	1941,4331
1501,9691	1817,255
1502,9536	1737,1971
1503,9381	1620,6627
1504,9226	1521,6815
1505,9072	1432,1235
1506,8917	1357,6449
1507,8762	1300,4819
1508,8607	1240,7849
1509,8453	1181,4224
1510,8298	1129,4517
1511,8143	1080,4418
1512,7988	1056,5433
1513,7834	1040,4889
1514,7679	1010,8058
1515,7524	1014,174
1516,7369	998,95752
1517,7216	994,34668
1518,7061	966,23511
1519,6906	963,11719
1520,675	958,30902
1521,6597	950,80463
1522,6442	931,00195
1523,6287	911,75891
1524,6133	914,74194
1525,5978	899,646
1526,5823	913,77002
1527,5668	910,0705
1528,5514	850,00507
1529,5359	887,6416
1530,5204	886,62518
1531,5049	886,70294
1532,4895	907,48193
1533,474	913,06604
1534,4585	893,29645
1535,443	888,28906
1536,4276	892,77606
1537,4121	885,46405
1538,3966	877,47772
1539,3811	882,54651
1540,3657	879,49139
1541,3502	869,83618
1542,3347	910,89032
1543,3192	887,65332
1544,3038	863,25806
1545,2883	861,58197
1546,2728	859,90784
1547,2573	889,18091
1548,2419	868,21985
1549,2264	881,33514
1550,2109	889,96503
1551,1956	870,03186
1552,1801	876,26422
1553,1646	895,68567
1554,149	884,82495
1555,1337	870,69055
1556,1182	862,60468
1557,1027	839,25391
1558,0872	874,24524
1559,0718	827,15747
1560,0563	859,82794
1561,0408	849,82092
1562,0253	863,44525
1563,0099	869,48755
1563,9944	861,25067
1564,9789	841,11359
1565,9634	882,85791
1566,948	869,46301
1567,9325	862,86823
1568,917	860,75543
1569,9015	866,85144
1570,8861	891,23822
1571,8706	905,33057
1572,8551	896,57599
1573,8397	870,01538
1574,8242	881,74597
1575,8087	901,06525
1576,7932	908,21521
1577,7778	907,72705
1578,7623	877,77496
1579,7468	905,43402
1580,7313	902,06268
1581,7159	904,34125
1582,7004	873,14465
1583,6849	893,06329
1584,6694	910,4231
1585,6541	900,57056
1586,6385	895,05426
1587,623	897,75354
1588,6075	900,53168
1589,5922	899,16309
1590,5767	888,5271
1591,5612	901,44672
1592,5457	924,33765
1593,5303	901,90845
1594,5148	942,41309
1595,4993	924,88226
1596,4838	901,1756
1597,4684	940,86371
1598,4529	949,70288
1599,4374	948,45905
1600,422	944,19714
1601,4065	953,94843
1602,391	951,85632
1603,3755	940,65948
1604,3601	946,19525
1605,3446	952,24011
1606,3291	957,58618
1607,3136	972,40247
1608,2982	984,56604
1609,2827	1000,1738
1610,2672	988,15063
1611,2517	1018,9895
1612,2363	1029,9374
1613,2208	1025,8741
1614,2053	993,10736
1615,1898	1039,2959
1616,1744	1037,8625
1617,1589	1056,6027
1618,1434	1067,5321
1619,1279	1070,3767
1620,1125	1090,9237
1621,097	1098,4684
1622,0815	1115,0178
1623,0662	1127,7263
1624,0507	1144,7561
1625,0352	1172,479
1626,0197	1187,7336
1627,0043	1211,2061
1627,9888	1249,9865
1628,9733	1260,3746
1629,9578	1292,5503
1630,9424	1297,3698
1631,9269	1345,2565
1632,9114	1411,7625
1633,8959	1451,9009
1634,8805	1465,042
1635,865	1542,1143
1636,8495	1591,7566
1637,834	1611,369
1638,8186	1685,0071
1639,8031	1756,8502
1640,7876	1821,8772
1641,7721	1892,8256
1642,7567	1993,8351
1643,7412	2072,748
1644,7257	2146,3264
1645,7103	2243,2385
1646,6948	2317,9219
1647,6793	2394,4514
1648,6638	2485,4104
1649,6484	2570,0078
1650,6329	2629,8584
1651,6174	2637,282
1652,6019	2783,7896
1653,5865	2787,3186
1654,571	2904,8088
1655,5555	2916,7351
1656,54	2934,5051
1657,5247	2959,5732
1658,5092	2955,2915
1659,4937	2969,0203
1660,4781	2953,9839
1661,4628	2936,4084
1662,4473	2893,1133
1663,4318	2865,0681
1664,4163	2843,3738
1665,4009	2807,2532
1666,3854	2765,7139
1667,3699	2729,8169
1668,3544	2685,8547
1669,339	2625,2864
1670,3235	2593,5415
1671,308	2507,9775
1672,2926	2431,8982
1673,2771	2414,522
1674,2616	2350,0718
1675,2461	2258,3511
1676,2307	2186,5955
1677,2152	2163,6819
1678,1997	2126,5386
1679,1842	2023,9821
1680,1688	1921,8467
1681,1533	1872,1011
1682,1378	1834,1222
1683,1223	1781,8925
1684,1069	1720,7828
1685,0914	1674,4922
1686,0759	1602,679
1687,0604	1534,4814
1688,045	1486,4008
1689,0295	1429,5739
1690,014	1380,0642
1690,9985	1332,8486
1691,9832	1269,9612
1692,9677	1238,955
1693,9521	1209,175
1694,9368	1167,7394
1695,9213	1148,0217
1696,9058	1131,3621
1697,8903	1096,3798
1698,8749	1058,6427
1699,8594	1045,1354
1700,8439	1030,0082
1701,8284	1026,1682
1702,813	990,6286
1703,7975	981,01477
1704,782	978,60815
1705,7665	997,10962
1706,7511	963,9577
1707,7356	956,24628
1708,7201	931,18805
1709,7046	922,04297
1710,6892	926,12219
1711,6737	921,23767
1712,6582	905,31372
1713,6427	875,49945
1714,6273	857,33734
1715,6118	861,71509
1716,5963	858,75659
1717,5809	850,5163
1718,5654	837,28668
1719,5499	825,46002
1720,5344	844,97113
1721,519	818,85236
1722,5035	817,10468
1723,488	831,17133
1724,4725	821,66589
1725,4572	844,3197
1726,4417	838,74158
1727,4261	847,42072
1728,4106	841,90771
1729,3953	865,95801
1730,3798	861,02142
1731,3643	861,32788
1732,3488	843,28442
1733,3334	875,83551
1734,3179	875,87842
1735,3024	867,79596
1736,2869	880,21985
1737,2715	876,71515
1738,256	879,46216
1739,2405	862,76868
1740,225	850,53278
1741,2096	866,24371
1742,1941	861,33643
1743,1786	857,88617
1744,1632	866,39679
1745,1477	843,34442
1746,1322	841,93671
1747,1167	850,69568
1748,1013	836,56744
1749,0858	862,3335
1750,0703	858,33832
1751,0548	855,50665
1752,0394	845,08344
1753,0239	870,14105
1754,0084	846,52118
1754,9929	867,67981
1755,9775	857,22766
1756,962	855,98883
1757,9465	860,70746
1758,931	866,88519
1759,9156	855,64349
1760,9001	867,74402
1761,8846	870,17688
1762,8691	886,16394
1763,8538	884,01251
1764,8383	875,21887
1765,8228	879,46106
1766,8074	884,2265
1767,7919	879,04346
1768,7764	877,72913
1769,7609	876,79865
1770,7455	878,94873
1771,73	878,51617
1772,7145	878,84357
1773,699	878,67041
1774,6836	859,73102
1775,6681	847,73242
1776,6526	859,9527
1777,6371	856,78491
1778,6217	837,23645
1779,6062	840,9292
1780,5907	830,43024
1781,5752	827,21863
1782,5598	853,65894
1783,5443	847,60291
1784,5288	830,56097
1785,5133	849,76062
1786,4979	840,43707
1787,4824	832,95813
1788,4669	823,56769
1789,4514	829,60846
1790,436	823,00262
1791,4205	827,02771
1792,405	847,39136
1793,3896	836,0199
1794,3741	836,3299
1795,3586	833,67444
1796,3431	826,53546
1797,3278	822,04742
1798,3123	830,57178
1799,2968	829,20874
1800,2813	836,42798
1801,2659	855,37555
1802,2504	831,76184
1803,2349	807,50134
1804,2194	829,13196
1805,204	843,45258
1806,1885	846,02264
1807,173	847,61499
1808,1575	859,94891
1809,1421	850,28241
1810,1266	830,67017
1811,1111	826,85431
1812,0956	811,45135
1813,0802	817,00592
1814,0647	840,26953
1815,0492	842,75952
1816,0338	835,85754
1817,0183	819,28992
1818,0028	819,69141
1818,9873	840,87665
1819,9719	835,45679
1820,9564	823,2522
1821,9409	822,83228
1822,9254	846,11969
1823,91	833,25201
1824,8945	823,28351
1825,879	835,8158
1826,8635	823,42719
1827,8481	860,14709
1828,8326	844,38959
1829,8171	840,25391
1830,8016	849,08655
1831,7863	832,35083
1832,7708	832,47681
1833,7552	833,63416
1834,7397	807,93585
1835,7244	844,60638
1836,7089	836,87744
1837,6934	840,82813
1838,678	825,61633
1839,6625	817,09467
1840,647	816,92212
1841,6315	836,54333
1842,6161	830,7403
1843,6006	818,02142
1844,5851	812,19061
1845,5696	787,89044
1846,5542	772,24115
1847,5387	790,36353
1848,5232	787,58527
1849,5077	781,92737
1850,4923	787,23773
1851,4768	804,06396
1852,4613	805,45203
1853,4458	785,70319
1854,4304	776,20679
1855,4149	776,72046
1856,3994	772,69757
1857,3839	780,1637
1858,3685	781,7713
1859,353	772,99591
1860,3375	767,40009
1861,322	767,87982
1862,3066	777,25348
1863,2911	788,1861
1864,2756	781,13879
1865,2603	756,50323
1866,2448	759,12976
1867,2292	780,6449
1868,2137	795,6972
1869,1984	774,41754
1870,1829	784,81299
1871,1674	800,65948
1872,1519	791,39948
1873,1365	780,25586
1874,121	773,3139
1875,1055	801,13318
1876,09	776,49109
1877,0746	794,98871
1878,0591	784,24854
1879,0436	792,46161
1880,0281	790,20892
1881,0127	775,17139
1881,9972	768,96259
1882,9817	764,94629
1883,9662	756,48822
1884,9508	745,35742
1885,9353	773,58234
1886,9198	771,63483
1887,9044	747,29791
1888,8889	782,16736
1889,8734	790,508
1890,8579	764,51721
1891,8425	766,64288
1892,827	768,21277
1893,8115	804,73511
1894,796	792,72345
1895,7806	761,64203
1896,7651	794,44958
1897,7496	772,20868
1898,7341	754,72217
1899,7188	768,00751
1900,7032	790,66803
1901,6877	780,53448
1902,6722	773,32233
1903,6569	771,21429
1904,6414	771,27136
1905,6259	776,27515
1906,6104	770,60486
1907,595	771,6875
1908,5795	758,13837
1909,564	763,51324
1910,5486	789,00745
1911,5331	770,37494
1912,5176	759,42389
1913,5021	791,8371
1914,4867	789,04767
1915,4712	779,19489
1916,4557	756,29712
1917,4402	774,93146
1918,4248	768,84625
1919,4093	778,28162
1920,3938	776,69037
1921,3783	790,67023
1922,3629	769,89899
1923,3474	767,75757
1924,3319	795,63165
1925,3164	789,82257
1926,301	794,80695
1927,2855	787,38562
1928,27	803,49341
1929,2545	803,065
1930,2391	797,6405
1931,2236	807,86066
1932,2081	819,97571
1933,1926	813,1944
1934,1772	823,71106
1935,1617	815,26605
1936,1462	829,54102
1937,1309	847,75873
1938,1154	828,27167
1939,0999	844,27167
1940,0844	844,68689
1941,069	835,14899
1942,0535	827,68469
1943,038	831,33673
1944,0225	822,0639
1945,0071	817,37134
1945,9916	804,96991
1946,9761	816,57288
1947,9606	844,84253
1948,9452	845,1048
1949,9297	837,8678
1950,9142	840,03601
1951,8987	841,91986
1952,8833	831,73987
1953,8678	839,12524
1954,8523	849,09009
1955,8368	841,16589
1956,8214	827,69025
1957,8059	822,5733
1958,7904	828,40167
1959,775	840,12946
1960,7595	848,65894
1961,744	830,08655
1962,7285	830,89917
1963,7131	846,47833
1964,6976	830,18451
1965,6821	844,50385
1966,6666	849,07178
1967,6512	837,25842
1968,6357	827,74664
1969,6202	822,86328
1970,6047	833,87793
1971,5894	857,40997
1972,5739	839,36511
1973,5583	832,11395
1974,5428	821,15393
1975,5275	793,90839
1976,512	780,00909
1977,4965	784,92352
1978,481	790,62665
1979,4656	786,98792
1980,4501	780,75885
1981,4346	785,80188
1982,4191	789,21497
1983,4037	796,26514
1984,3882	807,89661
1985,3727	834,01624
1986,3573	827,28406
1987,3418	807,61969
1988,3263	801,89966
1989,3108	811,79688
1990,2954	813,77222
1991,2799	810,14398
1992,2644	821,67346
1993,2489	804,16638
1994,2335	799,57318
1995,218	789,10907
1996,2025	811,18042
1997,187	808,36719
1998,1716	819,50403
1999,1561	808,1748
2000,1406	778,47687
2001,1251	794,16132
2002,1097	818,51166
2003,0942	812,54401
2004,0787	804,93335
2005,0632	824,72766
2006,0479	835,91711
2007,0323	817,87347
2008,0168	826,48566
2009,0015	809,89777
2009,986	799,19562
2010,9705	799,11053
2011,955	811,15509
2012,9396	784,4809
2013,9241	784,19678
2014,9086	808,61938
2015,8931	811,45636
2016,8777	808,67029
2017,8622	810,29169
2018,8467	807,09241
2019,8312	810,50854
2020,8158	818,68384
2021,8003	813,03198
2022,7848	817,17969
2023,7693	816,03241
2024,7539	818,10968
2025,7384	816,19092
2026,7229	815,29498
2027,7074	816,46295
2028,692	812,9574
2029,6765	806,76337
2030,661	789,74341
2031,6456	821,82965
2032,6301	806,78198
2033,6146	790,04449
2034,5991	796,27515
2035,5837	801,23071
2036,5682	790,87994
2037,5527	796,15735
2038,5372	793,7066
2039,5219	817,56561
2040,5063	816,42572
2041,4908	825,5813
2042,4753	837,30292
2043,46	827,81219
2044,4445	821,72662
2045,429	833,14655
2046,4135	826,21326
2047,3981	823,03625
2048,3826	829,25854
2049,3672	803,51306
2050,3516	817,66327
2051,3362	819,35822
2052,3206	813,62158
2053,3052	790,1322
2054,2898	783,82104
2055,2742	792,55951
2056,2588	796,76373
2057,2434	794,77173
2058,2278	775,69055
2059,2124	776,97809
2060,197	785,68878
2061,1814	786,84424
2062,166	790,55756
2063,1504	784,64172
2064,135	783,96667
2065,1196	786,92871
2066,104	808,60303
2067,0886	812,65796
2068,0732	804,60297
2069,0576	826,12842
2070,0422	841,15607
2071,0266	832,6955
2072,0112	855,2356
2072,9958	847,08209
2073,9802	854,06415
2074,9648	822,08862
2075,9495	824,61993
2076,9338	819,28027
2077,9185	816,25519
2078,9028	819,71997
2079,8875	822,70868
2080,8721	800,38977
2081,8564	805,6142
2082,8411	788,10236
2083,8257	788,85425
2084,8101	781,79492
2085,7947	783,89594
2086,7793	793,47424
2087,7637	769,53711
2088,7483	779,9776
2089,7327	775,5882
2090,7173	791,08984
2091,7019	797,78503
2092,6863	814,00903
2093,6709	796,22803
2094,6555	803,27069
2095,6399	806,10425
2096,6245	827,49719
2097,6089	843,05414
2098,5935	835,06335
2099,5781	823,64014
2100,5625	829,43335
2101,5471	818,91211
2102,5317	818,05176
2103,5161	812,32434
2104,5007	805,21429
2105,4854	804,22449
2106,4697	810,98328
2107,4543	812,85461
2108,4387	805,36682
2109,4233	799,01782
2110,408	791,95068
2111,3923	793,21826
2112,377	814,02014
2113,3616	830,90179
2114,3459	821,07922
2115,3306	831,90417
2116,3149	826,00934
2117,2996	798,21063
2118,2842	808,8927
2119,2686	820,1958
2120,2532	813,15778
2121,2378	801,66211
2122,2222	800,6427
2123,2068	804,94598
2124,1912	802,00867
2125,1758	805,19678
2126,1604	801,3288
2127,1448	826,47113
2128,1294	836,60211
2129,114	800,56555
2130,0984	802,74298
2131,083	837,13947
2132,0676	823,90741
2133,052	820,14459
2134,0366	804,5979
2135,021	807,19745
2136,0056	795,09491
2136,9902	828,43958
2137,9746	814,64569
2138,9592	835,6012
2139,9438	811,078
2140,9282	821,72089
2141,9128	823,77142
2142,8972	836,53638
2143,8818	842,38574
2144,8665	841,099
2145,8508	860,05292
2146,8354	859,97607
2147,8201	847,88043
2148,8044	852,41101
2149,7891	841,72107
2150,7734	832,72583
2151,7581	837,1449
2152,7427	841,12982
2153,7271	839,14178
2154,7117	825,42841
2155,6963	845,93365
2156,6807	842,8515
2157,6653	827,30225
2158,6499	824,41315
2159,6343	818,56335
2160,6189	828,93207
2161,6033	834,46698
2162,5879	834,32251
2163,5725	830,10089
2164,5569	837,97418
2165,5415	829,1427
2166,5261	799,047
2167,5105	820,2561
2168,4951	854,05841
2169,4795	849,91174
2170,4641	848,81158
2171,4487	836,54547
2172,4331	844,77966
2173,4177	861,97168
2174,4023	849,2597
2175,3867	854,08459
2176,3713	847,73737
2177,356	852,51703
2178,3403	859,11145
2179,325	854,86749
2180,3093	842,00482
2181,2939	843,6637
2182,2786	856,20215
2183,2629	849,50385
2184,2476	842,03259
2185,2322	833,32562
2186,2166	834,09924
2187,2012	855,11243
2188,1855	838,2912
2189,1702	825,28217
2190,1548	842,29486
2191,1392	828,76294
2192,1238	842,44507
2193,1084	819,06653
2194,0928	812,03241
2195,0774	813,2337
2196,0618	842,2207
2197,0464	826,9245
2198,031	834,71411
2199,0154	836,08136
2200	835,09796
2200,9846	846,56042
2201,969	841,58527
2202,9536	834,40851
2203,9382	819,60803
2204,9226	824,61029
2205,9072	829,35651
2206,8916	841,24335
2207,8762	837,88251
2208,8608	823,05548
2209,8452	834,44434
2210,8298	833,48804
2211,8145	832,97406
2212,7988	834,31995
2213,7834	813,39764
2214,7678	836,16217
2215,7524	829,29651
2216,7371	834,39948
2217,7214	826,33728
2218,7061	826,88513
2219,6907	822,88226
2220,675	820,49042
2221,6597	809,53357
2222,644	846,49725
2223,6287	834,95526
2224,6133	814,39362
2225,5977	825,10144
2226,5823	824,04852
2227,5669	836,0011
2228,5513	837,16528
2229,5359	835,22937
2230,5205	822,12372
2231,5049	832,16888
2232,4895	835,46661
2233,4739	821,85913
2234,4585	826,02649
2235,4431	812,57983
2236,4275	806,79803
2237,4121	830,04059
2238,3967	823,96899
2239,3811	863,28259
2240,3657	814,39343
2241,3501	847,12604
2242,3347	804,724
2243,3193	827,22021
2244,3037	827,76495
2245,2883	832,34137
2246,2729	835,27856
2247,2573	834,89001
2248,2419	818,76947
2249,2266	828,76581
2250,2109	840,14594
2251,1956	830,69922
2252,1799	830,30719
2253,1646	821,86951
2254,1492	837,76044
2255,1335	828,59882
2256,1182	817,82202
2257,1028	828,73871
2258,0872	827,07544
2259,0718	829,68268
2260,0562	831,58069
2261,0408	835,85382
2262,0254	853,28491
2263,0098	841,62048
2263,9944	837,4317
2264,979	842,01379
2265,9634	838,80865
2266,948	842,80585
2267,9324	851,38678
2268,917	838,99701
2269,9016	836,60358
2270,886	831,95392
2271,8706	834,77716
2272,8552	839,72797
2273,8396	829,24908
2274,8242	837,18921
2275,8088	848,64783
2276,7932	849,66321
2277,7778	852,42792
2278,7622	848,99963
2279,7468	853,09503
2280,7314	866,5202
2281,7158	849,40717
2282,7004	845,29041
2283,6851	848,69354
2284,6694	863,14838
2285,6541	866,21161
2286,6384	855,18805
2287,623	862,92041
2288,6077	858,77075
2289,592	864,30475
2290,5767	865,98975
2291,5613	860,45917
2292,5457	861,5426
2293,5303	868,07806
2294,5146	861,84247
2295,4993	863,03625
2296,4839	875,42505
2297,4683	851,16705
2298,4529	867,01837
2299,4375	877,70599
2300,4219	861,85052
2301,4065	867,13446
2302,3911	822,77386
2303,3755	851,85492
2304,3601	846,11945
2305,3445	848,03381
2306,3291	868,10748
2307,3137	877,93646
2308,2981	881,22461
2309,2827	870,87543
2310,2673	875,95911
2311,2517	884,12396
2312,2363	891,49646
2313,2207	886,84955
2314,2053	876,08521
2315,1899	879,54816
2316,1743	862,87354
2317,1589	885,91742
2318,1436	864,85028
2319,1279	883,51019
2320,1125	890,57892
2321,0972	887,72858
2322,0815	877,12909
2323,0662	916,0791
2324,0505	917,25952
2325,0352	899,62592
2326,0198	900,03668
2327,0042	905,34351
2327,9888	910,57318
2328,9734	907,63947
2329,9578	897,76306
2330,9424	883,20959
2331,9268	885,77905
2332,9114	877,24872
2333,896	879,38641
2334,8804	905,6825
2335,865	910,83783
2336,8496	889,33014
2337,834	894,20599
2338,8186	902,46722
2339,803	928,51764
2340,7876	912,97711
2341,7722	895,6637
2342,7566	896,64673
2343,7412	889,38086
2344,7258	894,42639
2345,7102	892,10321
2346,6948	885,31195
2347,6794	883,40369
2348,6638	883,61902
2349,6484	889,66534
2350,6328	887,33551
2351,6174	890,58234
2352,6021	871,34521
2353,5864	893,39398
2354,571	897,89624
2355,5557	895,93402
2356,54	904,78961
2357,5247	891,12982
2358,509	898,67487
2359,4937	900,55328
2360,4783	892,89777
2361,4626	907,45715
2362,4473	896,93323
2363,4319	889,22943
2364,4163	890,57098
2365,4009	890,69629
2366,3853	884,79779
2367,3699	900,00348
2368,3545	897,31763
2369,3389	913,09595
2370,3235	900,0993
2371,3081	902,15009
2372,2925	882,72131
2373,2771	895,21381
2374,2617	879,48969
2375,2461	900,35223
2376,2307	910,8078
2377,2151	894,84448
2378,1997	910,50592
2379,1843	908,21271
2380,1687	922,64606
2381,1533	920,97821
2382,1379	921,5495
2383,1223	945,27466
2384,1069	933,54822
2385,0913	939,73792
2386,0759	926,33545
2387,0605	923,84052
2388,0449	934,64966
2389,0295	946,32678
2390,0142	949,31586
2390,9985	938,5257
2391,9832	929,59747
2392,9675	929,05957
2393,9521	931,78033
2394,9368	918,58978
2395,9211	932,22174
2396,9058	944,76782
2397,8904	947,10657
2398,8748	933,94537
2399,8594	927,00366
2400,844	920,47003
2401,8284	908,35858
2402,813	914,94952
2403,7974	901,73138
2404,782	911,65082
2405,7666	909,86951
2406,751	939,02997
2407,7356	920,62762
2408,7202	902,35065
2409,7046	915,31165
2410,6892	919,72925
2411,6736	932,8136
2412,6582	920,59735
2413,6428	920,26074
2414,6272	902,16028
2415,6118	934,59241
2416,5964	910,396
2417,5808	955,18536
2418,5654	912,8197
2419,55	922,51593
2420,5344	930,1886
2421,519	916,80457
2422,5034	911,47198
2423,488	921,17902
2424,4727	909,8681
2425,457	925,65338
2426,4417	949,78156
2427,4263	925,29535
2428,4106	901,19812
2429,3953	897,6723
2430,3796	914,1778
2431,3643	931,98749
2432,3489	915,46991
2433,3333	928,46588
2434,3179	916,65466
2435,3025	941,34442
2436,2869	938,18658
2437,2715	927,74207
2438,2559	938,48724
2439,2405	949,14673
2440,2251	930,91248
2441,2095	939,42059
2442,1941	944,60419
2443,1787	930,14539
2444,1631	915,99182
2445,1477	927,98352
2446,1323	923,42859
2447,1167	928,79993
2448,1013	943,95441
2449,0857	935,65985
2450,0703	946,89331
2451,0549	942,27869
2452,0393	943,96429
2453,0239	951,09943
2454,0085	931,41986
2454,9929	941,09607
2455,9775	960,55957
2456,9619	917,97888
2457,9465	928,55481
2458,9312	953,32355
2459,9155	933,83746
2460,9001	916,05322
2461,8848	945,10455
2462,8691	936,74683
2463,8538	941,49573
2464,8381	965,53131
2465,8228	955,01239
2466,8074	936,42163
2467,7917	938,92053
2468,7764	935,38538
2469,761	942,31934
2470,7454	944,42871
2471,73	966,45068
2472,7146	967,07306
2473,699	950,91809
2474,6836	960,10999
2475,668	955,81952
2476,6526	940,20697
2477,6372	953,62103
2478,6216	948,5697
2479,6062	968,13562
2480,5908	944,14294
2481,5752	960,38287
2482,5598	955,83124
2483,5442	957,6106
2484,5288	948,97052
2485,5134	958,52081
2486,4978	980,95178
2487,4824	958,69305
2488,467	954,93762
2489,4514	947,57532
2490,436	944,99628
2491,4207	944,52112
2492,405	947,28558
2493,3896	951,99335
2494,374	952,58026
2495,3586	951,85785
2496,3433	956,72644
2497,3276	952,8053
2498,3123	956,58563
2499,2969	960,80603
2500,2813	956,54718
2501,2659	959,65771
2502,2502	966,07343
2503,2349	936,18158
2504,2195	939,05005
2505,2039	944,71497
2506,1885	958,26544
2507,1731	961,02838
2508,1575	950,69312
2509,1421	967,75153
2510,1265	966,13525
2511,1111	966,31549
2512,0957	937,60895
2513,0801	923,66467
2514,0647	957,97058
2515,0493	948,50995
2516,0337	937,96051
2517,0183	970,38281
2518,0029	950,87488
2518,9873	943,32574
2519,9719	944,88043
2520,9563	963,84515
2521,9409	960,43933
2522,9255	959,23871
2523,9099	960,08527
2524,8945	951,84656
2525,8792	952,3042
2526,8635	971,14954
2527,8481	947,41553
2528,8325	951,72247
2529,8171	959,55365
2530,8018	969,31873
2531,7861	970,25195
2532,7708	961,4566
2533,7554	974,25983
2534,7397	986,86432
2535,7244	987,33972
2536,7087	977,07794
2537,6934	970,9101
2538,678	981,13757
2539,6624	947,06396
2540,647	962,63867
2541,6316	963,62268
2542,616	978,77234
2543,6006	985,06305
2544,5852	991,30548
2545,5696	1001,0082
2546,5542	977,51135
2547,5386	970,43274
2548,5232	988,46863
2549,5078	951,96515
2550,4922	1001,1865
2551,4768	957,94916
2552,4614	961,75702
2553,4458	983,9646
2554,4304	982,26996
2555,4148	982,51001
2556,3994	986,07971
2557,384	983,80615
2558,3684	993,48822
2559,353	993,19604
2560,3376	982,19202
2561,322	991,65448
2562,3066	973,52057
2563,2913	979,65485
2564,2756	970,91931
2565,2603	967,94891
2566,2446	966,98138
2567,2292	971,7558
2568,2139	984,82489
2569,1982	986,99036
2570,1829	993,07574
2571,1675	961,51251
2572,1519	961,49255
2573,1365	981,06982
2574,1208	990,41986
2575,1055	981,32843
2576,0901	965,52887
2577,0745	963,29718
2578,0591	977,95746
2579,0437	975,44745
2580,0281	965,17505
2581,0127	972,22565
2581,9971	983,88464
2582,9817	997,79181
2583,9663	1012,0659
2584,9507	971,57562
2585,9353	966,61884
2586,9199	975,30316
2587,9043	963,80475
2588,8889	966,2049
2589,8735	963,66583
2590,8579	960,3916
2591,8425	978,12518
2592,8269	948,23669
2593,8115	952,3703
2594,7961	958,22693
2595,7805	950,38098
2596,7651	961,72644
2597,7498	977,61676
2598,7341	945,70148
2599,7188	947,25641
2600,7031	961,15302
2601,6877	947,45996
2602,6724	942,57483
2603,6567	973,60962
2604,6414	984,58496
2605,626	975,98022
2606,6104	964,59247
2607,595	975,16852
2608,5793	972,3125
2609,564	973,72614
2610,5486	973,93152
2611,533	977,42291
2612,5176	993,85431
2613,5022	979,28223
2614,4866	989,4552
2615,4712	966,81342
2616,4558	983,78394
2617,4402	990,00446
2618,4248	984,45282
2619,4092	998,20654
2620,3938	995,21173
2621,3784	1013,1826
2622,3628	1010,2689
2623,3474	1017,0524
2624,332	1033,9983
2625,3164	1052,0729
2626,301	1035,2911
2627,2854	1042,4144
2628,27	1011,1597
2629,2546	1012,87
2630,239	988,17963
2631,2236	999,60565
2632,2083	930,14948
2633,1926	926,20831
2634,1772	908,71783
2635,1619	908,87555
2636,1462	839,67664
2637,1309	796,87744
2638,1152	801,38397
2639,0999	794,65948
2640,0845	719,86896
2641,0688	716,26758
2642,0535	734,19012
2643,0381	712,08521
2644,0225	699,31287
2645,0071	691,65857
2645,9915	671,51221
2646,9761	687,72736
2647,9607	657,99347
2648,9451	650,68756
2649,9297	645,15277
2650,9143	659,04767
2651,8987	662,68909
2652,8833	671,06549
2653,8677	705,61621
2654,8523	712,82874
2655,8369	730,99469
2656,8213	722,93323
2657,8059	737,18506
2658,7905	725,01392
2659,7749	755,29944
2660,7595	748,23456
2661,7441	774,89856
2662,7285	781,47748
2663,7131	772,63342
2664,6975	806,01636
2665,6821	806,81274
2666,6667	787,49341
2667,6511	829,57904
2668,6357	852,59576
2669,6204	837,94208
2670,6047	857,37115
2671,5894	874,2464
2672,5737	906,36853
2673,5583	865,33557
2674,543	888,84491
2675,5273	926,57404
2676,512	923,69763
2677,4966	909,56293
2678,481	872,41553
2679,4656	895,68805
2680,45	871,73212
2681,4346	845,37073
2682,4192	855,58276
2683,4036	869,31244
2684,3882	830,56775
2685,3728	873,94971
2686,3572	864,42981
2687,3418	847,94427
2688,3264	822,31134
2689,3108	810,60699
2690,2954	822,86298
2691,2798	842,65009
2692,2644	800,99786
2693,249	819,19586
2694,2334	803,43768
2695,218	825,94385
2696,2026	834,10663
2697,187	833,91229
2698,1716	816,7995
2699,156	853,46082
2700,1406	809,56171
2701,1252	874,08472
2702,1096	836,53339
2703,0942	853,83069
2704,0789	851,96808
2705,0632	845,01154
2706,0479	873,18445
2707,0325	860,22351
2708,0168	851,61865
2709,0015	899,09296
2709,9858	868,92224
2710,9705	889,17212
2711,9551	896,53937
2712,9395	897,49139
2713,9241	915,96252
2714,9087	909,19879
2715,8931	904,16364
2716,8777	923,99567
2717,8621	914,7002
2718,8467	879,0741
2719,8313	905,05444
2720,8157	954,58789
2721,8003	950,87402
2722,7849	965,64771
2723,7693	967,27808
2724,7539	940,77557
2725,7383	946,82446
2726,7229	951,18872
2727,7075	938,84027
2728,6919	965,58307
2729,6765	985,51544
2730,6611	959,80066
2731,6455	958,37433
2732,6301	973,75861
2733,6147	914,97736
2734,5991	954,52393
2735,5837	954,24097
2736,5681	980,33032
2737,5527	995,36475
2738,5374	960,9903
2739,5217	964,25439
2740,5063	967,76099
2741,491	973,45825
2742,4753	951,16083
2743,46	945,05304
2744,4443	954,79529
2745,429	954,2428
2746,4136	985,67426
2747,3979	967,67529
2748,3826	987,60126
2749,3672	1003,8878
2750,3516	984,43683
2751,3362	994,25763
2752,3206	990,35852
2753,3052	987,98914
2754,2898	975,97205
2755,2742	988,25287
2756,2588	1006,8701
2757,2434	1002,5901
2758,2278	1005,9454
2759,2124	999,76544
2760,197	1011,7215
2761,1814	994,24945
2762,166	990,9718
2763,1504	985,62115
2764,135	983,3642
2765,1196	953,95569
2766,104	971,8252
2767,0886	971,31866
2768,0732	967,66516
2769,0576	994,01978
2770,0422	978,22192
2771,0266	994,40179
2772,0112	968,0647
2772,9958	960,31873
2773,9802	965,72211
2774,9648	959,99652
2775,9495	933,93042
2776,9338	951,16241
2777,9185	984,26111
2778,9028	952,85876
2779,8875	969,4433
2780,8721	967,95062
2781,8564	970,23071
2782,8411	978,02057
2783,8257	986,74506
2784,8101	985,40643
2785,7947	953,25848
2786,7793	954,85754
2787,7637	962,82416
2788,7483	976,92566
2789,7327	964,42047
2790,7173	956,3974
2791,7019	980,93018
2792,6863	970,7027
2793,6709	971,71808
2794,6555	985,44861
2795,6399	971,88251
2796,6245	963,54956
2797,6089	962,78241
2798,5935	969,52185
2799,5781	935,22644
2800,5625	969,1272
2801,5471	977,34332
2802,5317	989,83417
2803,5161	1010,5148
2804,5007	1021,3288
2805,4854	1009,3038
2806,4697	1000,617
2807,4543	1016,976
2808,4387	1023,9371
2809,4233	1040,6139
2810,408	1033,4601
2811,3923	1065,5625
2812,377	1075,9873
2813,3616	1069,8464
2814,3459	1090,7469
2815,3306	1119,4958
2816,3149	1138,9956
2817,2996	1164,9865
2818,2842	1184,9923
2819,2686	1211,5857
2820,2532	1272,1282
2821,2378	1292,4847
2822,2222	1326,8695
2823,2068	1356,5144
2824,1912	1379,7373
2825,1758	1417,9802
2826,1604	1500,1085
2827,1448	1496,9332
2828,1294	1589,2808
2829,114	1595,0818
2830,0984	1672,2231
2831,083	1689,5074
2832,0676	1731,7843
2833,052	1725,3856
2834,0366	1726,2288
2835,021	1772,2218
2836,0056	1763,8185
2836,9902	1776,0734
2837,9746	1784,9421
2838,9592	1791,547
2839,9438	1774,2903
2840,9282	1801,1914
2841,9128	1820,3136
2842,8972	1836,9293
2843,8818	1869,4042
2844,8665	1884,4344
2845,8508	1921,7948
2846,8354	2001,493
2847,8201	2022,6793
2848,8044	2133,8381
2849,7891	2185,5117
2850,7734	2234,7771
2851,7581	2332,3706
2852,7427	2417,6084
2853,7271	2552,5012
2854,7117	2613,8342
2855,6963	2727,2908
2856,6807	2815,9988
2857,6653	2914,6345
2858,6499	3022,1218
2859,6343	3136,436
2860,6189	3212,5142
2861,6033	3281,8337
2862,5879	3359,157
2863,5725	3437,1951
2864,5569	3518,4861
2865,5415	3542,4194
2866,5261	3606,1089
2867,5105	3685,52
2868,4951	3713,6785
2869,4795	3800,9839
2870,4641	3854,3965
2871,4487	3915,3716
2872,4331	3964,3948
2873,4177	3987,0105
2874,4023	4091,6814
2875,3867	4126,2017
2876,3713	4140,8462
2877,356	4200,2622
2878,3403	4286,6177
2879,325	4357,958
2880,3093	4470,4243
2881,2939	4523,7876
2882,2786	4602,6611
2883,2629	4693,3218
2884,2476	4767,2271
2885,2322	4833,4414
2886,2166	5012,0796
2887,2012	5085,5439
2888,1855	5210,416
2889,1702	5309,144
2890,1548	5489,3711
2891,1392	5587,6201
2892,1238	5680,2251
2893,1084	5804,1123
2894,0928	5969,1816
2895,0774	5994,8013
2896,0618	6079,7856
2897,0464	6249,5762
2898,031	6291,6958
2899,0154	6380,2183
2900	6400,29
2900,9846	6497,7119
2901,969	6529,9561
2902,9536	6565,9487
2903,9382	6585,6372
2904,9226	6660,0786
2905,9072	6611,4678
2906,8916	6736,1758
2907,8762	6756,0991
2908,8608	6816,9546
2909,8452	6896,7046
2910,8298	7045,4893
2911,8145	7157,2007
2912,7988	7198,0547
2913,7834	7331,8218
2914,7678	7427,2959
2915,7524	7605,4253
2916,7371	7801,3262
2917,7214	7882,1055
2918,7061	8104,4087
2919,6907	8215,6748
2920,675	8383,1777
2921,6597	8459,748
2922,644	8580,5283
2923,6287	8686,293
2924,6133	8785,7178
2925,5977	8758,1523
2926,5823	8781,2158
2927,5669	8857,1318
2928,5513	8820,0635
2929,5359	8827,7842
2930,5205	8760,8047
2931,5049	8722,4854
2932,4895	8585,3447
2933,4739	8545,3154
2934,4585	8425,5273
2935,4431	8312,3838
2936,4275	8139,7593
2937,4121	8070,9214
2938,3967	7915,2373
2939,3811	7736,1699
2940,3657	7634,0034
2941,3501	7459,583
2942,3347	7409,6411
2943,3193	7369,6587
2944,3037	7211,4238
2945,2883	7128,8203
2946,2729	7082,9502
2947,2573	6962,8994
2948,2419	6891,2979
2949,2266	6791,6348
2950,2109	6751,5215
2951,1956	6712,5161
2952,1799	6636,7744
2953,1646	6608,4189
2954,1492	6542,0615
2955,1335	6517,9751
2956,1182	6449,2666
2957,1028	6434,313
2958,0872	6372,7949
2959,0718	6366,8027
2960,0562	6263,3716
2961,0408	6254,1821
2962,0254	6251,1655
2963,0098	6190,6377
2963,9944	6153,9702
2964,979	6116,1807
2965,9634	6118,9971
2966,948	6134,5562
2967,9324	6107,1685
2968,917	6069,3604
2969,9016	6093,7061
2970,886	6066,8706
2971,8706	6083,0918
2972,8552	6123,9404
2973,8396	6089,5029
2974,8242	6102,3037
2975,8088	6084,9307
2976,7932	6086,874
2977,7778	6112,2861
2978,7622	6025,6128
2979,7468	6027,4277
2980,7314	5975,1128
2981,7158	5953,5327
2982,7004	5966,2754
2983,6851	5842,0957
2984,6694	5856,2754
2985,6541	5820,5952
2986,6384	5744,0596
2987,623	5686,2715
2988,6077	5595,8735
2989,592	5565,0645
2990,5767	5479,2881
2991,5613	5377,748
2992,5457	5323,5078
2993,5303	5237,2754
2994,5146	5082,6553
2995,4993	5021,9082
2996,4839	4882,1885
2997,4683	4756,8789
2998,4529	4607,5049
2999,4375	4465,6777
3000,4219	4312,1938
3001,4065	4181,5132
3002,3911	4044,5806
3003,3755	3908,3882
3004,3601	3773,5347
3005,3445	3597,1936
3006,3291	3473,4751
3007,3137	3315,55
3008,2981	3163,1226
3009,2827	3037,8535
3010,2673	2905,7734
3011,2517	2814,1414
3012,2363	2655,3076
3013,2207	2546,7913
3014,2053	2421,0959
3015,1899	2327,582
3016,1743	2244,9736
3017,1589	2172,677
3018,1436	2047,3451
3019,1279	1984,3407
3020,1125	1897,3773
3021,0972	1844,9895
3022,0815	1787,9155
3023,0662	1707,5414
3024,0505	1635,9855
3025,0352	1596,3947
3026,0198	1548,0732
3027,0042	1502,7809
3027,9888	1457,2894
3028,9734	1409,7312
3029,9578	1389,2775
3030,9424	1344,3162
3031,9268	1333,8982
3032,9114	1285,1798
3033,896	1266,6276
3034,8804	1244,4974
3035,865	1233,5344
3036,8496	1203,464
3037,834	1181,8158
3038,8186	1208,6143
3039,803	1277,0737
3040,7876	1306,0732
3041,7722	1340,4993
3042,7566	1548,9287
3043,7412	2006,8883
3044,7258	2517,3564
3045,7102	3186,1836
3046,6948	4395,4966
3047,6794	5357,3916
3048,6638	6345,3335
3049,6484	7994,5923
3050,6328	9669,2227
3051,6174	11242,013
3052,6021	13616,751
3053,5864	15385,483
3054,571	13490,146
3055,5557	8917,3223
3056,54	6323,5288
3057,5247	3836,3328
3058,509	1857,8174
3059,4937	1202,729
3060,4783	1054,7222
3061,4626	975,52997
3062,4473	945,84998
3063,4319	934,24414
3064,4163	916,672
3065,4009	895,43048
3066,3853	903,09564
3067,3699	903,50403
3068,3545	901,62219
3069,3389	885,19556
3070,3235	889,59058
3071,3081	871,60834
3072,2925	875,40155
3073,2771	843,11133
3074,2617	855,95142
3075,2461	861,9585
3076,2307	853,96924
3077,2151	846,76782
3078,1997	828,19739
3079,1843	830,06647
3080,1687	810,62836
3081,1533	814,10693
3082,1379	829,0976
3083,1223	806,85406
3084,1069	803,55701
3085,0913	798,04095
3086,0759	784,27002
3087,0605	779,1076
3088,0449	804,3576
3089,0295	792,84894
3090,0142	781,14124
3090,9985	780,88702
3091,9832	794,43121
3092,9675	789,66797
3093,9521	783,94916
3094,9368	775,20428
3095,9211	758,12939
3096,9058	782,01178
3097,8904	747,31042
3098,8748	755,9325
3099,8594	770,91541
3100,844	770,37451
3101,8284	766,29559
3102,813	757,83154
3103,7974	758,1214
3104,782	737,40106
3105,7666	747,98132
3106,751	744,27881
3107,7356	728,99738
3108,7202	754,15692
3109,7046	741,95673
3110,6892	739,62811
3111,6736	741,11212
3112,6582	752,99292
3113,6428	740,771
3114,6272	743,17682
3115,6118	747,15814
3116,5964	745,91626
3117,5808	739,4397
3118,5654	747,77026
3119,55	729,72797
3120,5344	727,64618
3121,519	725,25287
3122,5034	727,92767
3123,488	734,17438
3124,4727	734,05457
3125,457	752,56952
3126,4417	745,42755
3127,4263	742,91174
3128,4106	744,42816
3129,3953	737,87378
3130,3796	731,7959
3131,3643	739,76605
3132,3489	724,16022
3133,3333	732,85065
3134,3179	745,7597
3135,3025	715,17389
3136,2869	706,18506
3137,2715	728,79462
3138,2559	729,37079
3139,2405	725,65631
3140,2251	743,86499
3141,2095	730,62244
3142,1941	722,28967
3143,1787	719,38202
3144,1631	719,56757
3145,1477	737,7309
3146,1323	730,40222
3147,1167	740,198
3148,1013	728,9436
3149,0857	738,60291
3150,0703	730,5965
3151,0549	733,11664
3152,0393	744,63849
3153,0239	743,12622
3154,0085	739,83093
3154,9929	736,6095
3155,9775	746,58966
3156,9619	736,14178
3157,9465	719,91217
3158,9312	721,29919
3159,9155	732,80725
3160,9001	733,53894
3161,8848	731,52271
3162,8691	738,91119
3163,8538	750,6604
3164,8381	743,12933
3165,8228	740,36243
3166,8074	742,96136
3167,7917	739,39813
3168,7764	741,81989
3169,761	734,70703
3170,7454	750,81915
3171,73	758,30334
3172,7146	752,72748
3173,699	762,15973
3174,6836	743,90002
3175,668	727,85394
3176,6526	740,13898
3177,6372	743,89899
3178,6216	758,94257
3179,6062	748,10126
3180,5908	761,58984
3181,5752	752,66589
3182,5598	748,49628
3183,5442	753,18207
3184,5288	745,63733
3185,5134	738,81195
3186,4978	724,58136
3187,4824	769,48853
3188,467	745,30469
3189,4514	732,52698
3190,436	735,55109
3191,4207	752,28284
3192,405	758,94427
3193,3896	770,03278
3194,374	767,95184
3195,3586	742,50214
3196,3433	783,81061
3197,3276	773,91644
3198,3123	776,12964
3199,2969	770,47302
3200,2813	763,18939
3201,2659	777,78394
3202,2502	785,01489
3203,2349	757,49017
3204,2195	781,02399
3205,2039	764,711
3206,1885	773,42096
3207,1731	766,12671
3208,1575	771,99701
3209,1421	768,60474
3210,1265	762,06781
3211,1111	782,71259
3212,0957	780,96454
3213,0801	756,03949
3214,0647	789,79462
3215,0493	796,18433
3216,0337	781,9422
3217,0183	777,05463
3218,0029	768,79132
3218,9873	793,5733
3219,9719	798,36194
3220,9563	799,7207
3221,9409	769,27069
3222,9255	797,27966
3223,9099	780,67053
3224,8945	800,29413
3225,8792	790,849
3226,8635	792,87872
3227,8481	805,08429
3228,8325	797,48456
3229,8171	800,89087
3230,8018	828,50134
3231,7861	780,37762
3232,7708	795,16333
3233,7554	793,63531
3234,7397	787,02991
3235,7244	788,16675
3236,7087	768,28827
3237,6934	793,16553
3238,678	802,27563
3239,6624	794,84167
3240,647	775,48334
3241,6316	812,74146
3242,616	798,02252
3243,6006	789,24152
3244,5852	803,78668
3245,5696	807,22504
3246,5542	808,987
3247,5386	816,49261
3248,5232	808,08856
3249,5078	807,15405
3250,4922	801,64563
3251,4768	798,57928
3252,4614	791,90302
3253,4458	808,77051
3254,4304	809,27032
3255,4148	813,81665
3256,3994	812,94989
3257,384	812,52399
3258,3684	795,64539
3259,353	821,82886
3260,3376	824,32581
3261,322	826,53333
3262,3066	835,664
3263,2913	831,18512
3264,2756	816,61676
3265,2603	826,91882
3266,2446	822,96838
3267,2292	818,59308
3268,2139	833,4624
3269,1982	838,04608
3270,1829	819,29297
3271,1675	820,4798
3272,1519	814,31909
3273,1365	813,56409
3274,1208	822,22021
3275,1055	834,09229
3276,0901	817,82391
3277,0745	807,13763
3278,0591	820,53204
3279,0437	830,04608
3280,0281	811,4472
3281,0127	823,13647
3281,9971	814,55402
3282,9817	807,85321
3283,9663	825,31329
3284,9507	841,33728
3285,9353	813,2912
3286,9199	822,85651
3287,9043	808,52496
3288,8889	802,33356
3289,8735	821,94092
3290,8579	811,06219
3291,8425	797,73138
3292,8269	810,22168
3293,8115	792,94452
3294,7961	792,73676
3295,7805	778,78473
3296,7651	792,52863
3297,7498	734,42255
3298,7341	750,92511
3299,7188	736,52704
3300,7031	726,80841
3301,6877	724,99683
3302,6724	730,5296
3303,6567	718,21149
3304,6414	740,3432
3305,626	749,65411
3306,6104	767,11182
3307,595	766,67987
3308,5793	784,52155
3309,564	782,13788
3310,5486	801,09723
3311,533	807,08929
3312,5176	797,08411
3313,5022	791,05487
3314,4866	807,93787
3315,4712	813,58087
3316,4558	792,83295
3317,4402	810,72552
3318,4248	813,11945
3319,4092	807,66089
3320,3938	824,59711
3321,3784	806,23602
3322,3628	807,44659
3323,3474	794,62134
3324,332	810,79114
3325,3164	813,86304
3326,301	789,01971
3327,2854	827,76526
3328,27	810,61578
3329,2546	803,75623
3330,239	804,5014
3331,2236	798,27588
3332,2083	791,72418
3333,1926	805,18237
3334,1772	801,33044
3335,1619	818,83679
3336,1462	818,52759
3337,1309	804,26801
3338,1152	806,88702
3339,0999	817,72998
3340,0845	793,38403
3341,0688	815,08545
3342,0535	817,91748
3343,0381	803,99115
3344,0225	810,36182
3345,0071	806,289
3345,9915	808,18903
3346,9761	789,18243
3347,9607	810,38831
3348,9451	812,73401
3349,9297	822,659
3350,9143	787,28345
3351,8987	838,84979
3352,8833	827,26947
3353,8677	811,63934
3354,8523	845,78406
3355,8369	831,45996
3356,8213	810,24237
3357,8059	828,06787
3358,7905	804,16577
3359,7749	824,27411
3360,7595	824,73419
3361,7441	846,76227
3362,7285	851,23517
3363,7131	854,06305
3364,6975	825,00226
3365,6821	833,82635
3366,6667	853,16821
3367,6511	841,16327
3368,6357	834,27759
3369,6204	841,586
3370,6047	875,7157
3371,5894	842,72119
3372,5737	855,89178
3373,5583	848,06775
3374,543	856,15088
3375,5273	860,95959
3376,512	868,6947
3377,4966	882,6499
3378,481	841,30725
3379,4656	860,31128
3380,45	848,74323
3381,4346	832,07886
3382,4192	892,9007
3383,4036	877,53473
3384,3882	875,79547
3385,3728	890,24304
3386,3572	880,56335
3387,3418	866,95459
3388,3264	882,87793
3389,3108	890,67206
3390,2954	877,91956
3391,2798	872,87238
3392,2644	891,56317
3393,249	877,112
3394,2334	920,07208
3395,218	886,06439
3396,2026	891,4472
3397,187	900,61859
3398,1716	928,13672
3399,156	885,73187
3400,1406	917,56989
3401,1252	906,4007
3402,1096	891,21167
3403,0942	908,9668
3404,0789	911,22748
3405,0632	893,31036
3406,0479	914,8399
3407,0325	918,43066
3408,0168	912,84039
3409,0015	910,02057
3409,9858	922,18127
3410,9705	909,14105
3411,9551	911,72321
3412,9395	928,35931
3413,9241	904,78015
3414,9087	917,83496
3415,8931	930,04041
3416,8777	914,60962
3417,8621	914,30023
3418,8467	910,1568
3419,8313	905,90576
3420,8157	912,9458
3421,8003	909,63348
3422,7849	918,5462
3423,7693	910,71313
3424,7539	896,96069
3425,7383	926,2912
3426,7229	929,42267
3427,7075	921,35352
3428,6919	919,69916
3429,6765	904,8587
3430,6611	923,96796
3431,6455	921,21997
3432,6301	904,57928
3433,6147	913,4566
3434,5991	929,42133
3435,5837	916,59796
3436,5681	927,62323
3437,5527	912,69379
3438,5374	904,2326
3439,5217	919,8136
3440,5063	895,19696
3441,491	908,54565
3442,4753	908,26501
3443,46	882,96362
3444,4443	899,2597
3445,429	892,59735
3446,4136	887,26105
3447,3979	880,93646
3448,3826	900,52905
3449,3672	907,87573
3450,3516	897,00165
3451,3362	895,09253
3452,3206	879,42004
3453,3052	890,83502
3454,2898	883,74457
3455,2742	859,39258
3456,2588	872,47925
3457,2434	882,21252
3458,2278	859,03021
3459,2124	885,37775
3460,197	878,39368
3461,1814	857,79248
3462,166	884,08386
3463,1504	873,75391
3464,135	878,87177
3465,1196	867,0661
3466,104	858,85858
3467,0886	850,68713
3468,0732	854,82733
3469,0576	843,58557
3470,0422	825,94543
3471,0266	861,85364
3472,0112	815,758
3472,9958	844,99017
3473,9802	842,34369
3474,9648	821,0354
3475,9495	837,89764
3476,9338	823,35229
3477,9185	831,47021
3478,9028	825,16254
3479,8875	837,03101
3480,8721	815,11707
3481,8564	812,17749
3482,8411	814,58228
3483,8257	817,8338
3484,8101	813,02734
3485,7947	808,61615
3486,7793	795,84235
3487,7637	801,50769
3488,7483	788,04547
3489,7327	780,66815
3490,7173	791,3172
3491,7019	750,00311
3492,6863	773,52832
3493,6709	777,81006
3494,6555	755,02362
3495,6399	754,36993
3496,6245	754,92108
3497,6089	770,06531
3498,5935	757,30023
3499,5781	759,34143
3500,5625	752,26074
3501,5471	743,73254
3502,5317	730,28265
3503,5161	730,60278
3504,5007	729,93292
3505,4854	722,14221
3506,4697	722,4801
3507,4543	713,48572
3508,4387	719,2677
3509,4233	711,03601
3510,408	704,64783
3511,3923	707,65997
3512,377	718,93909
3513,3616	694,54791
3514,3459	706,08197
3515,3306	707,39697
3516,3149	707,03094
3517,2996	703,2796
3518,2842	677,65332
3519,2686	692,13507
3520,2532	657,5918
3521,2378	656,49438
3522,2222	665,85352
3523,2068	670,83154
3524,1912	667,08173
3525,1758	651,56274
3526,1604	668,75616
3527,1448	646,15137
3528,1294	653,51855
3529,114	655,88861
3530,0984	629,72821
3531,083	649,12195
3532,0676	630,51208
3533,052	634,25012
3534,0366	626,13861
3535,021	608,69318
3536,0056	622,17535
3536,9902	613,10315
3537,9746	624,17554
3538,9592	607,36102
3539,9438	619,23242
3540,9282	605,83704
3541,9128	592,61035
3542,8972	615,0802
3543,8818	610,08008
3544,8665	602,32159
3545,8508	621,09265
3546,8354	600,26355
3547,8201	583,25677
3548,8044	579,30017
3549,7891	565,18152
3550,7734	569,67786
3551,7581	569,97095
3552,7427	566,79156
3553,7271	579,34479
3554,7117	558,80249
3555,6963	569,09583
3556,6807	555,13947
3557,6653	557,31268
3558,6499	560,86646
3559,6343	548,63672
3560,6189	553,87622
3561,6033	561,51666
3562,5879	542,14746
3563,5725	547,05627
3564,5569	551,29871
3565,5415	538,12103
3566,5261	546,60547
3567,5105	541,47504
3568,4951	547,22345
3569,4795	533,37604
3570,4641	540,61615
3571,4487	516,89349
3572,4331	530,27472
3573,4177	513,21478
3574,4023	510,98126
3575,3867	501,01138
3576,3713	499,94937
3577,356	507,46594
3578,3403	503,30957
3579,325	505,46542
3580,3093	508,43515
3581,2939	500,73972
3582,2786	505,99893
3583,2629	511,41367
3584,2476	502,32211
3585,2322	509,68906
3586,2166	508,97968
3587,2012	495,40714
3588,1855	483,97589
3589,1702	499,62085
3590,1548	498,00903
3591,1392	484,27661
3592,1238	468,12094
3593,1084	473,61835
3594,0928	484,70956
3595,0774	468,63803
3596,0618	487,08469
3597,0464	493,17065
3598,031	482,5788
3599,0154	474,08932
3600	454,22754
