100	1171,5494
100,70248	1178,9796
101,40496	1139,5609
102,10744	1110,9236
102,80991	1081,4719
103,5124	1065,9244
104,21487	1058,2107
104,91736	1033,9142
105,61983	997,16522
106,32231	965,336
107,0248	952,29803
107,72727	941,1958
108,42975	931,70282
109,13223	915,94922
109,83471	890,67456
110,53719	898,08087
111,23967	886,065
111,94215	870,67206
112,64463	852,51563
113,34711	840,12073
114,04958	826,59393
114,75207	804,02124
115,45454	802,56891
116,15703	782,23712
116,8595	793,23242
117,56198	770,83075
118,26447	745,39703
118,96694	731,87976
119,66942	717,40582
120,3719	704,6944
121,07438	722,93066
121,77686	716,19043
122,47934	705,87292
123,18182	691,78058
123,8843	673,84631
124,58678	659
125,28925	658,41565
125,99174	648,9527
126,69421	641,20239
127,3967	632,2384
128,09917	631,67828
128,80165	632,41205
129,50414	624,01544
130,2066	612,1189
130,90909	613,44812
131,61157	602,09534
132,31406	589,96222
133,01653	582,07959
133,71901	587,65985
134,42149	598,02625
135,12396	588,08514
135,82645	587,03845
136,52893	563,10553
137,2314	565,14209
137,93388	565,99481
138,63637	559,34808
139,33884	549,10309
140,04132	542,05341
140,7438	553,17139
141,44627	545,22461
142,14876	551,2959
142,85124	548,67047
143,55373	532,39929
144,2562	524,97992
144,95868	541,67163
145,66116	543,69556
146,36363	553,00385
147,06612	553,3941
147,7686	549,26703
148,47107	546,60852
149,17355	549,47668
149,87604	550,4538
150,57851	534,13483
151,28099	533,36981
151,98347	529,14124
152,68594	527,38513
153,38843	527,17999
154,09091	535,4259
154,7934	547,82959
155,49586	549,34143
156,19835	545,21954
156,90083	530,42438
157,6033	524,37933
158,30579	523,73004
159,00827	529,396
159,71074	539,59998
160,41322	543,08746
161,11571	523,52417
161,81818	541,71442
162,52066	536,86353
163,22314	534,55475
163,92561	533,57593
164,6281	524,46112
165,33058	510,69818
166,03305	509,96021
166,73553	515,1615
167,43802	510,9295
168,1405	501,37177
168,84297	498,12686
169,54546	491,40894
170,24794	482,89822
170,95041	484,33112
171,65289	492,5694
172,35538	468,11768
173,05785	472,34091
173,76033	469,51868
174,46281	466,68707
175,16528	457,82956
175,86777	448,15689
176,57025	454,95615
177,27272	441,34872
177,9752	415,21442
178,67769	417,82837
179,38017	407,61761
180,08264	412,64285
180,78513	417,90417
181,48761	398,96167
182,19008	397,79324
182,89256	395,47195
183,59505	390,44058
184,29752	377,01987
185	367,39313
185,70248	366,32605
186,40495	366,01221
187,10744	358,91113
187,80992	362,44199
188,51239	359,54605
189,21487	356,13654
189,91736	363,52692
190,61983	361,48099
191,32231	347,10153
192,0248	335,20911
192,72728	339,04865
193,42975	345,13199
194,13223	334,86951
194,83472	349,86209
195,53719	355,57275
196,23967	356,24927
196,94215	353,1275
197,64462	343,67493
198,34711	338,69189
199,04959	343,91666
199,75206	343,34348
200,45454	340,44885
201,15703	340,3573
201,8595	331,40936
202,56198	318,21326
203,26447	320,41724
203,96695	339,07462
204,66942	341,10013
205,3719	317,73062
206,07439	312,07217
206,77686	326,24323
207,47934	342,20593
208,18182	339,88986
208,88429	321,1575
209,58678	326,75662
210,28926	310,56595
210,99173	320,82593
211,69421	316,23541
212,3967	311,5824
213,09917	309,89944
213,80165	310,04178
214,50414	314,20193
215,2066	309,12274
215,90909	309,99313
216,61157	301,69788
217,31406	306,08673
218,01653	302,24707
218,71901	307,37564
219,42149	321,51477
220,12396	308,21927
220,82645	303,2746
221,52893	313,57712
222,2314	311,78641
222,93388	311,19647
223,63637	312,76575
224,33884	315,22766
225,04132	309,43216
225,7438	290,99448
226,44627	306,91943
227,14876	311,48044
227,85124	307,26956
228,55373	301,02734
229,2562	297,73132
229,95868	298,28488
230,66116	302,13712
231,36363	309,45645
232,06612	318,48773
232,7686	298,14688
233,47107	313,03806
234,17355	308,22137
234,87604	308,82443
235,57851	306,43491
236,28099	295,80054
236,98347	298,59375
237,68594	306,91254
238,38843	304,96716
239,09091	297,82138
239,7934	293,3096
240,49586	295,43295
241,19835	292,66351
241,90083	290,03119
242,6033	300,18497
243,30579	292,74149
244,00827	289,22348
244,71074	299,35202
245,41322	292,22162
246,11571	286,81509
246,81818	286,84576
247,52066	284,61423
248,22314	275,53833
248,92561	268,215
249,6281	280,40909
250,33058	275,8847
251,03305	270,60858
251,73553	274,99289
252,43802	277,92239
253,1405	285,42386
253,84297	299,57559
254,54546	293,48053
255,24794	282,72516
255,95041	293,50375
256,65289	287,44626
257,35538	297,25479
258,05786	299,40115
258,76035	288,93146
259,4628	282,94455
260,16528	288,82874
260,86777	278,12714
261,57025	283,70065
262,27274	274,34555
262,97522	277,32159
263,67767	281,99951
264,38016	285,96487
265,08264	284,64746
265,78513	278,90463
266,48761	289,79404
267,19009	281,16107
267,89255	280,85104
268,59503	286,7034
269,29752	275,54092
270	268,49557
270,70248	271,35065
271,40497	274,44006
272,10745	275,08447
272,80991	269,09924
273,51239	286,03918
274,21487	276,06268
274,91736	280,25763
275,61984	280,4823
276,32233	279,12564
277,02478	279,84375
277,72726	278,62418
278,42975	280,66397
279,13223	269,28827
279,83472	276,5022
280,5372	276,15616
281,23965	280,68524
281,94214	284,34836
282,64462	281,73749
283,34711	276,77826
284,04959	276,93277
284,75208	277,46725
285,45456	271,08228
286,15701	268,92749
286,8595	271,47723
287,56198	272,75842
288,26447	275,44299
288,96695	270,9201
289,66943	262,09766
290,37189	279,79608
291,07437	281,71542
291,77686	277,2851
292,47934	270,61417
293,18182	271,27579
293,88431	267,34207
294,58679	258,92953
295,28925	257,64267
295,99173	263,68964
296,69421	254,701
297,3967	274,1947
298,09918	287,46552
298,80167	275,25546
299,50412	269,98822
300,2066	272,31058
300,90909	277,96805
301,61157	279,1756
302,31406	269,56287
303,01654	264,41074
303,71899	269,43817
304,42148	267,14658
305,12396	267,40723
305,82645	260,93515
306,52893	261,2887
307,23141	268,1673
307,9339	270,42285
308,63635	269,57471
309,33884	283,12674
310,04132	258,25934
310,7438	271,7905
311,44629	283,92197
312,14877	282,12671
312,85123	275,08618
313,55371	278,04303
314,2562	288,13977
314,95868	285,94873
315,66116	278,40338
316,36365	274,84436
317,0661	272,95221
317,76859	273,57797
318,47107	273,3288
319,17355	270,82065
319,87604	268,67578
320,57852	270,57315
321,28101	275,42841
321,98346	274,34842
322,68594	270,7858
323,38843	283,87717
324,09091	282,21674
324,7934	278,20496
325,49588	270,87845
326,19833	266,16901
326,90082	267,42163
327,6033	267,40527
328,30579	266,13681
329,00827	259,79672
329,71075	260,51718
330,41321	262,67459
331,11569	271,38193
331,81818	266,70392
332,52066	259,03726
333,22314	258,27744
333,92563	254,91389
334,62811	253,84047
335,33057	265,42859
336,03305	253,14427
336,73553	258,35025
337,43802	255,09695
338,1405	256,89471
338,84299	252,67209
339,54544	248,72571
340,24792	256,13678
340,95041	248,60608
341,65289	248,40262
342,35538	244,92654
343,05786	251,01929
343,76035	253,90643
344,4628	250,29314
345,16528	251,43346
345,86777	253,54871
346,57025	248,79691
347,27274	242,51671
347,97522	233,66928
348,67767	239,03375
349,38016	258,09964
350,08264	245,63197
350,78513	240,46075
351,48761	248,74596
352,19009	251,28714
352,89255	245,12071
353,59503	243,09958
354,29752	238,93823
355	242,63135
355,70248	246,99879
356,40497	249,85178
357,10745	249,10782
357,80991	246,55478
358,51239	240,88297
359,21487	236,03241
359,91736	234,27959
360,61984	232,13463
361,32233	236,25253
362,02478	246,11124
362,72726	237,80669
363,42975	245,61487
364,13223	244,42499
364,83472	245,74931
365,5372	246,11041
366,23965	244,44672
366,94214	248,21257
367,64462	253,66216
368,34711	253,55515
369,04959	257,14209
369,75208	265,76666
370,45456	263,68607
371,15701	275,04443
371,8595	286,08536
372,56198	294,138
373,26447	304,37042
373,96695	311,0184
374,66943	312,04211
375,37189	350,88062
376,07437	341,30026
376,77686	340,45264
377,47934	351,70551
378,18182	367,35919
378,88431	371,1203
379,58679	354,63116
380,28925	337,78497
380,99173	336,01822
381,69421	309,73648
382,3967	288,61279
383,09918	286,61703
383,80167	273,33374
384,50412	274,0957
385,2066	271,14371
385,90909	263,23541
386,61157	259,73074
387,31406	257,07736
388,01654	248,6738
388,71899	252,54123
389,42148	236,35976
390,12396	241,76036
390,82645	225,79951
391,52893	223,4855
392,23141	227,75075
392,9339	230,67714
393,63635	233,77925
394,33884	231,57814
395,04132	217,94968
395,7438	213,11794
396,44629	219,15158
397,14877	215,8383
397,85123	221,19385
398,55371	215,04037
399,2562	211,84924
399,95868	216,20786
400,66116	223,29469
401,36365	224,87701
402,0661	221,76401
402,76859	224,90462
403,47107	217,27826
404,17355	218,47467
404,87604	215,68958
405,57852	222,10837
406,28101	228,28249
406,98346	224,59604
407,68594	227,21555
408,38843	232,21419
409,09091	227,4939
409,7934	227,57884
410,49588	224,29388
411,19833	224,29057
411,90082	215,56085
412,6033	209,55269
413,30579	217,14874
414,00827	217,31984
414,71075	218,00162
415,41321	221,4449
416,11569	220,23669
416,81818	217,04564
417,52066	219,88907
418,22314	218,69954
418,92563	233,27686
419,62811	225,13374
420,33057	228,46953
421,03305	236,03172
421,73553	241,9351
422,43802	249,73413
423,1405	247,94662
423,84299	236,15749
424,54544	241,6306
425,24792	243,55603
425,95041	240,2274
426,65289	236,59639
427,35538	245,68629
428,05786	244,44341
428,76035	248,58669
429,4628	246,13458
430,16528	241,52687
430,86777	242,81767
431,57025	241,11569
432,27274	231,106
432,97522	226,69334
433,67767	234,86305
434,38016	222,68993
435,08264	228,98679
435,78513	223,58336
436,48761	222,62009
437,19009	209,64709
437,89255	198,24307
438,59503	203,97977
439,29752	213,70016
440	224,66786
440,70248	218,61203
441,40497	225,57506
442,10745	224,06099
442,80991	216,37119
443,51239	222,56178
444,21487	223,71333
444,91736	218,01395
445,61984	217,52518
446,32233	220,78862
447,02478	221,50221
447,72726	232,46518
448,42975	233,26222
449,13223	208,4832
449,83472	206,30125
450,5372	196,5724
451,23965	178,59528
451,94214	169,63615
452,64462	170,20168
453,34711	171,21698
454,04959	174,69685
454,75208	183,5042
455,45456	179,66179
456,15701	159,21916
456,8595	171,97726
457,56198	173,88152
458,26447	191,38766
458,96695	196,00873
459,66943	207,79988
460,37189	213,16951
461,07437	216,44984
461,77686	229,42902
462,47934	241,87405
463,18182	239,79871
463,88431	241,13007
464,58679	234,42676
465,28925	217,38075
465,99173	227,99754
466,69421	196,35313
467,3967	207,73668
468,09918	221,57256
468,80167	231,08879
469,50412	239,68953
470,2066	245,29349
470,90909	253,93985
471,61157	261,77881
472,31406	271,69803
473,01654	292,91116
473,71899	293,91846
474,42148	287,47186
475,12396	301,22321
475,82645	290,83307
476,52893	285,33929
477,23141	276,60513
477,9339	260,82324
478,63635	251,84999
479,33884	236,38336
480,04132	213,69968
480,7438	213,5074
481,44629	242,07159
482,14877	225,28267
482,85123	222,66808
483,55371	206,50476
484,2562	200,08136
484,95868	196,78113
485,66116	187,51111
486,36365	178,43616
487,0661	171,85231
487,76859	163,59787
488,47107	171,67256
489,17355	184,89574
489,87604	206,61191
490,57852	193,87227
491,28101	203,17001
491,98346	198,87766
492,68594	190,8932
493,38843	175,94261
494,09091	182,50778
494,7934	201,85368
495,49588	200,39491
496,19833	194,53662
496,90082	182,31958
497,6033	162,54378
498,30579	134,05748
499,00827	110,73116
499,71075	117,53055
500,41321	131,44867
501,11569	141,78397
501,81818	144,51778
502,52066	135,33504
503,22314	133,51939
503,92563	150,47533
504,62811	163,4364
505,33057	168,35094
506,03305	171,87439
506,73553	181,79401
507,43802	182,94872
508,1405	153,64714
508,84299	129,72462
509,54544	120,5993
510,24792	106,41169
510,95041	107,09643
511,65289	127,14191
512,35535	149,72345
513,05786	165,95978
513,76031	172,60185
514,46283	176,03162
515,16528	154,77878
515,8678	178,00885
516,57025	172,55463
517,27271	174,08362
517,97522	163,89615
518,67767	162,50345
519,38019	157,76299
520,08264	148,1055
520,7851	128,51945
521,48761	101,78074
522,19006	89,768005
522,89258	87,287941
523,59503	77,550568
524,29755	94,471817
525	125,84441
525,70245	141,61983
526,40497	149,18657
527,10742	148,57318
527,80994	138,34647
528,51239	131,15805
529,2149	124,91685
529,91736	123,87231
530,61981	132,50485
531,32233	139,29456
532,02478	147,0582
532,72729	161,1216
533,42975	155,68884
534,1322	154,65569
534,83472	145,10098
535,53717	139,89374
536,23969	138,19568
536,94214	131,31818
537,64465	136,82118
538,34711	139,73035
539,04956	125,60471
539,75208	114,4439
540,45453	117,52846
541,15704	117,16592
541,8595	142,02148
542,56201	157,52142
543,26447	154,43657
543,96692	150,14871
544,66943	138,1488
545,37189	122,18933
546,0744	112,25463
546,77686	117,60255
547,47931	133,83467
548,18182	144,95615
548,88428	153,5038
549,58679	162,63788
550,28925	156,04942
550,99176	147,44098
551,69421	128,5802
552,39667	117,45307
553,09918	106,32507
553,80164	117,78025
554,50415	111,64704
555,2066	116,85782
555,90912	130,04227
556,61157	136,76532
557,31403	140,64696
558,01654	149,20705
558,71899	160,9642
559,42151	171,86479
560,12396	178,00972
560,82642	174,90825
561,52893	181,91139
562,23138	175,22562
562,9339	171,8134
563,63635	176,65858
564,33887	171,11258
565,04132	175,23286
565,74377	165,78851
566,44629	172,34216
567,14874	173,38231
567,85126	164,18024
568,55371	162,84798
569,25623	164,74675
569,95868	165,69855
570,66113	159,20079
571,36365	157,27135
572,0661	155,52969
572,76862	146,02603
573,47107	150,82274
574,17358	151,43034
574,87604	139,59453
575,57849	143,53728
576,28101	156,96184
576,98346	157,92474
577,68597	160,00537
578,38843	167,77176
579,09088	167,91052
579,7934	164,78067
580,49585	159,09789
581,19836	164,15607
581,90082	153,49963
582,60333	153,69647
583,30579	146,10664
584,00824	142,05446
584,71075	164,50754
585,41321	164,04379
586,11572	154,41779
586,81818	139,41371
587,52069	145,9993
588,22314	159,45711
588,9256	162,54182
589,62811	166,06938
590,33057	160,47697
591,03308	152,43315
591,73553	149,04559
592,43799	132,40746
593,1405	149,20213
593,84296	125,47067
594,54547	133,69984
595,24792	132,26517
595,95044	114,03897
596,65289	105,5817
597,35535	99,15493
598,05786	99,63842
598,76031	109,89049
599,46283	123,77812
600,16528	139,40874
600,8678	153,01135
601,57025	155,35751
602,27271	147,11214
602,97522	146,89218
603,67767	165,67506
604,38019	190,00854
605,08264	170,20235
605,7851	155,91664
606,48761	162,18025
607,19006	155,58856
607,89258	163,42853
608,59503	169,89021
609,29755	167,35257
610	162,38472
610,70245	162,18321
611,40497	170,51428
612,10742	168,05305
612,80994	149,77878
613,51239	167,02028
614,2149	151,45625
614,91736	153,32822
615,61981	153,32813
616,32233	153,32481
617,02478	152,68387
617,72729	150,12135
618,42975	143,80786
619,1322	126,27022
619,83472	116,29937
620,53717	115,4116
621,23969	124,14765
621,94214	139,36464
622,64465	143,19174
623,34711	141,40485
624,04956	154,71579
624,75208	158,80348
625,45453	145,43715
626,15704	147,37526
626,8595	152,70001
627,56201	150,44667
628,26447	147,7419
628,96692	158,0381
629,66943	153,98985
630,37189	153,62993
631,0744	150,34518
631,77686	151,55164
632,47931	142,82497
633,18182	132,59215
633,88428	138,67964
634,58679	134,01755
635,28925	122,55292
635,99176	141,58568
636,69421	151,867
637,39667	148,86383
638,09918	131,07645
638,80164	112,24535
639,50415	112,99596
640,2066	114,87775
640,90912	122,34721
641,61157	129,76219
642,31403	131,43115
643,01654	129,99603
643,71899	126,59426
644,42151	130,08539
645,12396	130,92105
645,82642	128,16805
646,52893	139,80449
647,23138	150,06503
647,9339	145,8976
648,63635	128,95158
649,33887	126,45364
650,04132	127,06441
650,74377	124,12384
651,44629	125,07058
652,14874	138,97707
652,85126	142,13484
653,55371	148,1348
654,25623	146,54761
654,95868	154,64558
655,66113	149,94031
656,36365	144,92897
657,0661	145,95551
657,76862	148,37674
658,47107	152,40224
659,17358	149,40938
659,87604	145,85641
660,57849	141,38597
661,28101	115,87999
661,98346	119,66007
662,68597	113,15301
663,38843	114,29803
664,09088	107,60552
664,7934	101,83769
665,49585	107,67076
666,19836	87,564743
666,90082	92,536728
667,60333	111,64314
668,30579	104,47525
669,00824	107,30289
669,71075	121,04044
670,41321	116,90781
671,11572	114,56142
671,81818	127,59768
672,52069	124,94884
673,22314	108,57166
673,9256	103,64967
674,62811	113,06094
675,33057	101,047
676,03308	101,3026
676,73553	109,08103
677,43799	112,76186
678,1405	118,28954
678,84296	130,57648
679,54547	134,57436
680,24792	151,40543
680,95044	151,33992
681,65289	146,16745
682,35535	141,48557
683,05786	133,7715
683,76031	119,64827
684,46283	104,82791
685,16528	93,857513
685,8678	86,266396
686,57025	94,128502
687,27271	108,37621
687,97522	113,28807
688,67767	134,01233
689,38019	129,58253
690,08264	134,86543
690,7851	134,97073
691,48761	142,33205
692,19006	144,61011
692,89258	133,16519
693,59503	118,51746
694,29755	97,575287
695	96,50428
695,70245	99,031219
696,40497	108,20406
697,10742	118,1293
697,80994	122,87368
698,51239	133,15292
699,2149	146,57315
699,91736	147,42928
700,61981	136,61757
701,32233	129,52336
702,02478	134,32191
702,72729	120,50123
703,42975	118,82344
704,1322	124,80132
704,83472	123,00282
705,53717	134,44882
706,23969	136,73174
706,94214	149,82425
707,64465	132,97626
708,34711	118,02742
709,04956	100,29211
709,75208	100,35229
710,45453	101,6073
711,15704	105,61222
711,8595	123,73997
712,56201	141,08934
713,26447	144,47063
713,96692	144,26411
714,66943	149,29846
715,37189	152,82265
716,0744	149,26543
716,77686	146,39604
717,47931	149,96045
718,18182	143,92104
718,88428	130,83099
719,58679	130,68944
720,28925	130,14339
720,99176	142,26065
721,69421	129,94653
722,39667	141,28041
723,09918	155,89799
723,80164	155,59363
724,50415	157,21107
725,2066	157,17404
725,90912	147,58733
726,61157	139,11105
727,31403	136,80225
728,01654	146,27412
728,71899	147,5367
729,42151	143,85947
730,12396	147,91707
730,82642	153,25204
731,52893	160,97231
732,23138	150,57486
732,9339	141,48543
733,63635	129,52994
734,33887	128,40593
735,04132	148,9575
735,74377	149,83287
736,44629	164,96649
737,14874	172,62718
737,85126	168,98
738,55371	179,77342
739,25623	170,4446
739,95868	180,40392
740,66113	164,06468
741,36365	167,53038
742,0661	166,50452
742,76862	167,36412
743,47107	174,91458
744,17358	171,77391
744,87604	166,71956
745,57849	161,33743
746,28101	165,11497
746,98346	179,61493
747,68597	194,48422
748,38843	213,22124
749,09088	220,51479
749,7934	229,4279
750,49585	244,93474
751,19836	256,19382
751,90082	272,79666
752,60333	279,83893
753,30579	278,94357
754,00824	273,01926
754,71075	256,77179
755,41321	248,26915
756,11572	228,59486
756,81818	218,95166
757,52069	215,73003
758,22314	185,78575
758,9256	169,18207
759,62811	154,86588
760,33057	171,92773
761,03308	182,76909
761,73553	179,18686
762,43799	178,92162
763,1405	170,79858
763,84296	176,33687
764,54547	190,93272
765,24792	192,0724
765,95044	189,1015
766,65289	182,26302
767,35535	177,27168
768,05786	177,79187
768,76031	177,54384
769,46283	181,55193
770,16528	179,45398
770,8678	182,78
771,57025	172,36153
772,27271	171,01848
772,97522	175,83899
773,67767	176,4644
774,38019	166,81041
775,08264	166,57735
775,7851	178,58241
776,48761	180,47202
777,19006	177,20813
777,89258	181,31114
778,59503	179,4446
779,29755	183,14702
780	176,16371
780,70245	175,23665
781,40497	178,88992
782,10742	185,24944
782,80994	192,47653
783,51239	196,02362
784,2149	194,51033
784,91736	184,00987
785,61981	187,15224
786,32233	206,54579
787,02478	210,40337
787,72729	209,99326
788,42975	218,11104
789,1322	226,75404
789,83472	221,18929
790,53717	235,63054
791,23969	233,19542
791,94214	222,77144
792,64465	248,18655
793,34711	263,55682
794,04956	297,35947
794,75208	343,47415
795,45453	370,30344
796,15704	383,24432
796,8595	410,83853
797,56201	459,55811
798,26447	453,96683
798,96692	444,02118
799,66943	434,31555
800,37189	418,06915
801,0744	389,38226
801,77686	349,43051
802,47931	318,62213
803,18182	298,59833
803,88428	277,02832
804,58679	269,5253
805,28925	266,1951
805,99176	256,07831
806,69421	252,45764
807,39667	243,60175
808,09918	227,89059
808,80164	224,66504
809,50415	220,42967
810,2066	210,7477
810,90912	213,86562
811,61157	215,93553
812,31403	211,10866
813,01654	212,85977
813,71899	206,07089
814,42151	191,91537
815,12396	213,80347
815,82642	217,90442
816,52893	208,10678
817,23138	219,07506
817,9339	214,57387
818,63635	214,46762
819,33887	216,30571
820,04132	218,36095
820,74377	218,2515
821,44629	221,38835
822,14874	213,30583
822,85126	210,59068
823,55371	194,74823
824,25623	202,4389
824,95868	212,67386
825,66113	195,41881
826,36365	199,51498
827,0661	197,89401
827,76862	190,05051
828,47107	178,42548
829,17358	196,93146
829,87604	197,56027
830,57849	190,78157
831,28101	205,24922
831,98346	212,11635
832,68597	206,68539
833,38843	205,2827
834,09088	203,87047
834,7934	206,91483
835,49585	210,87155
836,19836	209,13911
836,90082	206,2675
837,60333	200,99664
838,30579	198,65479
839,00824	194,93182
839,71075	199,0363
840,41321	195,69574
841,11572	192,68146
841,81818	190,35669
842,52069	196,78377
843,22314	194,65398
843,9256	190,90225
844,62811	202,13564
845,33057	192,36337
846,03308	194,34845
846,73553	201,88992
847,43799	180,71162
848,1405	209,67273
848,84296	192,24663
849,54547	179,87288
850,24792	180,04231
850,95044	180,39737
851,65289	179,13467
852,35535	176,34366
853,05786	175,87521
853,76031	182,29378
854,46283	182,25014
855,16528	183,88046
855,8678	183,36407
856,57025	184,0616
857,27271	186,2291
857,97522	182,49387
858,67767	182,34871
859,38019	184,34918
860,08264	190,64664
860,7851	179,11525
861,48761	186,55611
862,19006	194,79584
862,89258	192,23227
863,59503	193,10489
864,29755	194,56403
865	196,8349
865,70245	187,24394
866,40497	188,91724
867,10742	195,09331
867,80994	196,92479
868,51239	191,93613
869,2149	200,32619
869,91736	206,08739
870,61981	204,41316
871,32233	205,68253
872,02478	214,62622
872,72729	231,10938
873,42975	244,84593
874,1322	258,30017
874,83472	274,60892
875,53717	292,50162
876,23969	312,62653
876,94214	310,73276
877,64465	299,50104
878,34711	286,48367
879,04956	265,69589
879,75208	253,54823
880,45453	239,42201
881,15704	224,45322
881,8595	221,79553
882,56201	196,89084
883,26447	193,66322
883,96692	185,25232
884,66943	186,19547
885,37189	185,62247
886,0744	181,13167
886,77686	180,61177
887,47931	187,5952
888,18182	173,09341
888,88428	176,03093
889,58679	170,35129
890,28925	171,03259
890,99176	171,17357
891,69421	165,69376
892,39667	180,38629
893,09918	173,43484
893,80164	167,8866
894,50415	161,29701
895,2066	159,34151
895,90912	153,44299
896,61157	154,38718
897,31403	155,78658
898,01654	156,11359
898,71899	158,95831
899,42151	161,52209
900,12396	159,96817
900,82642	153,0211
901,52893	150,71623
902,23138	154,92432
902,9339	164,00464
903,63635	161,48131
904,33887	160,12625
905,04132	156,48723
905,74377	150,58353
906,44629	157,85559
907,14874	163,17329
907,85126	157,32317
908,55371	154,35648
909,25623	153,52194
909,95868	151,972
910,66113	152,94308
911,36365	153,52385
912,0661	148,67819
912,76862	153,33521
913,47107	175,00732
914,17358	178,8688
914,87604	171,12173
915,57849	164,98634
916,28101	170,37686
916,98346	170,6189
917,68597	169,2457
918,38843	171,8481
919,09088	171,79095
919,7934	178,40829
920,49585	173,4567
921,19836	173,26233
921,90082	177,40077
922,60333	175,34033
923,30579	174,43846
924,00824	168,9753
924,71075	182,51662
925,41321	177,88879
926,11572	174,70358
926,81818	171,35568
927,52069	179,61453
928,22314	172,25031
928,9256	171,04601
929,62811	165,68102
930,33057	168,81604
931,03308	174,3642
931,73553	168,30466
932,43799	160,80231
933,1405	174,68176
933,84296	180,52496
934,54547	166,12393
935,24792	170,62682
935,95044	168,7907
936,65289	160,25737
937,35535	161,74377
938,05786	162,84692
938,76031	154,78893
939,46283	162,07283
940,16528	162,1472
940,8678	152,42088
941,57025	158,78499
942,27271	151,43997
942,97522	159,34656
943,67767	161,07594
944,38019	157,82759
945,08264	154,811
945,7851	169,68394
946,48761	162,18745
947,19006	167,16895
947,89258	166,1673
948,59503	163,11514
949,29755	164,01688
950	173,58992
950,70245	176,46989
951,40497	167,63176
952,10742	155,86119
952,80994	164,17871
953,51239	176,52849
954,2149	171,20258
954,91736	173,32068
955,61981	179,2753
956,32233	177,4534
957,02478	179,82887
957,72729	180,5397
958,42975	179,20506
959,1322	183,49782
959,83472	196,89018
960,53717	199,82019
961,23969	200,61874
961,94214	199,63148
962,64465	205,57533
963,34711	202,16689
964,04956	197,7206
964,75208	199,42529
965,45453	200,30507
966,15704	200,8494
966,8595	199,4924
967,56201	198,35394
968,26447	195,59128
968,96692	198,00842
969,66943	208,80783
970,37189	216,7009
971,0744	213,01578
971,77686	205,34409
972,47931	210,24474
973,18182	216,69337
973,88428	219,92766
974,58679	227,53809
975,28925	230,77487
975,99176	236,54832
976,69421	245,90714
977,39667	254,56526
978,09918	258,42361
978,80164	259,43884
979,50415	268,48199
980,2066	274,9917
980,90912	269,00125
981,61157	264,95877
982,31403	263,08276
983,01654	259,60779
983,71899	257,30441
984,42151	263,45212
985,12396	288,63654
985,82642	300,94583
986,52893	303,47577
987,23138	312,29446
987,9339	329,08401
988,63635	345,00116
989,33887	353,26843
990,04132	373,31906
990,74377	397,95663
991,44629	419,63165
992,14874	457,24908
992,85126	498,22461
993,55371	524,58496
994,25623	582,62958
994,95868	641,22198
995,66113	694,35797
996,36365	750,18445
997,0661	790,53033
997,76862	820,52539
998,47107	822,31116
999,17358	803,97675
999,87604	779,8009
1000,5785	727,39819
1001,281	662,08875
1001,9835	605,42487
1002,686	550,46509
1003,3884	511,64709
1004,0909	484,24722
1004,7934	461,80042
1005,4958	446,94659
1006,1984	424,26727
1006,9008	399,96301
1007,6033	383,88739
1008,3058	381,05417
1009,0082	376,07825
1009,7108	378,39627
1010,4132	372,35446
1011,1157	350,31018
1011,8182	335,14163
1012,5207	329,11395
1013,2231	315,72659
1013,9256	307,25632
1014,6281	316,33536
1015,3306	314,18045
1016,0331	298,59512
1016,7355	287,67801
1017,438	287,92468
1018,1405	283,56656
1018,843	274,81903
1019,5455	274,56766
1020,2479	274,98657
1020,9504	277,26309
1021,6529	270,25134
1022,3553	274,18701
1023,0579	274,72598
1023,7603	262,20709
1024,4628	266,68018
1025,1653	269,26959
1025,8678	269,14139
1026,5702	269,57736
1027,2727	266,0665
1027,9752	270,96249
1028,6777	283,78058
1029,3801	285,23529
1030,0826	286,82388
1030,7852	291,43832
1031,4875	285,0578
1032,1901	288,79172
1032,8926	306,34448
1033,5951	307,9021
1034,2975	313,13022
1035	327,61609
1035,7025	334,84467
1036,4049	338,49072
1037,1074	337,08017
1037,8099	336,59369
1038,5125	344,54221
1039,2148	340,95129
1039,9174	326,67139
1040,6199	319,20917
1041,3223	296,32654
1042,0248	279,23495
1042,7273	264,89984
1043,4298	254,41954
1044,1322	239,21695
1044,8347	224,48088
1045,5372	229,12161
1046,2396	221,79726
1046,9421	227,24336
1047,6447	231,74313
1048,3472	233,26752
1049,0496	232,58875
1049,7521	227,41284
1050,4546	222,21278
1051,157	214,74007
1051,8595	224,91556
1052,562	221,41971
1053,2644	221,62779
1053,9669	210,07874
1054,6694	207,75693
1055,3719	190,31703
1056,0743	205,63083
1056,7769	193,69298
1057,4794	190,89262
1058,1818	182,14203
1058,8843	190,78883
1059,5868	181,15115
1060,2893	180,07791
1060,9917	186,05424
1061,6942	182,0916
1062,3967	180,10274
1063,0991	178,35899
1063,8016	180,50876
1064,5042	169,80728
1065,2067	176,40523
1065,9091	177,45331
1066,6116	178,61444
1067,3141	180,42371
1068,0165	181,70065
1068,719	187,69417
1069,4215	177,33347
1070,124	172,00218
1070,8264	174,01581
1071,5289	173,84053
1072,2314	182,00172
1072,9338	180,86012
1073,6364	182,84874
1074,3389	178,22871
1075,0414	182,02701
1075,7438	181,85179
1076,4463	175,33351
1077,1488	192,53307
1077,8512	193,20786
1078,5537	187,37387
1079,2562	182,009
1079,9586	182,77031
1080,6611	179,2666
1081,3636	181,20996
1082,0662	179,29433
1082,7686	184,39508
1083,4711	183,03099
1084,1736	178,68942
1084,876	176,73778
1085,5785	179,96419
1086,281	186,91664
1086,9835	182,34927
1087,6859	178,58383
1088,3884	186,50845
1089,0909	194,53127
1089,7933	194,07272
1090,4958	194,50104
1091,1984	198,81213
1091,9009	191,85768
1092,6033	188,98418
1093,3058	196,09515
1094,0083	189,20473
1094,7107	186,51262
1095,4132	195,91359
1096,1157	200,30458
1096,8182	203,98164
1097,5206	195,05887
1098,2231	194,54584
1098,9257	192,41435
1099,6281	204,35722
1100,3306	211,47719
1101,0331	207,52309
1101,7356	207,05086
1102,438	217,74922
1103,1405	216,13556
1103,843	224,27739
1104,5454	231,37357
1105,2479	235,6671
1105,9504	243,72508
1106,6528	250,29028
1107,3553	258,70001
1108,0579	242,7328
1108,7604	237,50645
1109,4628	238,17894
1110,1653	237,9247
1110,8678	221,98805
1111,5702	218,27391
1112,2727	211,65919
1112,9752	206,46759
1113,6777	207,5945
1114,3801	204,17723
1115,0826	201,48546
1115,7852	191,96834
1116,4875	178,29996
1117,1901	178,3076
1117,8926	183,71391
1118,5951	181,9415
1119,2975	176,98499
1120	180,93904
1120,7025	177,70097
1121,4049	172,80132
1122,1074	173,63034
1122,8099	170,83876
1123,5125	169,86769
1124,2148	160,63966
1124,9174	162,60326
1125,6199	173,26175
1126,3223	180,61902
1127,0248	172,03535
1127,7273	173,08125
1128,4298	170,56091
1129,1322	173,6199
1129,8347	166,98709
1130,5372	169,93712
1131,2396	169,74359
1131,9421	159,47388
1132,6447	166,25684
1133,3472	166,61124
1134,0496	177,60039
1134,7521	174,57066
1135,4546	164,29196
1136,157	173,20818
1136,8595	176,00302
1137,562	168,34181
1138,2644	170,54294
1138,9669	167,82201
1139,6694	168,22932
1140,3719	174,27771
1141,0743	181,83235
1141,7769	194,49811
1142,4794	200,1579
1143,1818	201,89438
1143,8843	204,91191
1144,5868	211,18256
1145,2893	220,06157
1145,9917	220,61566
1146,6942	235,08519
1147,3967	261,9512
1148,0991	279,85458
1148,8016	300,18704
1149,5042	317,92386
1150,2067	341,74075
1150,9091	360,14227
1151,6116	370,47031
1152,3141	365,00156
1153,0165	352,61267
1153,719	327,07013
1154,4215	300,43002
1155,124	270,47266
1155,8264	243,19519
1156,5289	229,85881
1157,2314	216,79756
1157,9338	203,32079
1158,6364	192,06662
1159,3389	188,89639
1160,0414	183,9939
1160,7438	198,32245
1161,4463	191,11536
1162,1488	198,4702
1162,8512	195,40701
1163,5537	195,18697
1164,2562	192,00807
1164,9586	197,00383
1165,6611	205,85303
1166,3636	207,99841
1167,0662	201,17316
1167,7686	193,57529
1168,4711	196,03931
1169,1736	194,37798
1169,876	191,05743
1170,5785	198,33391
1171,281	192,46217
1171,9835	183,8623
1172,6859	185,28055
1173,3884	189,37819
1174,0909	185,08826
1174,7933	191,63995
1175,4958	179,95549
1176,1984	189,67403
1176,9009	186,0593
1177,6033	174,29376
1178,3058	173,78348
1179,0083	191,12657
1179,7107	179,26665
1180,4132	189,22903
1181,1157	195,50162
1181,8182	199,92531
1182,5206	187,69907
1183,2231	191,5981
1183,9257	193,78091
1184,6281	192,55228
1185,3306	194,70166
1186,0331	197,16638
1186,7356	197,50456
1187,438	199,67319
1188,1405	190,12715
1188,843	187,73169
1189,5454	194,47839
1190,2479	194,85637
1190,9504	197,79791
1191,6528	200,18399
1192,3553	192,83617
1193,0579	196,47343
1193,7604	204,79628
1194,4628	208,32379
1195,1653	204,1087
1195,8678	210,33653
1196,5702	219,72403
1197,2727	230,01158
1197,9752	220,60461
1198,6777	227,75383
1199,3801	206,27031
1200,0826	215,99281
1200,7852	215,12866
1201,4875	207,28105
1202,1901	213,82495
1202,8926	207,78902
1203,5951	195,63219
1204,2975	200,79762
1205	194,3047
1205,7025	196,29033
1206,4049	181,32736
1207,1074	177,20021
1207,8099	176,42145
1208,5125	182,72455
1209,2148	199,02704
1209,9174	207,02713
1210,6199	215,18488
1211,3223	221,34935
1212,0248	230,76645
1212,7273	225,04218
1213,4298	222,76631
1214,1322	218,44624
1214,8347	221,48677
1215,5372	216,99159
1216,2396	225,88062
1216,9421	234,58206
1217,6447	225,39206
1218,3472	219,13242
1219,0496	218,7554
1219,7521	209,24402
1220,4546	214,34532
1221,157	215,96959
1221,8595	221,21643
1222,562	225,6315
1223,2644	221,07971
1223,9669	220,04892
1224,6694	217,56717
1225,3719	220,59566
1226,0743	223,98633
1226,7769	221,14061
1227,4794	217,69933
1228,1818	219,4576
1228,8843	224,34982
1229,5868	224,72722
1230,2893	218,39034
1230,9917	217,53737
1231,6942	222,49777
1232,3967	226,56963
1233,0991	223,52797
1233,8016	201,3912
1234,5042	201,00528
1235,2067	212,30504
1235,9091	209,59988
1236,6116	222,95296
1237,3141	220,91814
1238,0165	210,24687
1238,719	210,31088
1239,4215	209,19051
1240,124	203,9119
1240,8264	198,63153
1241,5289	197,27888
1242,2314	187,52907
1242,9338	191,44223
1243,6364	201,34023
1244,3389	197,68983
1245,0414	199,76459
1245,7438	204,88846
1246,4463	214,77715
1247,1488	214,46378
1247,8512	216,85793
1248,5537	204,91743
1249,2562	219,87434
1249,9586	219,87285
1250,6611	215,05067
1251,3636	223,8354
1252,0662	229,42891
1252,7686	229,68623
1253,4711	220,4742
1254,1736	220,21584
1254,876	226,1149
1255,5785	228,04707
1256,281	230,06929
1256,9835	232,5695
1257,6859	237,41087
1258,3884	251,59595
1259,0909	245,76518
1259,7933	238,75464
1260,4958	251,38596
1261,1984	253,16309
1261,9009	257,03638
1262,6033	252,24834
1263,3058	243,87891
1264,0083	246,08867
1264,7107	242,36302
1265,4132	245,68544
1266,1157	243,89841
1266,8182	239,80595
1267,5206	249,24025
1268,2231	255,32677
1268,9257	265,68689
1269,6281	272,19141
1270,3306	273,61749
1271,0331	300,37659
1271,7356	296,2475
1272,438	322,82968
1273,1405	354,60635
1273,843	381,4198
1274,5454	422,79468
1275,2479	452,86511
1275,9504	495,92279
1276,6528	548,1297
1277,3553	607,65643
1278,0579	658,95111
1278,7604	696,70227
1279,4628	720,00604
1280,1653	719,867
1280,8678	722,23999
1281,5702	707,08386
1282,2727	690,3858
1282,9752	646,41864
1283,6777	597,31958
1284,3801	556,83344
1285,0826	498,80704
1285,7852	463,68793
1286,4875	441,66727
1287,1901	427,52911
1287,8926	373,81339
1288,5951	360,64633
1289,2975	353,49216
1290	342,12613
1290,7025	316,7413
1291,4049	305,95865
1292,1074	294,71671
1292,8099	283,63776
1293,5125	277,65585
1294,2148	271,9921
1294,9174	263,34323
1295,6199	264,20142
1296,3223	259,93835
1297,0248	254,75151
1297,7273	248,83058
1298,4298	271,98407
1299,1322	268,19058
1299,8347	282,57889
1300,5372	274,53918
1301,2396	286,7045
1301,9421	286,73242
1302,6447	293,17712
1303,3472	290,28848
1304,0496	295,10065
1304,7521	285,92261
1305,4546	287,43143
1306,157	295,58133
1306,8595	298,18158
1307,562	302,42093
1308,2644	293,8707
1308,9669	292,9469
1309,6694	293,58978
1310,3719	293,53452
1311,0743	296,75006
1311,7769	308,38394
1312,4794	302,73911
1313,1818	300,01572
1313,8843	312,95169
1314,5868	311,79846
1315,2893	317,29309
1315,9917	323,8027
1316,6942	336,04025
1317,3967	354,9389
1318,0991	380,48495
1318,8016	420,42776
1319,5042	443,69177
1320,2067	484,07004
1320,9091	523,09998
1321,6116	601,08459
1322,3141	651,32886
1323,0165	660,66406
1323,719	702,84851
1324,4215	707,07446
1325,124	699,66443
1325,8264	672,74298
1326,5289	676,25854
1327,2314	663,41571
1327,9338	648,48053
1328,6364	643,52234
1329,3389	623,7149
1330,0414	608,4234
1330,7438	566,85181
1331,4463	552,78662
1332,1488	513,63757
1332,8512	477,44104
1333,5537	456,52359
1334,2562	437,4386
1334,9586	428,56879
1335,6611	407,88306
1336,3636	375,83069
1337,0662	361,14987
1337,7686	341,07123
1338,4711	322,388
1339,1736	314,9812
1339,876	300,99731
1340,5785	286,55261
1341,281	273,73203
1341,9835	259,12274
1342,6859	262,08789
1343,3884	261,88522
1344,0909	261,92319
1344,7933	263,81268
1345,4958	268,95474
1346,1984	265,659
1346,9009	263,06265
1347,6033	265,91132
1348,3058	272,44556
1349,0083	279,04205
1349,7107	288,10852
1350,4132	294,61584
1351,1157	294,28549
1351,8182	277,35452
1352,5206	287,47989
1353,2231	275,19174
1353,9257	286,57407
1354,6281	278,6044
1355,3306	276,95734
1356,0331	273,51782
1356,7356	271,35251
1357,438	275,67447
1358,1405	274,19586
1358,843	258,5668
1359,5454	254,33347
1360,2479	259,70953
1360,9504	261,83041
1361,6528	253,66652
1362,3553	251,34142
1363,0579	240,13226
1363,7604	255,58574
1364,4628	240,60703
1365,1653	244,82518
1365,8678	255,62514
1366,5702	249,14815
1367,2727	243,32195
1367,9752	247,5972
1368,6777	253,63365
1369,3801	247,87827
1370,0826	248,44673
1370,7852	242,16452
1371,4875	248,08574
1372,1901	257,32312
1372,8926	267,93912
1373,5951	254,91364
1374,2975	266,74411
1375	270,44397
1375,7025	279,38239
1376,4049	280,16968
1377,1074	292,24442
1377,8099	299,97839
1378,5125	309,07382
1379,2148	319,35745
1379,9174	329,1235
1380,6199	360,1936
1381,3223	369,12973
1382,0248	377,83328
1382,7273	390,53711
1383,4298	393,91846
1384,1322	397,79343
1384,8347	406,25732
1385,5372	409,91043
1386,2396	418,95084
1386,9421	430,28186
1387,6447	438,52167
1388,3472	438,3342
1389,0496	443,3429
1389,7521	419,02042
1390,4546	400,62378
1391,157	370,67966
1391,8595	337,15375
1392,562	302,22437
1393,2644	288,40424
1393,9669	272,70776
1394,6694	255,37932
1395,3719	239,32669
1396,0743	228,22144
1396,7769	215,85118
1397,4794	219,27747
1398,1818	226,12497
1398,8843	232,50114
1399,5868	229,40453
1400,2893	239,09712
1400,9917	234,8744
1401,6942	237,19897
1402,3967	235,55751
1403,0991	227,55801
1403,8016	234,20061
1404,5042	237,33099
1405,2067	233,00029
1405,9091	229,23651
1406,6116	226,52907
1407,3141	231,60732
1408,0165	227,9548
1408,719	228,37868
1409,4215	233,09395
1410,124	232,0717
1410,8264	233,86475
1411,5289	241,26733
1412,2314	240,70238
1412,9338	233,36786
1413,6364	232,19902
1414,3389	236,64091
1415,0414	235,68039
1415,7438	242,323
1416,4463	255,58279
1417,1488	257,4447
1417,8512	251,05449
1418,5537	249,1416
1419,2562	268,82816
1419,9586	269,91
1420,6611	278,12366
1421,3636	297,28174
1422,0662	314,27298
1422,7686	327,36853
1423,4711	335,01663
1424,1736	352,38867
1424,876	377,77402
1425,5785	381,59549
1426,281	406,83887
1426,9835	440,36212
1427,6859	458,86963
1428,3884	466,20193
1429,0909	485,73486
1429,7933	504,93442
1430,4958	514,81348
1431,1984	535,29034
1431,9009	548,93451
1432,6033	564,45886
1433,3058	556,74426
1434,0083	553,27985
1434,7107	565,0307
1435,4132	570,52789
1436,1157	568,3999
1436,8182	557,89075
1437,5206	558,97076
1438,2231	554,59277
1438,9257	565,72021
1439,6281	559,74268
1440,3306	549,35345
1441,0331	552,63739
1441,7356	557,26117
1442,438	545,42755
1443,1405	536,59045
1443,843	526,90332
1444,5454	533,30713
1445,2479	520,69324
1445,9504	519,51752
1446,6528	491,50876
1447,3553	483,61322
1448,0579	469,06778
1448,7604	471,15256
1449,4628	441,74759
1450,1653	423,09641
1450,8678	428,24057
1451,5702	405,55167
1452,2727	406,19104
1452,9752	400,50427
1453,6777	391,04654
1454,3801	373,94693
1455,0826	383,6687
1455,7852	391,43311
1456,4875	406,01352
1457,1901	398,20691
1457,8926	400,35275
1458,5951	391,707
1459,2975	394,66116
1460	372,48972
1460,7025	365,46793
1461,4049	352,78845
1462,1074	346,01724
1462,8099	343,16379
1463,5125	334,02606
1464,2148	325,58081
1464,9174	320,91962
1465,6199	321,95862
1466,3223	304,60403
1467,0248	287,31891
1467,7273	285,0929
1468,4298	274,75989
1469,1322	273,36765
1469,8347	268,51089
1470,5372	266,20306
1471,2396	258,80576
1471,9421	262,32166
1472,6447	247,02159
1473,3472	243,05652
1474,0496	249,04797
1474,7521	245,07265
1475,4546	252,64578
1476,157	242,61398
1476,8595	246,02768
1477,562	240,79683
1478,2644	241,25534
1478,9669	245,0701
1479,6694	253,54997
1480,3719	238,15463
1481,0743	225,46884
1481,7769	225,45554
1482,4794	223,22495
1483,1818	229,34686
1483,8843	220,77087
1484,5868	233,93669
1485,2893	223,45435
1485,9917	223,75786
1486,6942	222,80608
1487,3967	219,7215
1488,0991	206,95805
1488,8016	202,64519
1489,5042	194,54532
1490,2067	213,48827
1490,9091	215,46458
1491,6116	216,5903
1492,3141	203,99959
1493,0165	211,5347
1493,719	215,40353
1494,4215	212,59438
1495,124	203,90533
1495,8264	216,73204
1496,5289	226,35733
1497,2314	213,52769
1497,9338	207,08977
1498,6364	227,07242
1499,3389	216,48222
1500,0414	213,08652
1500,7438	215,59404
1501,4463	214,07458
1502,1488	215,16779
1502,8512	218,47745
1503,5537	215,15111
1504,2562	201,07578
1504,9586	211,21106
1505,6611	191,43323
1506,3636	207,27994
1507,0662	207,49887
1507,7686	205,24786
1508,4711	210,21291
1509,1736	204,68428
1509,876	204,76408
1510,5785	211,1778
1511,281	191,62062
1511,9835	198,22246
1512,6859	200,31944
1513,3884	199,76984
1514,0909	193,77682
1514,7933	189,49643
1515,4958	190,43311
1516,1984	203,59207
1516,9009	214,49315
1517,6033	205,63618
1518,3058	203,78467
1519,0083	201,4176
1519,7107	195,18866
1520,4132	203,19095
1521,1157	207,0244
1521,8182	193,87303
1522,5206	188,58578
1523,2231	200,53214
1523,9257	204,16298
1524,6281	181,08264
1525,3306	183,72923
1526,0331	203,37408
1526,7356	206,06453
1527,438	204,26462
1528,1405	210,71536
1528,843	198,80185
1529,5454	195,13991
1530,2479	187,23996
1530,9504	183,84132
1531,6528	186,14296
1532,3553	192,40022
1533,0579	197,91324
1533,7604	196,80728
1534,4628	207,29228
1535,1653	195,02271
1535,8678	185,99698
1536,5702	185,58665
1537,2727	187,9043
1537,9752	195,55695
1538,6777	181,14583
1539,3801	194,61296
1540,0826	192,79608
1540,7852	174,79335
1541,4875	190,85437
1542,1901	186,67513
1542,8926	184,92075
1543,5951	189,84816
1544,2975	192,98596
1545	193,03349
1545,7025	190,54773
1546,4049	186,57077
1547,1074	186,55103
1547,8099	168,78716
1548,5125	186,68019
1549,2148	174,83046
1549,9174	180,72121
1550,6199	167,0607
1551,3223	158,29031
1552,0248	162,13658
1552,7273	159,45114
1553,4298	161,52866
1554,1322	163,48975
1554,8347	176,91853
1555,5372	181,29251
1556,2396	182,64088
1556,9421	173,76416
1557,6447	168,67673
1558,3472	169,51616
1559,0496	177,93176
1559,7521	177,09346
1560,4546	173,36409
1561,157	181,81068
1561,8595	181,77991
1562,562	191,61691
1563,2644	195,85001
1563,9669	191,35954
1564,6694	179,71164
1565,3719	174,26572
1566,0743	154,27737
1566,7769	156,59302
1567,4794	163,80278
1568,1818	170,23468
1568,8843	166,92006
1569,5868	179,65181
1570,2893	176,84222
1570,9917	178,50989
1571,6942	178,79976
1572,3967	153,79622
1573,0991	152,5439
1573,8016	144,18579
1574,5042	138,94121
1575,2067	145,77748
1575,9091	146,73294
1576,6116	161,56563
1577,3141	156,14262
1578,0165	152,85912
1578,719	163,57893
1579,4215	149,36427
1580,124	138,31177
1580,8264	143,83607
1581,5289	148,4563
1582,2314	145,96266
1582,9338	127,48325
1583,6364	110,42697
1584,3389	113,51546
1585,0414	131,13083
1585,7438	164,10092
1586,4463	169,2502
1587,1488	162,42621
1587,8512	140,12158
1588,5537	151,81308
1589,2562	175,02519
1589,9586	171,81546
1590,6611	173,14714
1591,3636	165,74911
1592,0662	148,00981
1592,7686	121,48475
1593,4711	109,44065
1594,1736	98,627617
1594,876	108,06959
1595,5785	113,81906
1596,281	117,09096
1596,9835	108,27931
1597,6859	108,90453
1598,3884	115,21245
1599,0909	135,87943
1599,7933	153,22252
1600,4958	165,56195
1601,1984	179,15768
1601,9009	165,02008
1602,6033	163,86441
1603,3058	140,19641
1604,0083	112,82154
1604,7107	103,06666
1605,4132	97,630272
1606,1157	100,39091
1606,8182	113,01011
1607,5206	119,44423
1608,2231	116,63988
1608,9257	121,57022
1609,6281	124,25989
1610,3306	132,33925
1611,0331	137,70871
1611,7356	150,32886
1612,438	146,01671
1613,1405	137,53133
1613,843	138,80609
1614,5454	116,74559
1615,2479	98,503281
1615,9504	92,373642
1616,6528	100,76201
1617,3553	122,32104
1618,0579	140,13591
1618,7604	154,38626
1619,4628	168,78549
1620,1653	184,9632
1620,8678	176,24278
1621,5702	158,24699
1622,2727	141,70058
1622,9752	119,45747
1623,6777	98,86908
1624,3801	71,607941
1625,0826	73,473991
1625,7852	73,812508
1626,4875	82,141319
1627,1901	98,197586
1627,8926	93,740295
1628,5951	84,601234
1629,2975	79,663292
1630	93,061035
1630,7025	120,70415
1631,4049	142,40535
1632,1074	166,80365
1632,8099	194,63686
1633,5125	210,23976
1634,2148	211,33426
1634,9174	216,84995
1635,6199	221,99634
1636,3223	224,26035
1637,0248	223,27995
1637,7273	227,29616
1638,4298	201,36684
1639,1322	176,8522
1639,8347	153,83943
1640,5372	141,55742
1641,2396	140,35861
1641,9421	183,04355
1642,6447	184,42856
1643,3472	183,18633
1644,0496	174,01241
1644,7521	167,5036
1645,4546	176,08885
1646,157	194,23537
1646,8595	216,35898
1647,562	220,8035
1648,2644	207,12413
1648,9669	181,48906
1649,6694	201,84392
1650,3719	227,36162
1651,0743	258,09052
1651,7769	291,5524
1652,4794	330,2417
1653,1818	348,34976
1653,8843	371,51031
1654,5868	400,49072
1655,2893	451,71609
1655,9917	533,53247
1656,6942	602,2149
1657,3967	696,14404
1658,0991	788,37305
1658,8016	860,67725
1659,5042	913,24756
1660,2067	978,98279
1660,9091	1084,6926
1661,6116	1173,1825
1662,3141	1231,9244
1663,0165	1341,4532
1663,719	1388,4928
1664,4215	1401,7008
1665,124	1356,2837
1665,8264	1325,3135
1666,5289	1261,9664
1667,2314	1163,4706
1667,9338	1093,9197
1668,6364	1025,0469
1669,3389	965,48816
1670,0414	906,95062
1670,7438	801,10193
1671,4463	723,75323
1672,1488	668,3476
1672,8512	628,77502
1673,5537	584,04633
1674,2562	522,13098
1674,9586	511,16238
1675,6611	447,69324
1676,3636	394,2103
1677,0662	352,50305
1677,7686	323,05066
1678,4711	301,49332
1679,1736	268,61383
1679,876	265,4704
1680,5785	257,2218
1681,281	268,81812
1681,9835	253,83812
1682,6859	240,86871
1683,3884	230,91266
1684,0909	220,40169
1684,7933	224,88817
1685,4958	226,29182
1686,1984	223,42171
1686,9009	219,58032
1687,6033	208,32562
1688,3058	202,90211
1689,0083	186,39087
1689,7107	179,9212
1690,4132	176,07367
1691,1157	161,04019
1691,8182	152,34254
1692,5206	143,44572
1693,2231	157,23105
1693,9257	157,771
1694,6281	181,18578
1695,3306	200,55171
1696,0331	198,42072
1696,7356	178,81386
1697,438	167,44727
1698,1405	167,85968
1698,843	165,97336
1699,5454	165,86987
1700,2479	170,19305
1700,9504	173,67627
1701,6528	174,66702
1702,3553	169,84129
1703,0579	148,30928
1703,7604	150,6738
1704,4628	129,73424
1705,1653	127,50529
1705,8678	145,40929
1706,5702	148,62885
1707,2727	169,76353
1707,9752	179,78752
1708,6777	188,83447
1709,3801	180,28494
1710,0826	176,55443
1710,7852	177,05046
1711,4875	172,17451
1712,1901	169,45596
1712,8926	154,95074
1713,5951	136,33308
1714,2975	125,1589
1715	116,3673
1715,7025	110,88582
1716,4049	99,346245
1717,1074	96,905449
1717,8099	108,08213
1718,5125	125,01445
1719,2148	145,76625
1719,9174	144,87463
1720,6199	159,14516
1721,3223	161,86752
1722,0248	160,92836
1722,7273	154,41336
1723,4298	142,90346
1724,1322	113,02811
1724,8347	95,740128
1725,5372	103,68503
1726,2396	113,58001
1726,9421	118,18382
1727,6447	99,635742
1728,3472	91,340843
1729,0496	97,221611
1729,7521	97,133377
1730,4546	104,14899
1731,157	111,63983
1731,8595	126,82423
1732,562	154,55142
1733,2644	159,63028
1733,9669	163,78079
1734,6694	158,05409
1735,3719	137,76041
1736,0743	119,3949
1736,7769	92,145096
1737,4794	69,852852
1738,1818	63,793026
1738,8843	70,029015
1739,5868	74,970856
1740,2893	94,133789
1740,9917	126,78069
1741,6942	143,32428
1742,3967	157,86272
1743,0991	155,90959
1743,8016	151,62378
1744,5042	129,11714
1745,2067	105,49222
1745,9091	83,799149
1746,6116	76,425995
1747,3141	95,937401
1748,0165	116,73602
1748,719	119,62814
1749,4215	114,67337
1750,124	118,26468
1750,8264	121,13862
1751,5289	136,95622
1752,2314	120,41084
1752,9338	116,61605
1753,6364	99,553795
1754,3389	99,34993
1755,0414	90,823738
1755,7438	96,206734
1756,4463	102,57666
1757,1488	129,28217
1757,8512	144,78493
1758,5537	152,68541
1759,2562	150,4369
1759,9586	121,94091
1760,6611	91,145866
1761,3636	72,64341
1762,0662	68,94693
1762,7686	76,28183
1763,4711	99,379807
1764,1736	126,54456
1764,876	138,38724
1765,5785	157,11505
1766,281	150,34853
1766,9835	150,45035
1767,6859	135,62833
1768,3884	112,10495
1769,0909	90,138969
1769,7933	86,694916
1770,4958	50,238457
1771,1984	62,673542
1771,9009	83,471077
1772,6033	103,93396
1773,3058	125,15433
1774,0083	143,26265
1774,7107	159,16756
1775,4132	145,26125
1776,1157	139,28029
1776,8182	140,89967
1777,5206	139,92958
1778,2231	150,49643
1778,9257	152,09555
1779,6281	142,57343
1780,3306	134,64328
1781,0331	124,1908
1781,7356	109,55116
1782,438	101,21958
1783,1405	80,730972
1783,843	70,836357
1784,5454	65,662796
1785,2479	74,213921
1785,9504	92,634773
1786,6528	108,94831
1787,3553	135,8701
1788,0579	156,35739
1788,7604	149,07309
1789,4628	158,22255
1790,1653	148,55705
1790,8678	137,38579
1791,5702	123,65846
1792,2727	128,99939
1792,9752	129,71013
1793,6777	133,04645
1794,3801	135,57838
1795,0826	126,40829
1795,7852	99,952408
1796,4875	91,989876
1797,1901	72,134117
1797,8926	57,954662
1798,5951	57,512569
1799,2975	68,576431
1800	78,526733
