100	4077,7617
100,98453	4041,4771
101,96906	4025,0813
102,95358	4000,2905
103,93812	3971,0757
104,92265	3968,0027
105,90717	3949,4153
106,8917	3957,8555
107,87623	3962,2368
108,86076	3919,4663
109,84529	3882,0112
110,82982	3832,0408
111,81435	3821,5007
112,79887	3863,0684
113,7834	3816,7258
114,76793	3785,6633
115,75246	3794,4128
116,73699	3815,0166
117,72152	3753,0481
118,70605	3712,0322
119,69057	3697,3533
120,6751	3710,4573
121,65964	3748,7905
122,64417	3677,8677
123,62869	3672,5679
124,61322	3675,1074
125,59775	3655,668
126,58228	3652,7825
127,56681	3646,3882
128,55133	3648,0159
129,53586	3659,0168
130,5204	3675,2029
131,50493	3631,2747
132,48946	3573,4661
133,47398	3544,2405
134,45851	3579,0735
135,44304	3574,446
136,42757	3601,2241
137,41209	3576,449
138,39662	3500,7441
139,38115	3558,2546
140,36568	3574,0623
141,3502	3564,7961
142,33475	3550,1563
143,31927	3559,0586
144,3038	3524,9858
145,28833	3496,9146
146,27286	3489,5161
147,25739	3505,7517
148,24191	3484,1211
149,22644	3480,6907
150,21097	3467,2288
151,1955	3452,4089
152,18002	3486,2195
153,16455	3473,9216
154,14908	3460,9817
155,13362	3458,9443
156,11815	3472,7454
157,10268	3441,2515
158,0872	3445,4082
159,07173	3458,0562
160,05626	3457,55
161,04079	3411,6831
162,02531	3396,3027
163,00984	3396,2346
163,99437	3403,2021
164,9789	3408,2581
165,96342	3396,4976
166,94797	3388,1016
167,9325	3382,6475
168,91702	3377,9294
169,90155	3363,426
170,88608	3394,8416
171,87061	3394,8877
172,85513	3369,0605
173,83966	3366,3691
174,82419	3337,0771
175,80872	3343,5391
176,79324	3346,4832
177,77777	3322,8215
178,76231	3361,644
179,74684	3346,8616
180,73137	3319,9961
181,7159	3302,5559
182,70042	3314,6069
183,68495	3303,3345
184,66948	3291,8616
185,65401	3294,2241
186,63853	3318,0918
187,62306	3331,0908
188,60759	3311,2114
189,59212	3291,2429
190,57666	3287,7366
191,56119	3313,5862
192,54572	3324,0005
193,53024	3312,3687
194,51477	3298,4612
195,4993	3298,946
196,48383	3281,6096
197,46835	3281,2522
198,45288	3272,4243
199,43741	3258,3735
200,42194	3270,2681
201,40646	3262,4573
202,39099	3258,1335
203,37553	3253,229
204,36006	3245,2698
205,34459	3263,6025
206,32912	3214,0508
207,31364	3201,2146
208,29817	3228,7874
209,2827	3222,3538
210,26723	3229,3933
211,25175	3246,1318
212,23628	3251,4507
213,22081	3232,9243
214,20534	3232,1633
215,18988	3234,5549
216,17441	3243,6174
217,15894	3242,9922
218,14346	3198,2957
219,12799	3216,134
220,11252	3226,2898
221,09705	3204,3137
222,08157	3157,5925
223,0661	3219,6951
224,05063	3233,0725
225,03516	3235,342
226,01968	3233,9739
227,00423	3227,6538
227,98875	3201,5024
228,97328	3228,2119
229,95781	3248,5388
230,94234	3235,6279
231,92686	3222,7688
232,91139	3229,3962
233,89592	3222,9561
234,88045	3211,1162
235,86497	3208,5486
236,8495	3193,2703
237,83403	3188,0933
238,81857	3210,4541
239,8031	3235,55
240,78763	3177,051
241,77216	3198,8762
242,75668	3177,1694
243,74121	3167,7173
244,72574	3211,1094
245,71027	3172,7356
246,69479	3173,7634
247,67932	3182,1868
248,66385	3176,3567
249,64838	3134,4626
250,6329	3131,7388
251,61745	3133,6865
252,60197	3146,178
253,5865	3170,3901
254,57103	3198,0483
255,55556	3203,1228
256,54007	3200,9851
257,52463	3197,2095
258,50916	3192,3694
259,49368	3142,1589
260,47821	3164,0864
261,46274	3178,1658
262,44727	3164,9922
263,43179	3144,3669
264,41632	3120,5471
265,40085	3114,6267
266,38538	3134,7478
267,3699	3166,1172
268,35443	3119,7776
269,33896	3146,5344
270,32349	3168,8801
271,30801	3169,0852
272,29254	3144,3459
273,27707	3120,1384
274,2616	3135,7102
275,24612	3142,231
276,23065	3133,1284
277,21518	3134,4897
278,19971	3099,927
279,18423	3121,3491
280,16876	3144,7969
281,15332	3138,3792
282,13785	3133,6145
283,12238	3107,5996
284,1069	3115,9736
285,09143	3127,2878
286,07596	3102,0464
287,06049	3103,7788
288,04501	3093,1245
289,02954	3082,4524
290,01407	3077,9072
290,9986	3083,1587
291,98312	3115,1426
292,96765	3111,103
293,95218	3104,5415
294,93671	3107,7822
295,92123	3097,3223
296,90576	3109,5386
297,89029	3118,6672
298,87482	3107,2876
299,85934	3065,8181
300,84387	3012,7122
301,8284	3078,8643
302,81293	3094,6421
303,79745	3067,7451
304,78198	3059,707
305,76654	3061,2224
306,75107	3017,2139
307,7356	2991,4602
308,72012	3009,7952
309,70465	3073,1199
310,68918	3067,719
311,67371	3010,6438
312,65823	2973,4526
313,64276	2988,8726
314,62729	3024,1638
315,61182	3061,0024
316,59634	3056,4717
317,58087	3037,5435
318,5654	3027,5044
319,54993	3001,7585
320,53445	3000,9492
321,51898	3004,782
322,50351	3013,2715
323,48804	3027,8008
324,47256	3013,2957
325,45709	2987,1292
326,44162	2980,6611
327,42615	2989,7056
328,41068	2990,5896
329,39523	2988,1477
330,37976	3010,0178
331,36429	3011,1877
332,34882	2988,9937
333,33334	2985,9814
334,31787	3006,0481
335,3024	3018,9421
336,28693	3017,2698
337,27145	3004,4016
338,25598	3003,9651
339,24051	2987,2346
340,22504	2979,2844
341,20956	2997,1731
342,19409	3027,7644
343,17862	2950,1116
344,16315	2961,4363
345,14767	2974,7351
346,1322	2966,3257
347,11673	2939,04
348,10126	2987,0293
349,08578	2964,6614
350,07031	2935,2041
351,05484	2925,9163
352,03937	2946,5679
353,0239	2923,9165
354,00845	2961,4568
354,99298	2956,4346
355,97751	2913,3933
356,96204	2892,2903
357,94656	2911,74
358,93109	2936,7471
359,91562	2939,0918
360,90015	2927,2295
361,88467	2938,6201
362,8692	2922,0601
363,85373	2917,4055
364,83826	2917,2563
365,82278	2916,4465
366,80731	2911,824
367,79184	2901,7434
368,77637	2897,1619
369,76089	2892,1157
370,74542	2888,9392
371,72995	2903,8628
372,71448	2863,1272
373,69901	2860,0737
374,68353	2861,7354
375,66806	2842,9463
376,65259	2803,2324
377,63715	2866,2969
378,62167	2896,7605
379,6062	2905,0242
380,59073	2906,3733
381,57526	2899,3667
382,55978	2909,4417
383,54431	2890,1794
384,52884	2874,635
385,51337	2881,9917
386,49789	2868,7957
387,48242	2854,8691
388,46695	2879,4919
389,45148	2910,1006
390,436	2909,5564
391,42053	2852,7649
392,40506	2881,4451
393,38959	2870,313
394,37411	2845,8279
395,35864	2842,9434
396,34317	2847,8962
397,3277	2839,5981
398,31223	2816,623
399,29675	2813,4373
400,28128	2850,7886
401,26581	2880,9692
402,25037	2857,0242
403,23489	2845,3333
404,21942	2846,4465
405,20395	2847,877
406,18848	2829,4187
407,173	2854,2307
408,15753	2845,7798
409,14206	2840,418
410,12659	2865,9089
411,11111	2854,6289
412,09564	2858,4766
413,08017	2880,969
414,0647	2891,8809
415,04922	2873,5183
416,03375	2863,4771
417,01828	2867,3801
418,00281	2877,7583
418,98734	2879,5166
419,97186	2869,4658
420,95639	2880,8501
421,94092	2888,7588
422,92545	2852,98
423,90997	2838,8254
424,8945	2872,8459
425,87906	2861,3403
426,86359	2891,7913
427,84811	2888,6165
428,83264	2874,9836
429,81717	2873,7058
430,8017	2890,5032
431,78622	2866,5164
432,77075	2881,1553
433,75528	2898,9685
434,73981	2899,5173
435,72433	2896,4592
436,70886	2846,7898
437,69339	2853,6775
438,67792	2872,5645
439,66245	2863,7778
440,64697	2800,635
441,6315	2859,0896
442,61603	2812,5508
443,60056	2793,5928
444,58508	2807,2019
445,56961	2749,5581
446,55414	2828,5762
447,53867	2840,9485
448,52319	2824,022
449,50772	2786,7532
450,49228	2726,4192
451,47681	2725,9744
452,46133	2748,4871
453,44586	2760,7854
454,43039	2758,7288
455,41492	2752,4573
456,39944	2760,2427
457,38397	2767,8818
458,3685	2788,9875
459,35303	2790,7813
460,33755	2755,8259
461,32208	2796,8958
462,30661	2767,3823
463,29114	2779,6772
464,27567	2797,4587
465,26019	2783,7668
466,24472	2770,4128
467,22925	2816,7515
468,21378	2809,7583
469,1983	2791,4885
470,18283	2792,364
471,16736	2799,5618
472,15189	2752,5337
473,13641	2772,5916
474,12094	2785,614
475,1055	2775,6523
476,09003	2787,4993
477,07455	2767,0281
478,05908	2788,0066
479,04361	2804,6235
480,02814	2798,7539
481,01266	2773,313
481,99719	2770,2124
482,98172	2779,406
483,96625	2786,4714
484,95078	2785,6646
485,9353	2778,085
486,91983	2781,856
487,90436	2756,1982
488,88889	2756,3354
489,87341	2766,3408
490,85794	2761,0256
491,84247	2719,2954
492,827	2723,4919
493,81152	2752,6055
494,79605	2756,9299
495,78058	2739,8538
496,76511	2761,5354
497,74963	2749,9563
498,73419	2740,2632
499,71872	2738,9504
500,70325	2747,6211
501,68777	2758,8635
502,6723	2716,8186
503,65683	2758,0422
504,64136	2771,0811
505,62589	2771,0474
506,61041	2783,3132
507,59494	2756,0645
508,57947	2785,5264
509,564	2768,0674
510,54852	2735,7864
511,53305	2712,8672
512,51758	2690,2969
513,50214	2750,7429
514,48663	2739,8916
515,47119	2732,5625
516,45569	2742,623
517,44025	2742,395
518,42474	2730,3477
519,4093	2739,8315
520,3938	2722,8445
521,37836	2706,2134
522,36285	2719,155
523,34741	2727,6741
524,33191	2714,8159
525,31647	2714,7021
526,30096	2722,7634
527,28552	2717,655
528,27002	2665,8545
529,25458	2747,7908
530,23907	2746,4666
531,22363	2727,6213
532,20813	2716,0605
533,19269	2711,8008
534,17719	2719,084
535,16174	2723,1731
536,1463	2726,6628
537,1308	2720,4246
538,11536	2699,5518
539,09985	2673,4175
540,08441	2666,7727
541,06891	2698,3093
542,05347	2713,2205
543,03796	2698,7371
544,02252	2681,7769
545,00702	2664,7957
545,99158	2662,7983
546,97607	2647,5869
547,96063	2644,2185
548,94513	2665,3135
549,92969	2627,9246
550,91418	2600,2598
551,89874	2612,5269
552,88324	2600,8467
553,8678	2577,5225
554,85229	2636,9658
555,83685	2575,8264
556,82135	2507,3669
557,80591	2489,459
558,79047	2506,7683
559,77496	2517,8098
560,75952	2502,4089
561,74402	2533,9358
562,72858	2535,3372
563,71307	2531,3171
564,69763	2539,5891
565,68213	2553,7659
566,66669	2571,4917
567,65118	2597,8606
568,63574	2623,0266
569,62024	2639,9153
570,6048	2644,6072
571,58929	2638,6472
572,57385	2674,1968
573,55835	2659,5156
574,54291	2643,0774
575,5274	2650,884
576,51196	2662,9646
577,49646	2676,6692
578,48102	2672,3748
579,46552	2675,6863
580,45007	2673,5273
581,43457	2653,9287
582,41913	2655,2891
583,40369	2647,2244
584,38818	2649,6953
585,37274	2654,3357
586,35724	2664,6143
587,3418	2691,948
588,32629	2689,2571
589,31085	2693,1614
590,29535	2703,9355
591,27991	2689,1858
592,2644	2648,7139
593,24896	2672,1001
594,23346	2700,8845
595,21802	2723,8357
596,20251	2716,2493
597,18707	2700,1411
598,17157	2710,9636
599,15613	2679,8877
600,14063	2713,2349
601,12518	2697,4585
602,10968	2690,9004
603,09424	2721,1919
604,07874	2733,4688
605,06329	2704,626
606,04779	2698,7097
607,03235	2685,2163
608,01691	2664,0156
609,0014	2656,9678
609,98596	2712,7073
610,97046	2679,2427
611,95502	2679,3279
612,93951	2665,7959
613,92407	2651,3782
614,90857	2684,2737
615,89313	2679,5068
616,87762	2649,7317
617,86218	2644,2456
618,84668	2660,1626
619,83124	2668,2661
620,81573	2625,4976
621,80029	2641,9121
622,78479	2652,4468
623,76935	2660,8145
624,75385	2661,1841
625,7384	2645,4316
626,7229	2608,6775
627,70746	2602,3997
628,69196	2602,1436
629,67651	2582,9089
630,66101	2556,7729
631,64557	2549,4292
632,63013	2535,9893
633,61462	2518,3652
634,59918	2503,6746
635,58368	2492,9568
636,56824	2492,3914
637,55273	2506,5566
638,53729	2469,3069
639,52179	2472,6572
640,50635	2493,4448
641,49084	2513,0491
642,4754	2501,2607
643,4599	2421,103
644,44446	2495,1436
645,42896	2490,304
646,41351	2513,2615
647,39801	2517,4253
648,38257	2464,2456
649,36707	2465,2107
650,35162	2470,2771
651,33612	2446,2131
652,32068	2450,0718
653,30518	2476,489
654,28973	2493,1741
655,27429	2500,8013
656,25879	2505,8406
657,24335	2540,0457
658,22784	2573,666
659,2124	2590,0586
660,1969	2589,9531
661,18146	2588,0122
662,16595	2592,564
663,15051	2624,0278
664,13501	2639,5671
665,11957	2629,4626
666,10406	2618,7166
667,08862	2599,1765
668,07312	2624,5898
669,05768	2609,4197
670,04218	2616,3154
671,02673	2645,1729
672,01123	2613,3831
672,99579	2607,7419
673,98029	2584,9138
674,96484	2589,5615
675,94934	2608,4692
676,9339	2624,8855
677,9184	2634,8455
678,90295	2614,2129
679,88751	2608,3003
680,87201	2609,5273
681,85657	2612,2893
682,84106	2609,4343
683,82562	2594,6548
684,81012	2616,2185
685,79468	2611,5098
686,77917	2622,5457
687,76373	2629,0178
688,74823	2618,2078
689,73279	2617,26
690,71729	2587,4321
691,70184	2572,9358
692,68634	2589,1936
693,6709	2622,3467
694,6554	2646,5305
695,63995	2637,7744
696,62445	2636,2634
697,60901	2632,4727
698,59351	2634,7263
699,57806	2617,1277
700,56256	2581,7844
701,54712	2589,6719
702,53162	2642,9841
703,51617	2629,4695
704,50073	2603,3167
705,48523	2598,2373
706,46979	2616,2568
707,45428	2623,4749
708,43884	2630,5413
709,42334	2643,2427
710,4079	2640,0503
711,3924	2636,5164
712,37695	2644,6067
713,36145	2653,2927
714,34601	2629,6116
715,33051	2620,1382
716,31506	2613,9653
717,29956	2599,9885
718,28412	2584,6934
719,26862	2588,4854
720,25317	2553,9685
721,23767	2578,3125
722,22223	2572,8071
723,20673	2582,9187
724,19128	2606,3311
725,17578	2578,2148
726,16034	2567,7249
727,14484	2580,1992
728,12939	2554,9502
729,11395	2555,741
730,09845	2571,7617
731,08301	2540,688
732,0675	2561,1746
733,05206	2552,2229
734,03656	2585,3047
735,02112	2616,4358
736,00562	2610,9514
736,99017	2574,6748
737,97467	2589,4714
738,95923	2549,7891
739,94373	2566,9634
740,92828	2588,8716
741,91278	2586,7148
742,89734	2569,3396
743,88184	2586,426
744,86639	2556,1699
745,85089	2539,666
746,83545	2548,8167
747,81995	2559,5034
748,8045	2557,6262
749,789	2567,7937
750,77356	2554,0706
751,75812	2556,6743
752,74261	2548,0195
753,72717	2549,4058
754,71167	2564,7778
755,69623	2566,5066
756,68073	2563,2979
757,66528	2572,6411
758,64978	2563,6597
759,63434	2558,2258
760,61884	2555,9602
761,60339	2545,429
762,58789	2570,8098
763,57245	2557,5693
764,55695	2573,9619
765,5415	2574,8931
766,526	2553,3306
767,51056	2538,5837
768,49506	2576,7202
769,47961	2568,8979
770,46411	2569,0833
771,44867	2550,8235
772,43317	2543,1401
773,41772	2551,9353
774,40222	2538,6685
775,38678	2584,5962
776,37134	2542,9541
777,35583	2511,3733
778,34039	2526,8677
779,32489	2551,1697
780,30945	2530,2705
781,29395	2554,2427
782,2785	2551,2385
783,263	2561,6006
784,24756	2527,4712
785,23206	2504,0056
786,21661	2532,3752
787,20111	2518,0747
788,18567	2511,2666
789,17017	2474,1685
790,15472	2476,3936
791,13922	2520,7944
792,12378	2543,9124
793,10828	2480,0532
794,09283	2508,5557
795,07733	2497,1665
796,06189	2532,74
797,04639	2538,2222
798,03094	2530,8406
799,01544	2548,3372
800	2521,4004
800,98456	2537,6533
801,96906	2527,4888
802,95361	2521,1973
803,93811	2526,6802
804,92267	2528,863
805,90717	2512,3733
806,89172	2563,7864
807,87622	2558,7683
808,86078	2537,7026
809,84528	2534,9551
810,82983	2533,2903
811,81433	2520,4053
812,79889	2561,6846
813,78339	2554,6709
814,76794	2540,8284
815,75244	2526,8506
816,737	2508,0928
817,7215	2500,8828
818,70605	2527,1567
819,69055	2514,1914
820,67511	2553,7939
821,65961	2520,4573
822,64417	2512,1765
823,62866	2526,5803
824,61322	2526,4309
825,59778	2527,7795
826,58228	2497,1338
827,56683	2526,9214
828,55133	2558,3445
829,53589	2573,2515
830,52039	2570,2043
831,50494	2556,9028
832,48944	2545,3782
833,474	2572,2864
834,4585	2540,5085
835,44305	2571,1943
836,42755	2609,7593
837,41211	2605,2776
838,39661	2596,9819
839,38116	2569,5229
840,36566	2587,1362
841,35022	2590,8059
842,33472	2603,8555
843,31927	2594,3823
844,30377	2556,4797
845,28833	2589,1948
846,27283	2606,3569
847,25739	2616,0767
848,24188	2609,6013
849,22644	2592,8125
850,211	2576,1604
851,1955	2573,5996
852,18005	2604,55
853,16455	2593,3928
854,14911	2597,3589
855,13361	2594,6162
856,11816	2578,3535
857,10266	2572,2546
858,08722	2601,6553
859,07172	2595,3889
860,05627	2571,7957
861,04077	2575,5264
862,02533	2555,7905
863,00983	2550,5464
863,99438	2566,7683
864,97888	2538,7556
865,96344	2526,325
866,94794	2540,334
867,9325	2557,5442
868,91699	2555,5876
869,90155	2550,2864
870,88605	2551,2832
871,87061	2535,6848
872,85516	2565,1047
873,83966	2553,9597
874,82422	2554,4998
875,80872	2548,759
876,79327	2536,8035
877,77777	2531,0735
878,76233	2536,0042
879,74683	2569,3323
880,73138	2537,6045
881,71588	2513,1895
882,70044	2503,031
883,68494	2489,0813
884,66949	2475,5298
885,65399	2520,0791
886,63855	2532,6726
887,62305	2516,0625
888,6076	2499,1721
889,5921	2505,0193
890,57666	2498,7058
891,56116	2468,0715
892,54572	2519,2766
893,53021	2504,0115
894,51477	2526,8794
895,49927	2496,9495
896,48383	2522,082
897,46838	2573,7627
898,45288	2565,9707
899,43744	2563,3076
900,42194	2572,0181
901,40649	2578,2854
902,39099	2588,71
903,37555	2589,4583
904,36005	2597,0891
905,3446	2630,2893
906,3291	2663,6619
907,31366	2675,6101
908,29816	2657,2092
909,28271	2674,0125
910,26721	2694,2583
911,25177	2674,4707
912,23627	2626,7607
913,22083	2637,9502
914,20532	2623,7229
915,18988	2581,4314
916,17438	2583,1301
917,15894	2582,6067
918,14343	2572,1785
919,12799	2566,7351
920,11249	2561,6118
921,09705	2525,8491
922,0816	2507,592
923,0661	2501,8708
924,05066	2500,3525
925,03516	2499,1375
926,01971	2493,9165
927,00421	2482,5984
927,98877	2491,3711
928,97327	2509,8997
929,95782	2485,8987
930,94232	2446,4551
931,92688	2434,4541
932,91138	2451,1606
933,89594	2462,8254
934,88043	2485,6741
935,86499	2469,2217
936,84949	2474,2742
937,83405	2492,8533
938,81854	2498,0554
939,8031	2485,1514
940,7876	2473,2251
941,77216	2478,5605
942,75665	2483,8909
943,74121	2498,6646
944,72571	2477,1091
945,71027	2484,5146
946,69482	2504,385
947,67932	2495,7327
948,66388	2485,8833
949,64838	2508,2883
950,63293	2472,2046
951,61743	2474,7256
952,60199	2504,0515
953,58649	2526,4773
954,57104	2519,324
955,55554	2487,1382
956,5401	2456,7175
957,5246	2484,1523
958,50916	2498,7324
959,49365	2484,5845
960,47821	2479,0176
961,46271	2475,7883
962,44727	2448,5457
963,43176	2429,1179
964,41632	2449,4304
965,40082	2456,8455
966,38538	2405,6902
967,36987	2395,3984
968,35443	2414,8491
969,33899	2417,0999
970,32349	2404,7156
971,30804	2395,0972
972,29254	2413,5657
973,2771	2414,2754
974,2616	2402,4119
975,24615	2387,5757
976,23065	2382,9309
977,21521	2387,6062
978,19971	2373,7571
979,18427	2390,8052
980,16876	2382,28
981,15332	2374,5005
982,13782	2362,3862
983,12238	2364,2109
984,10687	2377,2581
985,09143	2372,4314
986,07593	2380,4182
987,06049	2346,0513
988,04498	2363,7715
989,02954	2382,3284
990,01404	2377,0896
990,9986	2367,7756
991,98309	2370,5977
992,96765	2358,719
993,95221	2389,0964
994,93671	2355,9905
995,92126	2352,0408
996,90576	2376,7952
997,89032	2375,9675
998,87482	2359,5386
999,85938	2373,9941
1000,8439	2359,4517
1001,8284	2350,6636
1002,8129	2364,1667
1003,7975	2388,9082
1004,782	2376,7676
1005,7665	2360,2642
1006,751	2373,4099
1007,7356	2396,0608
1008,7201	2413,8413
1009,7047	2377,8147
1010,6891	2396,9131
1011,6737	2372,3599
1012,6582	2366,5691
1013,6428	2384,2678
1014,6273	2382,2012
1015,6118	2362,9951
1016,5963	2444,4744
1017,5809	2368,5347
1018,5654	2385,5491
1019,5499	2439
1020,5345	2455,2402
1021,519	2447,8994
1022,5035	2466,238
1023,488	2496,428
1024,4725	2486,9495
1025,4572	2531,1021
1026,4417	2523,7251
1027,4261	2553,5627
1028,4106	2566,457
1029,3953	2559,1873
1030,3798	2582,4768
1031,3643	2619,8037
1032,3488	2555,2136
1033,3334	2630,0447
1034,3179	2604,957
1035,3024	2578,6707
1036,2869	2570,4885
1037,2715	2601,7397
1038,256	2647,8921
1039,2405	2582,7012
1040,225	2553,1121
1041,2096	2572,6772
1042,1941	2534,3433
1043,1786	2528,7249
1044,1632	2518,7717
1045,1477	2499,4578
1046,1322	2510,8218
1047,1167	2537,3916
1048,1013	2463,5149
1049,0858	2479,5876
1050,0703	2479,3704
1051,0548	2479,3557
1052,0394	2494,073
1053,0239	2524,2468
1054,0084	2554,9905
1054,9929	2566,8271
1055,9775	2571,6101
1056,962	2634,7407
1057,9465	2641,741
1058,931	2651,5862
1059,9156	2689,542
1060,9001	2697,8445
1061,8846	2657,1077
1062,8691	2655,0105
1063,8538	2682,1123
1064,8383	2618,3555
1065,8228	2563,6033
1066,8074	2557,8938
1067,7919	2539,2756
1068,7764	2503,9541
1069,7609	2462,8655
1070,7455	2421,4973
1071,73	2464,9514
1072,7145	2434,3174
1073,699	2428,1069
1074,6836	2430,9631
1075,6681	2404,7051
1076,6526	2377,085
1077,6371	2383,5283
1078,6217	2412,5203
1079,6062	2411,4221
1080,5907	2398,1443
1081,5752	2391,5947
1082,5598	2387,8987
1083,5443	2400,1931
1084,5288	2408,5618
1085,5133	2396,1089
1086,4979	2395,6592
1087,4824	2457,9424
1088,4669	2459,9146
1089,4514	2447,2578
1090,436	2467,5601
1091,4205	2496,353
1092,405	2531,1011
1093,3896	2568,8696
1094,3741	2601,6487
1095,3586	2625,6155
1096,3431	2658,3687
1097,3278	2755,856
1098,3123	2781,387
1099,2968	2834,0957
1100,2813	2926,9482
1101,2659	3000,7524
1102,2504	3069,6826
1103,2349	3136,6641
1104,2194	3123,8381
1105,204	3167,251
1106,1885	3207,4006
1107,173	3125,7292
1108,1575	3094,1758
1109,1421	3000,1489
1110,1266	2883,2585
1111,1111	2788,519
1112,0956	2693,7
1113,0802	2624,7539
1114,0647	2506,7827
1115,0492	2499,0527
1116,0338	2415,989
1117,0183	2366,2954
1118,0028	2325,6772
1118,9873	2300,1538
1119,9719	2296,9658
1120,9564	2282,9778
1121,9409	2263,9143
1122,9254	2261,1885
1123,91	2256,1741
1124,8945	2250,6763
1125,879	2253,0708
1126,8635	2253,0806
1127,8481	2229,7476
1128,8326	2214,7971
1129,8171	2260,5806
1130,8016	2222,156
1131,7863	2213,4116
1132,7708	2202,4824
1133,7552	2193,5864
1134,7397	2179,1404
1135,7244	2187,9141
1136,7089	2203,095
1137,6934	2204,5144
1138,678	2222,0061
1139,6625	2189,8457
1140,647	2253,0671
1141,6315	2228,6785
1142,6161	2194,2017
1143,6006	2197,6929
1144,5851	2208,854
1145,5696	2218,9214
1146,5542	2224,8926
1147,5387	2191,3801
1148,5232	2210,3423
1149,5077	2167,825
1150,4923	2163,4814
1151,4768	2180,3833
1152,4613	2201,9766
1153,4458	2205,5859
1154,4304	2191,7742
1155,4149	2195,283
1156,3994	2233,0593
1157,3839	2193,9319
1158,3685	2174,5264
1159,353	2207,1606
1160,3375	2183,7935
1161,322	2184,2708
1162,3066	2194,4905
1163,2911	2194,6887
1164,2756	2192,6189
1165,2603	2192,7017
1166,2448	2195,7078
1167,2292	2204,7646
1168,2137	2197,6738
1169,1984	2187,0354
1170,1829	2197,6631
1171,1674	2183,3459
1172,1519	2180,8611
1173,1365	2204,0867
1174,121	2193,5806
1175,1055	2190,186
1176,09	2199,7493
1177,0746	2140,3003
1178,0591	2188,5891
1179,0436	2167,7749
1180,0281	2173,0676
1181,0127	2194,3604
1181,9972	2191,6465
1182,9817	2184,634
1183,9662	2186,6226
1184,9508	2186,3418
1185,9353	2185,3564
1186,9198	2177,3242
1187,9044	2152,8401
1188,8889	2174,6338
1189,8734	2192,2988
1190,8579	2181,2771
1191,8425	2169,1909
1192,827	2175,8025
1193,8115	2205,3696
1194,796	2203,7136
1195,7806	2147,3323
1196,7651	2151,8491
1197,7496	2154,832
1198,7341	2148,7661
1199,7188	2160,0071
1200,7032	2165,6399
1201,6877	2146,3184
1202,6722	2165,3176
1203,6569	2153,6843
1204,6414	2150,7295
1205,6259	2144,6221
1206,6104	2139,377
1207,595	2159,0789
1208,5795	2167,4517
1209,564	2138,1245
1210,5486	2126,1301
1211,5331	2156,1958
1212,5176	2084,4072
1213,5021	2144,125
1214,4867	2177,9255
1215,4712	2148,4082
1216,4557	2142,9861
1217,4402	2105,7754
1218,4248	2110,2441
1219,4093	2146,2693
1220,3938	2143,9863
1221,3783	2121,7234
1222,3629	2133,0842
1223,3474	2117,0574
1224,3319	2126,2439
1225,3164	2150,6545
1226,301	2146,198
1227,2855	2153,6619
1228,27	2132,5881
1229,2545	2105,7551
1230,2391	2119,552
1231,2236	2118,334
1232,2081	2035,7813
1233,1926	2050,3411
1234,1772	2052,0044
1235,1617	2005,3726
1236,1462	1969,1223
1237,1309	1942,2649
1238,1154	1909,4556
1239,0999	1879,9927
1240,0844	1862,3
1241,069	1844,2133
1242,0535	1831,3406
1243,038	1815,5317
1244,0225	1803,4873
1245,0071	1792,871
1245,9916	1821,2765
1246,9761	1818,1895
1247,9606	1811,6774
1248,9452	1833,4071
1249,9297	1864,8201
1250,9142	1873,4398
1251,8987	1867,9755
1252,8833	1896,7675
1253,8678	1886,7327
1254,8523	1918,3481
1255,8368	1910,545
1256,8214	1929,1191
1257,8059	1955,3226
1258,7904	1995,3643
1259,775	2015,6182
1260,7595	2009,468
1261,744	2016,1185
1262,7285	2015,3568
1263,7131	2037,192
1264,6976	2069,3127
1265,6821	2084,3979
1266,6666	2119,2092
1267,6512	2108,7876
1268,6357	2132,2437
1269,6202	2168,9275
1270,6047	2193,0239
1271,5894	2206,9836
1272,5739	2227,7678
1273,5583	2238,6633
1274,5428	2229,2788
1275,5275	2260,1016
1276,512	2282,4668
1277,4965	2296,6909
1278,481	2294,0945
1279,4656	2286,3438
1280,4501	2301,4485
1281,4346	2304,8655
1282,4191	2288,0652
1283,4037	2288,2344
1284,3882	2259,7339
1285,3727	2255,0798
1286,3573	2207,5984
1287,3418	2251,3669
1288,3263	2242,4131
1289,3108	2227,0735
1290,2954	2243,2566
1291,2799	2275,3875
1292,2644	2287,9805
1293,2489	2290,7971
1294,2335	2341,05
1295,218	2391,8347
1296,2025	2358,1763
1297,187	2398,2522
1298,1716	2410,1746
1299,1561	2424,8706
1300,1406	2401,0117
1301,1251	2409,9644
1302,1097	2399,8735
1303,0942	2341,2173
1304,0787	2309,7515
1305,0632	2277,1006
1306,0479	2269,6399
1307,0323	2249,8569
1308,0168	2200,4133
1309,0015	2157,4521
1309,986	2181,0127
1310,9705	2169,6702
1311,955	2137,8164
1312,9396	2166,0073
1313,9241	2200,7002
1314,9086	2140,3223
1315,8931	2153,3789
1316,8777	2118,0776
1317,8622	2118,2336
1318,8467	2069,9512
1319,8312	2053,1292
1320,8158	2062,4063
1321,8003	2078,8958
1322,7848	2070,2778
1323,7693	2062,9016
1324,7539	2068,2578
1325,7384	2031,8662
1326,7229	2033,056
1327,7074	2028,1414
1328,692	2082,8354
1329,6765	2058,4912
1330,661	2069,8315
1331,6456	2068,3445
1332,6301	2052,2097
1333,6146	2041,8176
1334,5991	2038,6814
1335,5837	2043,3722
1336,5682	2065,5786
1337,5527	2062,489
1338,5372	2017,9536
1339,5219	2078,553
1340,5063	2095,4802
1341,4908	2095,3301
1342,4753	2084,8271
1343,46	2054,3491
1344,4445	2065,4202
1345,429	2089,9722
1346,4135	2075,2026
1347,3981	2085,9583
1348,3826	2099,345
1349,3671	2059,7029
1350,3516	2078,0935
1351,3362	2064,2957
1352,3207	2031,3379
1353,3052	2004,4277
1354,2897	1989,0265
1355,2743	1989,1124
1356,2588	2002,4617
1357,2433	2024,7037
1358,2279	2042,9254
1359,2124	2028,4905
1360,1969	2014,9481
1361,1814	2015,104
1362,166	2018,7921
1363,1505	2005,0817
1364,135	1999,0194
1365,1195	1992,9019
1366,1041	1990,9559
1367,0886	1984,8444
1368,0731	1984,9247
1369,0576	1998,1302
1370,0422	2007,7448
1371,0267	2065,541
1372,0112	2011,0265
1372,9957	2020,3176
1373,9803	2041,5032
1374,9648	2047,8843
1375,9493	2064,179
1376,9338	2078,7229
1377,9185	2096,6775
1378,903	2104,4775
1379,8875	2074,9797
1380,8721	2041,9574
1381,8566	2062,0369
1382,8411	1992,1902
1383,8256	1988,667
1384,8102	1979,6622
1385,7947	1992,6949
1386,7792	1980,2378
1387,7637	1984,0046
1388,7483	2004,1617
1389,7328	2007,6409
1390,7173	2015,5358
1391,7018	2043,6093
1392,6864	2056,1506
1393,6709	2060,7117
1394,6554	2084,7976
1395,6399	2080,6956
1396,6245	2093,04
1397,609	2107,0642
1398,5935	2101,5652
1399,578	2121,6165
1400,5626	2170,1472
1401,5471	2180,2737
1402,5316	2178,218
1403,5162	2199,0796
1404,5007	2219,5029
1405,4852	2261,9587
1406,4697	2295,2229
1407,4543	2346,9265
1408,4388	2357,4541
1409,4233	2438,7737
1410,4078	2505,9026
1411,3925	2482,9817
1412,377	2451,3464
1413,3615	2462,2156
1414,3459	2492,9871
1415,3306	2490,7952
1416,3151	2455,0386
1417,2996	2434,2595
1418,2841	2414,5313
1419,2687	2411,1501
1420,2532	2418,3806
1421,2377	2375,9663
1422,2222	2390,9688
1423,2068	2449,2708
1424,1913	2449,0049
1425,1758	2433,6843
1426,1603	2495,8059
1427,1449	2594,457
1428,1294	2641,7764
1429,1139	2656,9775
1430,0985	2722,1353
1431,083	2853,731
1432,0675	2919,8218
1433,052	2954,4065
1434,0366	2980,3979
1435,0211	3042,9468
1436,0056	3061,9788
1436,9901	3066,6121
1437,9747	3003,9006
1438,9592	2958,2781
1439,9437	2956,3499
1440,9282	2932,1052
1441,9128	2875,3784
1442,8973	2824,0991
1443,8818	2790,9712
1444,8663	2740,6563
1445,851	2723,4988
1446,8354	2700,4341
1447,8199	2645,1848
1448,8044	2638,3503
1449,7891	2628,3994
1450,7736	2591,4004
1451,7581	2572,1472
1452,7427	2595,281
1453,7272	2624,2988
1454,7117	2629,2695
1455,6962	2639,1748
1456,6808	2662,2939
1457,6653	2628,7539
1458,6498	2648,3049
1459,6343	2597,8176
1460,6189	2612,042
1461,6034	2622,7727
1462,5879	2634,4692
1463,5724	2597,3127
1464,557	2575,7844
1465,5415	2589,9851
1466,526	2592,4805
1467,5105	2572,2512
1468,4951	2537,2573
1469,4796	2490,7598
1470,4641	2568,1541
1471,4486	2561,5002
1472,4332	2545,792
1473,4177	2512,5554
1474,4022	2515,3025
1475,3867	2480,6675
1476,3713	2462,5371
1477,3558	2415,1814
1478,3403	2365,4106
1479,325	2347,1809
1480,3094	2341,7234
1481,2939	2320,6753
1482,2784	2280,7454
1483,2631	2229,5757
1484,2476	2200,3801
1485,2321	2231,0637
1486,2166	2210,0991
1487,2012	2166,1531
1488,1857	2158,1501
1489,1702	2128,8777
1490,1547	2126,1819
1491,1393	2129,2722
1492,1238	2121,4675
1493,1083	2121,0239
1494,0928	2145,6021
1495,0774	2140,7139
1496,0619	2110,8848
1497,0464	2162,3508
1498,0309	2176,4246
1499,0155	2224,1409
1500	2185,7051
1500,9845	2194,5251
1501,9691	2236,5415
1502,9536	2245,1394
1503,9381	2252,2339
1504,9226	2253,2771
1505,9072	2247,1487
1506,8917	2223,8655
1507,8762	2222,4343
1508,8607	2246,0186
1509,8453	2219,7224
1510,8298	2169,158
1511,8143	2220,9077
1512,7988	2233,908
1513,7834	2234,3154
1514,7679	2183,6375
1515,7524	2166,3232
1516,7369	2200,3604
1517,7216	2163,4573
1518,7061	2187,425
1519,6906	2171,3904
1520,675	2165,1697
1521,6597	2156,9368
1522,6442	2148,814
1523,6287	2146,2361
1524,6133	2128,5759
1525,5978	2125,5725
1526,5823	2181,2258
1527,5668	2217,7676
1528,5514	2221,0537
1529,5359	2238,9502
1530,5204	2250,054
1531,5049	2293,3555
1532,4895	2256,0801
1533,474	2288,8772
1534,4585	2278,0352
1535,443	2257,5117
1536,4276	2266,4658
1537,4121	2263,5684
1538,3966	2233,0254
1539,3811	2231,4573
1540,3657	2267,1785
1541,3502	2256,6458
1542,3347	2196,7466
1543,3192	2198,1206
1544,3038	2200,4744
1545,2883	2208,1223
1546,2728	2137,8311
1547,2573	2219,7725
1548,2419	2292,1826
1549,2264	2253,5295
1550,2109	2282,147
1551,1956	2276,0063
1552,1801	2268,5295
1553,1646	2287,8623
1554,149	2300,1301
1555,1337	2275,4731
1556,1182	2247,7996
1557,1027	2252,6807
1558,0872	2250,2712
1559,0718	2241,3298
1560,0563	2233,6199
1561,0408	2199,4072
1562,0253	2241,7742
1563,0099	2226,6025
1563,9944	2258,1152
1564,9789	2220,3398
1565,9634	2232,9482
1566,948	2234,2649
1567,9325	2249,4607
1568,917	2263,1079
1569,9015	2291,7678
1570,8861	2340,093
1571,8706	2380,3538
1572,8551	2402,1208
1573,8397	2434,8647
1574,8242	2496,8171
1575,8087	2517,75
1576,7932	2485,5608
1577,7778	2498,6152
1578,7623	2532,9165
1579,7468	2507,9121
1580,7313	2533,4121
1581,7159	2495,2617
1582,7004	2478,9705
1583,6849	2447,8169
1584,6694	2421,644
1585,6541	2403,9067
1586,6385	2372,5154
1587,623	2353,8442
1588,6075	2346,1763
1589,5922	2358,0493
1590,5767	2375,6062
1591,5612	2364,5515
1592,5457	2389,988
1593,5303	2322,6968
1594,5148	2383,1653
1595,4993	2453,0151
1596,4838	2436,0811
1597,4684	2466,4148
1598,4529	2479,9541
1599,4374	2504,5627
1600,422	2524,5151
1601,4065	2512,6406
1602,391	2551,4836
1603,3755	2525,427
1604,3601	2502,9395
1605,3446	2512,1143
1606,3291	2526,7549
1607,3136	2516,7932
1608,2982	2488,7639
1609,2827	2493,8633
1610,2672	2501,104
1611,2517	2482,9236
1612,2363	2461,3857
1613,2208	2460,3682
1614,2053	2405,0737
1615,1898	2400,8015
1616,1744	2436,3394
1617,1589	2400,0796
1618,1434	2418,968
1619,1279	2443,0989
1620,1125	2462,7234
1621,097	2453,8044
1622,0815	2456,8806
1623,0662	2487,1541
1624,0507	2507,7214
1625,0352	2490,0933
1626,0197	2475,0688
1627,0043	2493,3911
1627,9888	2492,2883
1628,9733	2476,6567
1629,9578	2517,2261
1630,9424	2498,4529
1631,9269	2504,7332
1632,9114	2549,5259
1633,8959	2503,8374
1634,8805	2540,4194
1635,865	2544,9551
1636,8495	2491,6362
1637,834	2471,1484
1638,8186	2519,1372
1639,8031	2527,5942
1640,7876	2494,9292
1641,7721	2516,834
1642,7567	2521,6836
1643,7412	2508,3379
1644,7257	2517,9438
1645,7103	2543,5889
1646,6948	2562,6941
1647,6793	2567,9702
1648,6638	2575,374
1649,6484	2585,7917
1650,6329	2573,0586
1651,6174	2581,9722
1652,6019	2586,4077
1653,5865	2580,6021
1654,571	2615,584
1655,5555	2586,8164
1656,54	2612,2485
1657,5247	2638,4326
1658,5092	2647,8909
1659,4937	2614,2932
1660,4781	2610,2883
1661,4628	2632,7502
1662,4473	2613,7581
1663,4318	2573,7893
1664,4163	2602,0659
1665,4009	2614,8782
1666,3854	2620,428
1667,3699	2656,3149
1668,3544	2645,7297
1669,339	2617,8372
1670,3235	2632,3894
1671,308	2605,2505
1672,2926	2595,9407
1673,2771	2656,4788
1674,2616	2631,3818
1675,2461	2657,947
1676,2307	2653,2092
1677,2152	2767,3572
1678,1997	2708,1123
1679,1842	2704,2896
1680,1688	2670,0352
1681,1533	2709,4773
1682,1378	2715,9832
1683,1223	2699,2395
1684,1069	2699,3921
1685,0914	2691,7205
1686,0759	2711,9641
1687,0604	2691,0369
1688,045	2669,447
1689,0295	2682,5327
1690,014	2685,4624
1690,9985	2685,8706
1691,9832	2687,6318
1692,9677	2688,3923
1693,9521	2719,7366
1694,9368	2723,7432
1695,9213	2746,5552
1696,9058	2770,4495
1697,8903	2794,3467
1698,8749	2751,1301
1699,8594	2809,7031
1700,8439	2780,4297
1701,8284	2767,4326
1702,813	2762,3894
1703,7975	2764,3467
1704,782	2771,4192
1705,7665	2754,3025
1706,7511	2749,8079
1707,7356	2772,353
1708,7201	2767,8381
1709,7046	2765,3203
1710,6892	2826,2788
1711,6737	2890,3748
1712,6582	2959,762
1713,6427	3036,7805
1714,6273	3091,2021
1715,6118	3084,7769
1716,5963	3098,4734
1717,5809	3181,165
1718,5654	3191,3296
1719,5499	3158,6143
1720,5344	3133,7644
1721,519	3070,6084
1722,5035	3019,8208
1723,488	3001,6108
1724,4725	2955,8621
1725,4572	2942,1829
1726,4417	2900,4873
1727,4261	2941,1211
1728,4106	2896,2942
1729,3953	2918,6177
1730,3798	2925,4739
1731,3643	2937,7524
1732,3488	2951,2468
1733,3334	2868,0652
1734,3179	2912,8601
1735,3024	2899,8506
1736,2869	2909,0562
1737,2715	2894,259
1738,256	2896,2576
1739,2405	2882,4023
1740,225	2856,8311
1741,2096	2861,7097
1742,1941	2900,6323
1743,1786	2885,9253
1744,1632	2850,3591
1745,1477	2888,9792
1746,1322	2897,3164
1747,1167	2845,2468
1748,1013	2843,2
1749,0858	2904,6902
1750,0703	2858,0745
1751,0548	2850,6277
1752,0394	2861,0654
1753,0239	2852,7646
1754,0084	2851,2529
1754,9929	2831,876
1755,9775	2862,9309
1756,962	2874,3943
1757,9465	2853,155
1758,931	2916,7612
1759,9156	2893,531
1760,9001	2890,5383
1761,8846	2904,5239
1762,8691	2922,4817
1763,8538	2922,2673
1764,8383	2898,2378
1765,8228	2850,7017
1766,8074	2872,6943
1767,7919	2867,208
1768,7764	2863,2012
1769,7609	2870,4622
1770,7455	2875,4314
1771,73	2839,7065
1772,7145	2844,7139
1773,699	2859,3313
1774,6836	2846,1907
1775,6681	2843,9907
1776,6526	2865,2915
1777,6371	2916,1099
1778,6217	2929,3704
1779,6062	2918,6289
1780,5907	2895,0713
1781,5752	2920,0183
1782,5598	2939,9392
1783,5443	2921,1516
1784,5288	2929,821
1785,5133	2933,8618
1786,4979	2932,6772
1787,4824	2960,2207
1788,4669	2917,158
1789,4514	2937,3643
1790,436	2892,7791
1791,4205	2937,0515
1792,405	2960,4951
1793,3896	2969,5134
1794,3741	2983,8901
1795,3586	2884,8076
1796,3431	2916,2112
1797,3278	2947,3955
1798,3123	2961,0161
1799,2968	2935,2991
1800,2813	2906,2273
1801,2659	2872,8818
1802,2504	2897,8879
1803,2349	2909,1655
1804,2194	2863,5339
1805,204	2826,5908
1806,1885	2823,3235
1807,173	2822,1016
1808,1575	2800,1875
1809,1421	2778,1821
1810,1266	2799,9636
1811,1111	2808,6816
1812,0956	2783,6262
1813,0802	2798,6184
1814,0647	2842,2285
1815,0492	2869,0559
1816,0338	2859,1377
1817,0183	2840,8354
1818,0028	2879,4341
1818,9873	2918,0557
1819,9719	2933,4304
1820,9564	2919,3037
1821,9409	2937,9932
1822,9254	2907,5557
1823,91	2909,6392
1824,8945	2947,2026
1825,879	2909,8318
1826,8635	2904,0479
1827,8481	2906,5969
1828,8326	2848,5242
1829,8171	2822,5254
1830,8016	2869,76
1831,7863	2852,5002
1832,7708	2812,6211
1833,7552	2831,5156
1834,7397	2797,6746
1835,7244	2693,0977
1836,7089	2651,6838
1837,6934	2639,6631
1838,678	2590,644
1839,6625	2431,8474
1840,647	2454,3765
1841,6315	2435,2856
1842,6161	2337,7617
1843,6006	2297,2244
1844,5851	2261,7537
1845,5696	2217,2703
1846,5542	2163,8025
1847,5387	2186,4741
1848,5232	2125,9258
1849,5077	2109,1382
1850,4923	2100,1707
1851,4768	2094,6614
1852,4613	2069,8
1853,4458	2042,9829
1854,4304	2008,353
1855,4149	1979,2114
1856,3994	1980,5398
1857,3839	1959,158
1858,3685	1943,4113
1859,353	1963,7793
1860,3375	1981,4287
1861,322	1979,1771
1862,3066	1965,3156
1863,2911	1992,6405
1864,2756	2012,4087
1865,2603	2014,5554
1866,2448	2075,9949
1867,2292	2133,7056
1868,2137	2135,5847
1869,1984	2123,0369
1870,1829	2164,8464
1871,1674	2213,1208
1872,1519	2219,0852
1873,1365	2173,1692
1874,121	2114,7595
1875,1055	2112,6938
1876,09	2078,9497
1877,0746	2025,6923
1878,0591	1918,1519
1879,0436	1908,3217
1880,0281	1840,9148
1881,0127	1804,365
1881,9972	1846,0581
1882,9817	1854,3779
1883,9662	1894,5919
1884,9508	1938,1879
1885,9353	1947,6274
1886,9198	1988,6366
1887,9044	2056,6704
1888,8889	2086,7014
1889,8734	2074,4656
1890,8579	2071,7759
1891,8425	2012,0642
1892,827	1931,271
1893,8115	1964,8247
1894,796	1932,839
1895,7806	1935,5482
1896,7651	1891,7585
1897,7496	1965,9117
1898,7341	1913,9447
1899,7188	1988,9664
1900,7032	1994,9285
1901,6877	1996,3365
1902,6722	2022,1693
1903,6569	1972,4611
1904,6414	1998,6647
1905,6259	1998,7933
1906,6104	1957,0127
1907,595	1957,6486
1908,5795	1914,5165
1909,564	1943,5319
1910,5486	1915,6545
1911,5331	1923,4399
1912,5176	1925,1561
1913,5021	1935,2456
1914,4867	1950,9221
1915,4712	1990,8741
1916,4557	1974,1451
1917,4402	2014,7878
1918,4248	2022,0643
1919,4093	2079,3618
1920,3938	2145,4492
1921,3783	2169,502
1922,3629	2231,2852
1923,3474	2283,5261
1924,3319	2362,9121
1925,3164	2445,9023
1926,301	2505,9973
1927,2855	2548,6699
1928,27	2645,1162
1929,2545	2711,9094
1930,2391	2774,05
1931,2236	2811,7009
1932,2081	2902,9409
1933,1926	2929,6514
1934,1772	2950,7324
1935,1617	2952,7502
1936,1462	2962,4409
1937,1309	2917,5703
1938,1154	2904,5186
1939,0999	2872,7095
1940,0844	2859,5806
1941,069	2831,6731
1942,0535	2865,8967
1943,038	2857,6309
1944,0225	2878,0657
1945,0071	2911,2791
1945,9916	2963,2292
1946,9761	2935,5881
1947,9606	2941,1013
1948,9452	2973,8533
1949,9297	2981,6611
1950,9142	2968,4377
1951,8987	2966,1025
1952,8833	2959,9575
1953,8678	2910,4807
1954,8523	2848,7419
1955,8368	2870,9822
1956,8214	2880,5928
1957,8059	2831,4558
1958,7904	2857,8911
1959,775	2868,9695
1960,7595	2867,4133
1961,744	2840,9915
1962,7285	2846,7793
1963,7131	2858,1794
1964,6976	2787,3374
1965,6821	2760,8694
1966,6666	2704,7175
1967,6512	2646,9683
1968,6357	2583,8635
1969,6202	2456,8425
1970,6047	2371,4348
1971,5894	2251,8721
1972,5739	2155,4338
1973,5583	2139,6699
1974,5428	2098,6277
1975,5275	2091,4333
1976,512	2117,1953
1977,4965	2173,9968
1978,481	2207,7578
1979,4656	2289,0142
1980,4501	2322,4048
1981,4346	2393,6226
1982,4191	2425,8267
1983,4037	2432,9343
1984,3882	2436,0127
1985,3727	2445,9421
1986,3573	2393,4651
1987,3418	2364,5217
1988,3263	2366
1989,3108	2349,5044
1990,2954	2286,5662
1991,2799	2306,0732
1992,2644	2271,3274
1993,2489	2287,5286
1994,2335	2283,1963
1995,218	2357,9387
1996,2025	2384,043
1997,187	2413,3213
1998,1716	2422,0732
1999,1561	2491,573
2000,1406	2490,1936
2001,1251	2508,989
2002,1097	2503,5544
2003,0942	2523
2004,0787	2491,0576
2005,0632	2409,5566
2006,0479	2372,4749
2007,0323	2290,0742
2008,0168	2262,7725
2009,0015	2254,3074
2009,986	2237,5562
2010,9705	2249,4573
2011,955	2276,8374
2012,9396	2342,0242
2013,9241	2351,2905
2014,9086	2430,9126
2015,8931	2465,6211
2016,8777	2551,7622
2017,8622	2569,9302
2018,8467	2593,1729
2019,8312	2602,3403
2020,8158	2558,6199
2021,8003	2542,7593
2022,7848	2555,4758
2023,7693	2503,1763
2024,7539	2498,769
2025,7384	2421,0046
2026,7229	2376,1509
2027,7074	2314,2285
2028,692	2305,7825
2029,6765	2288,8064
2030,661	2227,4824
2031,6456	2285,7598
2032,6301	2356,583
2033,6146	2353,0083
2034,5991	2448,6726
2035,5837	2543,052
2036,5682	2568,1289
2037,5527	2672,5671
2038,5372	2736,0806
2039,5219	2766,0239
2040,5063	2794,5815
2041,4908	2807,0364
2042,4753	2809,0989
2043,46	2772,0283
2044,4445	2733,4524
2045,429	2712,5051
2046,4135	2638,8223
2047,3981	2583,0918
2048,3826	2501,9636
2049,3672	2443,0706
2050,3516	2334,1553
2051,3362	2245,085
2052,3206	2176,4128
2053,3052	2070,3464
2054,2898	2027,7275
2055,2742	2021,1514
2056,2588	2035,8602
2057,2434	2064,5095
2058,2278	2100,6912
2059,2124	2198,8621
2060,197	2323,5325
2061,1814	2406,2168
2062,166	2525,3682
2063,1504	2654,563
2064,135	2729,2322
2065,1196	2807,7993
2066,104	2902,5015
2067,0886	2954,4016
2068,0732	2974,4771
2069,0576	2989,2688
2070,0422	2986,4182
2071,0266	2959,3557
2072,0112	2935,7156
2072,9958	2896,7649
2073,9802	2807,2527
2074,9648	2701,4888
2075,9495	2629,3613
2076,9338	2478,6482
2077,9185	2386,95
2078,9028	2329,3887
2079,8875	2282,3279
2080,8721	2223,0605
2081,8564	2147,7405
2082,8411	2119,4063
2083,8257	2077,123
2084,8101	2167,3042
2085,7947	2237,9277
2086,7793	2320,3452
2087,7637	2372,6975
2088,7483	2424,5642
2089,7327	2541,1211
2090,7173	2610,3877
2091,7019	2724,0054
2092,6863	2772,1545
2093,6709	2814,9358
2094,6555	2866,1694
2095,6399	2934,165
2096,6245	2890,0007
2097,6089	2856,9812
2098,5935	2774,041
2099,5781	2713,9763
2100,5625	2637,9238
2101,5471	2562,6777
2102,5317	2518,7
2103,5161	2458,4175
2104,5007	2385,9563
2105,4854	2367,9983
2106,4697	2405,3564
2107,4543	2466,6958
2108,4387	2518,2852
2109,4233	2554,4761
2110,408	2607,9407
2111,3923	2642,8442
2112,377	2684,9551
2113,3616	2676,1196
2114,3459	2658,2219
2115,3306	2661,1057
2116,3149	2607,7493
2117,2996	2568,8027
2118,2842	2528,3179
2119,2686	2559,0303
2120,2532	2558,0461
2121,2378	2560,7568
2122,2222	2593,2751
2123,2068	2639,6067
2124,1912	2681,3267
2125,1758	2720,3901
2126,1604	2714,9668
2127,1448	2736,6848
2128,1294	2657,759
2129,114	2665,187
2130,0984	2646,8054
2131,083	2582,719
2132,0676	2608,7517
2133,052	2657,6521
2134,0366	2702,8811
2135,021	2780,8643
2136,0056	2836,7166
2136,9902	2910,8889
2137,9746	2967,5452
2138,9592	3090,3767
2139,9438	3160,0549
2140,9282	3222,791
2141,9128	3266,9834
2142,8972	3225,7146
2143,8818	3273,0642
2144,8665	3217,9712
2145,8508	3192,5215
2146,8354	3173,614
2147,8201	3161,8408
2148,8044	3122,3132
2149,7891	3139,9421
2150,7734	3160,0308
2151,7581	3137,4802
2152,7427	3147,6106
2153,7271	3136,7476
2154,7117	3131,738
2155,6963	3144,4712
2156,6807	3143,8821
2157,6653	3128,4211
2158,6499	3065,0671
2159,6343	3122,4214
2160,6189	3062,115
2161,6033	3102,3232
2162,5879	3066,6467
2163,5725	3131,1797
2164,5569	3162,6555
2165,5415	3234,5464
2166,5261	3244,1057
2167,5105	3294,231
2168,4951	3377,9814
2169,4795	3483,0054
2170,4641	3495,4968
2171,4487	3523,4719
2172,4331	3562,6179
2173,4177	3558,7288
2174,4023	3533,9038
2175,3867	3522,6379
2176,3713	3508,5295
2177,356	3464,5417
2178,3403	3425,0728
2179,325	3355,2344
2180,3093	3370,0061
2181,2939	3365,71
2182,2786	3337,8726
2183,2629	3328,5176
2184,2476	3268,7861
2185,2322	3241,7422
2186,2166	3229,9517
2187,2012	3255,6689
2188,1855	3204,4094
2189,1702	3219,2217
2190,1548	3194,5413
2191,1392	3183,8582
2192,1238	3143,4407
2193,1084	3215,5044
2194,0928	3207,8259
2195,0774	3154,2004
2196,0618	3204,1382
2197,0464	3210,644
2198,031	3232,905
2199,0154	3229,2371
2200	3258,8513
2200,9846	3254,864
2201,969	3222,0574
2202,9536	3219,4463
2203,9382	3246,1782
2204,9226	3235,6343
2205,9072	3209,8567
2206,8916	3179,272
2207,8762	3152,9387
2208,8608	3175,9131
2209,8452	3199,9802
2210,8298	3168,2852
2211,8145	3086,8662
2212,7988	3135,1335
2213,7834	3077,3079
2214,7678	3075,8142
2215,7524	3132,2271
2216,7371	3158,7827
2217,7214	3073,156
2218,7061	3141,991
2219,6907	3149,8057
2220,675	3150,8406
2221,6597	3161,7893
2222,644	3178,8999
2223,6287	3183,9971
2224,6133	3171,3145
2225,5977	3184,0063
2226,5823	3152,7126
2227,5669	3174,6567
2228,5513	3199,8545
2229,5359	3203,2583
2230,5205	3188,1765
2231,5049	3177,1211
2232,4895	3236,4075
2233,4739	3294,5071
2234,4585	3276,6477
2235,4431	3284,9424
2236,4275	3304,4678
2237,4121	3351,2258
2238,3967	3375,8982
2239,3811	3294,2502
2240,3657	3355,4531
2241,3501	3377,833
2242,3347	3363,2666
2243,3193	3371,7637
2244,3037	3306,3694
2245,2883	3304,6418
2246,2729	3330,5537
2247,2573	3299,3147
2248,2419	3299,6826
2249,2266	3282,2395
2250,2109	3259,905
2251,1956	3218,9077
2252,1799	3210,7021
2253,1646	3199,7607
2254,1492	3223,4565
2255,1335	3224,3774
2256,1182	3225,1663
2257,1028	3259,0886
2258,0872	3258,8599
2259,0718	3281,7886
2260,0562	3251,6636
2261,0408	3261,7927
2262,0254	3226,616
2263,0098	3241,0142
2263,9944	3258,9963
2264,979	3232,5188
2265,9634	3218,3547
2266,948	3222,6501
2267,9324	3250,7139
2268,917	3264,4204
2269,9016	3244,4287
2270,886	3262,7764
2271,8706	3304,7009
2272,8552	3325,3762
2273,8396	3313,1223
2274,8242	3336,27
2275,8088	3330,5657
2276,7932	3299,7493
2277,7778	3317,7039
2278,7622	3335,7727
2279,7468	3391,1936
2280,7314	3341,2458
2281,7158	3413,2253
2282,7004	3367,3909
2283,6851	3397,333
2284,6694	3402,3535
2285,6541	3425,1433
2286,6384	3406,0027
2287,623	3419,5684
2288,6077	3452,927
2289,592	3424,4304
2290,5767	3414,3901
2291,5613	3464,9023
2292,5457	3459,2693
2293,5303	3431,3337
2294,5146	3417,6648
2295,4993	3410,8042
2296,4839	3392,7764
2297,4683	3396,5178
2298,4529	3382,9292
2299,4375	3323,6731
2300,4219	3355,9766
2301,4065	3316,1428
2302,3911	3330,0313
2303,3755	3327,6321
2304,3601	3358,3164
2305,3445	3371,0811
2306,3291	3353,4648
2307,3137	3379,4219
2308,2981	3407,4177
2309,2827	3412,8069
2310,2673	3411,4902
2311,2517	3407,3149
2312,2363	3427,3589
2313,2207	3436,0542
2314,2053	3443,4612
2315,1899	3435,3572
2316,1743	3453,3164
2317,1589	3496,5349
2318,1436	3432,4229
2319,1279	3468,8486
2320,1125	3455,8308
2321,0972	3452,459
2322,0815	3464,7146
2323,0662	3435,9207
2324,0505	3436,625
2325,0352	3438,6448
2326,0198	3425,9404
2327,0042	3425,6057
2327,9888	3445,8767
2328,9734	3469,155
2329,9578	3466,832
2330,9424	3441,011
2331,9268	3466,2285
2332,9114	3481,939
2333,896	3499,9141
2334,8804	3554,855
2335,865	3526,7676
2336,8496	3544,9849
2337,834	3524,5874
2338,8186	3551,0183
2339,803	3599,2561
2340,7876	3576,1521
2341,7722	3595,5957
2342,7566	3572,8601
2343,7412	3601,2495
2344,7258	3579,3611
2345,7102	3595,2085
2346,6948	3575,4121
2347,6794	3572,2834
2348,6638	3606,5347
2349,6484	3593,2737
2350,6328	3583,542
2351,6174	3582,2009
2352,6021	3557,4355
2353,5864	3582,5984
2354,571	3519,9788
2355,5557	3559,7996
2356,54	3607,6204
2357,5247	3551,6282
2358,509	3537,4832
2359,4937	3521,9236
2360,4783	3530,7925
2361,4626	3552,1245
2362,4473	3512,1846
2363,4319	3474,7131
2364,4163	3509,1438
2365,4009	3540,1238
2366,3853	3537,626
2367,3699	3521,6257
2368,3545	3510,1165
2369,3389	3483,5728
2370,3235	3522,1035
2371,3081	3537,6948
2372,2925	3544,9167
2373,2771	3492,116
2374,2617	3537,1006
2375,2461	3558,6572
2376,2307	3570,5432
2377,2151	3613,8521
2378,1997	3579,5251
2379,1843	3621,7246
2380,1687	3631,0117
2381,1533	3608,8638
2382,1379	3622,4585
2383,1223	3614,3633
2384,1069	3568,7471
2385,0913	3601,4458
2386,0759	3562,5835
2387,0605	3573,4189
2388,0449	3636,198
2389,0295	3622,6255
2390,0142	3587,9041
2390,9985	3587,8662
2391,9832	3606,7168
2392,9675	3574,1589
2393,9521	3575,9565
2394,9368	3618,1978
2395,9211	3609,2478
2396,9058	3565,6038
2397,8904	3579,4148
2398,8748	3563,4204
2399,8594	3544,7224
2400,844	3628,4939
2401,8284	3640,4192
2402,813	3555,1904
2403,7974	3590,293
2404,782	3608,9297
2405,7666	3644,7241
2406,751	3600,2825
2407,7356	3620,2805
2408,7202	3678,2229
2409,7046	3694,0134
2410,6892	3640,9683
2411,6736	3613,1064
2412,6582	3631,8567
2413,6428	3639,8684
2414,6272	3628,6758
2415,6118	3626,3423
2416,5964	3607,7097
2417,5808	3637,4746
2418,5654	3606,2795
2419,55	3654,6543
2420,5344	3624,0508
2421,519	3605,2104
2422,5034	3613,4702
2423,488	3602,2988
2424,4727	3596,7253
2425,457	3624,6685
2426,4417	3613,8171
2427,4263	3637,0156
2428,4106	3642,4319
2429,3953	3580,687
2430,3796	3599,6992
2431,3643	3584,1331
2432,3489	3562,2666
2433,3333	3608,5386
2434,3179	3628,3396
2435,3025	3600,8423
2436,2869	3587,2932
2437,2715	3593,012
2438,2559	3605,376
2439,2405	3637,7202
2440,2251	3647,1409
2441,2095	3638,6499
2442,1941	3635,0952
2443,1787	3589,751
2444,1631	3578,8926
2445,1477	3589,0718
2446,1323	3584,9023
2447,1167	3600,0444
2448,1013	3596,8232
2449,0857	3537,3462
2450,0703	3533,9448
2451,0549	3500,4734
2452,0393	3539,3997
2453,0239	3528,2737
2454,0085	3518,8936
2454,9929	3518,4644
2455,9775	3510,5632
2456,9619	3539,396
2457,9465	3504,8501
2458,9312	3524,1396
2459,9155	3535,8508
2460,9001	3524,4243
2461,8848	3545,4351
2462,8691	3602,9546
2463,8538	3593,3699
2464,8381	3570,6646
2465,8228	3612,6191
2466,8074	3629,7007
2467,7917	3593,6216
2468,7764	3604,1721
2469,761	3553,478
2470,7454	3631,614
2471,73	3570,1848
2472,7146	3576,5105
2473,699	3562,906
2474,6836	3546,0847
2475,668	3546,9924
2476,6526	3544,0688
2477,6372	3529,5798
2478,6216	3524,364
2479,6062	3526,3037
2480,5908	3522,27
2481,5752	3491,0854
2482,5598	3514,3181
2483,5442	3511,7842
2484,5288	3522,6831
2485,5134	3504,9363
2486,4978	3487,9487
2487,4824	3514,1738
2488,467	3514,8105
2489,4514	3540,1099
2490,436	3534,3
2491,4207	3577,6541
2492,405	3566,6226
2493,3896	3617,2351
2494,374	3577,3601
2495,3586	3579,4043
2496,3433	3585,8738
2497,3276	3613,0298
2498,3123	3579,8494
2499,2969	3561,0432
2500,2813	3569,8657
2501,2659	3546,8623
2502,2502	3542,5229
2503,2349	3521,3411
2504,2195	3555,895
2505,2039	3535,0957
2506,1885	3523,2354
2507,1731	3500,377
2508,1575	3512,4692
2509,1421	3507,4485
2510,1265	3512,886
2511,1111	3543,3677
2512,0957	3533,9517
2513,0801	3499,3257
2514,0647	3522,3706
2515,0493	3543,4878
2516,0337	3563,9287
2517,0183	3554,8254
2518,0029	3565,9272
2518,9873	3546,2859
2519,9719	3520,645
2520,9563	3555,252
2521,9409	3508,397
2522,9255	3501,0625
2523,9099	3537,0671
2524,8945	3548,0854
2525,8792	3542,5481
2526,8635	3589,9006
2527,8481	3545,1472
2528,8325	3560,1033
2529,8171	3602,4343
2530,8018	3546,7043
2531,7861	3547,8755
2532,7708	3579,845
2533,7554	3572,6804
2534,7397	3578,7578
2535,7244	3570,8145
2536,7087	3564,1924
2537,6934	3575,022
2538,678	3543,6704
2539,6624	3563,9312
2540,647	3570,0752
2541,6316	3553,8413
2542,616	3550,4014
2543,6006	3528,1248
2544,5852	3566,0801
2545,5696	3575,4846
2546,5542	3548,8247
2547,5386	3546,9092
2548,5232	3544,8564
2549,5078	3539,3967
2550,4922	3515,8127
2551,4768	3486,041
2552,4614	3553,5659
2553,4458	3530,0327
2554,4304	3526,6152
2555,4148	3571,3066
2556,3994	3548,0305
2557,384	3522,5349
2558,3684	3532,3188
2559,353	3506,0535
2560,3376	3501,5317
2561,322	3532,812
2562,3066	3471,4807
2563,2913	3521,4453
2564,2756	3514,0862
2565,2603	3473,1606
2566,2446	3499,4331
2567,2292	3475,1824
2568,2139	3515,8049
2569,1982	3463,647
2570,1829	3488,5293
2571,1675	3513,3899
2572,1519	3507,2349
2573,1365	3458,3765
2574,1208	3481,8535
2575,1055	3525,9514
2576,0901	3519,9207
2577,0745	3521,5823
2578,0591	3546,0166
2579,0437	3526,8406
2580,0281	3507,6787
2581,0127	3516,4133
2581,9971	3476,9099
2582,9817	3513,0684
2583,9663	3469,9473
2584,9507	3504,7913
2585,9353	3507,3101
2586,9199	3470,7622
2587,9043	3476,5122
2588,8889	3506,3792
2589,8735	3491,0586
2590,8579	3484,3557
2591,8425	3458,3574
2592,8269	3488,595
2593,8115	3450,24
2594,7961	3479,488
2595,7805	3433,3049
2596,7651	3493,8391
2597,7498	3473,551
2598,7341	3475,4072
2599,7188	3454,6604
2600,7031	3497,9695
2601,6877	3486,8379
2602,6724	3479,5117
2603,6567	3519,8286
2604,6414	3456,7605
2605,626	3487,0261
2606,6104	3493,8296
2607,595	3462,6794
2608,5793	3465,9426
2609,564	3415,8391
2610,5486	3427,5601
2611,533	3444,1292
2612,5176	3453,8379
2613,5022	3343,3357
2614,4866	3362,7461
2615,4712	3397,501
2616,4558	3364,4448
2617,4402	3358,2349
2618,4248	3388,6575
2619,4092	3375,3713
2620,3938	3379,5039
2621,3784	3405,2698
2622,3628	3348,0703
2623,3474	3352,4082
2624,332	3312,3018
2625,3164	3220,5825
2626,301	3129,8228
2627,2854	3011,9702
2628,27	2842,6531
2629,2546	2607,0046
2630,239	2416,5945
2631,2236	2125,9854
2632,2083	1836,0493
2633,1926	1657,7103
2634,1772	1426,1671
2635,1619	1258,3329
2636,1462	1110,3112
2637,1309	1014,3243
2638,1152	919,87573
2639,0999	872,70685
2640,0845	807,48657
2641,0688	741,52832
2642,0535	697,23334
2643,0381	632,77722
2644,0225	587,45935
2645,0071	568,61511
2645,9915	527,25659
2646,9761	490,50623
2647,9607	499,05859
2648,9451	490,55576
2649,9297	482,15598
2650,9143	490,60767
2651,8987	529,79175
2652,8833	572,86835
2653,8677	606,96436
2654,8523	639,00177
2655,8369	705,74396
2656,8213	736,42993
2657,8059	790,22546
2658,7905	877,25067
2659,7749	977,37274
2660,7595	1007,9209
2661,7441	1085,2463
2662,7285	1162,8865
2663,7131	1280,0013
2664,6975	1418,5159
2665,6821	1498,2285
2666,6667	1688,0435
2667,6511	1808,0077
2668,6357	1999,8097
2669,6204	2144,7888
2670,6047	2280,5669
2671,5894	2371,9792
2672,5737	2471,4675
2673,5583	2517,5913
2674,543	2484,6921
2675,5273	2456,1057
2676,512	2328,9607
2677,4966	2199,2407
2678,481	2093,2092
2679,4656	1971,8835
2680,45	1849,6724
2681,4346	1771,2849
2682,4192	1658,4172
2683,4036	1627,3383
2684,3882	1598,3093
2685,3728	1537,7662
2686,3572	1527,3586
2687,3418	1523,0875
2688,3264	1521,8325
2689,3108	1474,7639
2690,2954	1486,4988
2691,2798	1480,0555
2692,2644	1472,2378
2693,249	1504,5212
2694,2334	1505,3978
2695,218	1528,8156
2696,2026	1531,1484
2697,187	1531,5255
2698,1716	1535,6876
2699,156	1550,1584
2700,1406	1571,1146
2701,1252	1612,5887
2702,1096	1588,874
2703,0942	1621,3143
2704,0789	1681,3058
2705,0632	1717,61
2706,0479	1683,351
2707,0325	1693,1079
2708,0168	1763,7581
2709,0015	1791,5804
2709,9858	1770,6678
2710,9705	1827,501
2711,9551	1844,4507
2712,9395	1867,0791
2713,9241	1855,8831
2714,9087	1899,2578
2715,8931	1910,8494
2716,8777	1928,7867
2717,8621	1972,0743
2718,8467	1991,3273
2719,8313	2052,2974
2720,8157	2087,2795
2721,8003	2121,5286
2722,7849	2136,6626
2723,7693	2167,011
2724,7539	2136,887
2725,7383	2228,803
2726,7229	2230,573
2727,7075	2249,908
2728,6919	2281,98
2729,6765	2315,2349
2730,6611	2344,5815
2731,6455	2355,4417
2732,6301	2313,0679
2733,6147	2371,5989
2734,5991	2425,6191
2735,5837	2420,7053
2736,5681	2428,3801
2737,5527	2436,6377
2738,5374	2450,177
2739,5217	2469,3782
2740,5063	2495,3354
2741,491	2511,5535
2742,4753	2518,9287
2743,46	2530,8145
2744,4443	2543,5066
2745,429	2571,8726
2746,4136	2595,325
2747,3979	2635,2915
2748,3826	2666,8347
2749,3672	2699,1121
2750,3516	2718,4626
2751,3362	2696,9243
2752,3206	2705,4277
2753,3052	2716,5354
2754,2898	2722,1357
2755,2742	2786,1545
2756,2588	2840,3804
2757,2434	2840,5671
2758,2278	2848,1248
2759,2124	2881,0979
2760,197	2894,302
2761,1814	2895,5652
2762,166	2919,1868
2763,1504	2890,541
2764,135	2934,9421
2765,1196	2924,8499
2766,104	2978,1306
2767,0886	2998,0811
2768,0732	2995,449
2769,0576	2978,8318
2770,0422	3033,7834
2771,0266	2960,6172
2772,0112	3003,3918
2772,9958	2985,1401
2773,9802	3022,7568
2774,9648	3016,4441
2775,9495	3015,3232
2776,9338	3043,3298
2777,9185	2977,2852
2778,9028	3013,5291
2779,8875	3037,541
2780,8721	3030,4124
2781,8564	3059,6865
2782,8411	3060,3047
2783,8257	3106,6121
2784,8101	3040,2295
2785,7947	3073,6448
2786,7793	3076,4907
2787,7637	3085,8103
2788,7483	3054,0137
2789,7327	3063,165
2790,7173	3095,6702
2791,7019	3054,3333
2792,6863	3030,6494
2793,6709	3026,1853
2794,6555	3050,8354
2795,6399	3011,1316
2796,6245	3002,2708
2797,6089	3015,2283
2798,5935	3022,2104
2799,5781	2990,3464
2800,5625	2970,0608
2801,5471	3051,1055
2802,5317	3016,1973
2803,5161	3016,9028
2804,5007	3038,9353
2805,4854	3018,1531
2806,4697	3025,1973
2807,4543	3006,1953
2808,4387	3007,5786
2809,4233	3019,6509
2810,408	3030,3445
2811,3923	3052,1113
2812,377	3025,7593
2813,3616	3077,2488
2814,3459	3100,0334
2815,3306	3070,4302
2816,3149	3107,3042
2817,2996	3094,1873
2818,2842	3118,6987
2819,2686	3113,2854
2820,2532	3132,6506
2821,2378	3118,1277
2822,2222	3119,4309
2823,2068	3110,3203
2824,1912	3115,3328
2825,1758	3090,4846
2826,1604	3091,2117
2827,1448	3124,6604
2828,1294	3093,9741
2829,114	3064,1353
2830,0984	3070,8774
2831,083	3060,9304
2832,0676	3025,4575
2833,052	3038,4155
2834,0366	3034,583
2835,021	3039,9724
2836,0056	2980,4282
2836,9902	3078,3164
2837,9746	3050,0696
2838,9592	3095,5706
2839,9438	3130,873
2840,9282	3160,2227
2841,9128	3157,4592
2842,8972	3181,5857
2843,8818	3198,9282
2844,8665	3225,8721
2845,8508	3278,0303
2846,8354	3269,1101
2847,8201	3328,9536
2848,8044	3403,969
2849,7891	3397,0735
2850,7734	3471,7319
2851,7581	3497,5137
2852,7427	3533,8503
2853,7271	3562,9888
2854,7117	3639,8293
2855,6963	3685,0281
2856,6807	3741,1155
2857,6653	3731,7197
2858,6499	3741,1711
2859,6343	3792,4619
2860,6189	3871,2537
2861,6033	3894,6147
2862,5879	3951,7844
2863,5725	3967,6799
2864,5569	3970,2964
2865,5415	3918,3091
2866,5261	3937,927
2867,5105	3940,0811
2868,4951	3948,1821
2869,4795	3958,9561
2870,4641	3907,4075
2871,4487	3906,5369
2872,4331	3861,4045
2873,4177	3883,8533
2874,4023	3907,5762
2875,3867	3836,0947
2876,3713	3858,0234
2877,356	3827,3677
2878,3403	3838,5789
2879,325	3831,8611
2880,3093	3800,8889
2881,2939	3798,4976
2882,2786	3752,271
2883,2629	3702,2297
2884,2476	3677,332
2885,2322	3749,5774
2886,2166	3739,1567
2887,2012	3787,7649
2888,1855	3783,1807
2889,1702	3821,438
2890,1548	3865,4778
2891,1392	3877,4036
2892,1238	3901,4521
2893,1084	3913,1582
2894,0928	4020,1155
2895,0774	3997,4463
2896,0618	4080,9192
2897,0464	4102,9805
2898,031	4191,2446
2899,0154	4209,8833
2900	4280,5845
2900,9846	4400,9009
2901,969	4459,7261
2902,9536	4544,9551
2903,9382	4610,9829
2904,9226	4649,9863
2905,9072	4704,5068
2906,8916	4732,4019
2907,8762	4721,1357
2908,8608	4789,2852
2909,8452	4819,6548
2910,8298	4823,7437
2911,8145	4770,8813
2912,7988	4811,667
2913,7834	4817,9136
2914,7678	4832,3892
2915,7524	4848,9653
2916,7371	4903,6182
2917,7214	4895,918
2918,7061	4781,6348
2919,6907	4779,0405
2920,675	4710,6455
2921,6597	4609,814
2922,644	4546,8384
2923,6287	4466,9482
2924,6133	4413,0532
2925,5977	4350,9341
2926,5823	4180,0854
2927,5669	4150,5908
2928,5513	4139,4414
2929,5359	4062,4475
2930,5205	4041,5469
2931,5049	3928,4224
2932,4895	3940,3411
2933,4739	3882,2314
2934,4585	3872,4194
2935,4431	3850,3621
2936,4275	3823,7302
2937,4121	3746,2407
2938,3967	3731,8796
2939,3811	3638,2207
2940,3657	3655,4988
2941,3501	3642,2751
2942,3347	3557,26
2943,3193	3490,394
2944,3037	3524,1814
2945,2883	3466,0791
2946,2729	3406,6162
2947,2573	3419,9314
2948,2419	3351,3206
2949,2266	3301,3708
2950,2109	3275,1494
2951,1956	3224,458
2952,1799	3229,3501
2953,1646	3226,4895
2954,1492	3218,2561
2955,1335	3249,5032
2956,1182	3187,6003
2957,1028	3137,3635
2958,0872	3096,5723
2959,0718	3084,678
2960,0562	3039,168
2961,0408	3035,1719
2962,0254	3039,0896
2963,0098	2992,6062
2963,9944	2999,0706
2964,979	2941,6577
2965,9634	2928,4683
2966,948	2963,1799
2967,9324	2923,051
2968,917	2895,6296
2969,9016	2843,0205
2970,886	2854,4092
2971,8706	2808,4121
2972,8552	2743,0298
2973,8396	2747,6609
2974,8242	2717,3025
2975,8088	2705,6353
2976,7932	2681,6208
2977,7778	2683,4248
2978,7622	2662,6992
2979,7468	2639,6599
2980,7314	2651,4409
2981,7158	2653,3311
2982,7004	2627,5784
2983,6851	2635,8108
2984,6694	2610,8853
2985,6541	2609,1489
2986,6384	2609,3713
2987,623	2594,0461
2988,6077	2610,5757
2989,592	2540,9268
2990,5767	2552,6909
2991,5613	2534,8467
2992,5457	2518,2346
2993,5303	2505,9285
2994,5146	2515,376
2995,4993	2495,7341
2996,4839	2490,3772
2997,4683	2498,8506
2998,4529	2500,5645
2999,4375	2523,4626
3000,4219	2463,095
3001,4065	2503,7385
3002,3911	2500,8572
3003,3755	2491,0686
3004,3601	2480,1001
3005,3445	2482,947
3006,3291	2469,22
3007,3137	2474,7175
3008,2981	2458,1946
3009,2827	2434,1702
3010,2673	2430,7019
3011,2517	2453,0498
3012,2363	2443,9426
3013,2207	2445,9534
3014,2053	2424,2219
3015,1899	2442,0989
3016,1743	2432,4497
3017,1589	2413,9224
3018,1436	2396,4519
3019,1279	2403,415
3020,1125	2393,8406
3021,0972	2395,3567
3022,0815	2343,7341
3023,0662	2376,4126
3024,0505	2361,604
3025,0352	2348,4373
3026,0198	2336,0139
3027,0042	2342,6648
3027,9888	2341,4463
3028,9734	2334,8887
3029,9578	2298,2678
3030,9424	2291,8435
3031,9268	2268,469
3032,9114	2271,0356
3033,896	2256,6663
3034,8804	2269,4163
3035,865	2267,9106
3036,8496	2249,2954
3037,834	2250,0046
3038,8186	2275,1516
3039,803	2268,1038
3040,7876	2280,1069
3041,7722	2282,1348
3042,7566	2264,9868
3043,7412	2290,7053
3044,7258	2299,4541
3045,7102	2295,8816
3046,6948	2293,6628
3047,6794	2303,9832
3048,6638	2247,9592
3049,6484	2270,5261
3050,6328	2274,8662
3051,6174	2267,6399
3052,6021	2254,1587
3053,5864	2264,4773
3054,571	2232,1123
3055,5557	2227,1948
3056,54	2233,064
3057,5247	2208,6709
3058,509	2233,9414
3059,4937	2214,6609
3060,4783	2231,6055
3061,4626	2227,1438
3062,4473	2202,1995
3063,4319	2234,4546
3064,4163	2196,5613
3065,4009	2204,2529
3066,3853	2224,6816
3067,3699	2199,886
3068,3545	2194,5393
3069,3389	2205,4421
3070,3235	2205,3508
3071,3081	2176,6697
3072,2925	2205,4482
3073,2771	2188,7065
3074,2617	2188,0032
3075,2461	2200,9551
3076,2307	2194,0376
3077,2151	2176,4507
3078,1997	2160,073
3079,1843	2178,2192
3080,1687	2131,5493
3081,1533	2125,6274
3082,1379	2122,2437
3083,1223	2109,6216
3084,1069	2089,2078
3085,0913	2079,6418
3086,0759	2065,5002
3087,0605	2082,8838
3088,0449	2099,6816
3089,0295	2072,2563
3090,0142	2104,9314
3090,9985	2106,5298
3091,9832	2080,2454
3092,9675	2072,78
3093,9521	2060,9314
3094,9368	2099,4985
3095,9211	2088,9895
3096,9058	2060,4033
3097,8904	2076,3191
3098,8748	2064,2942
3099,8594	2053,5242
3100,844	2055,8018
3101,8284	2045,2468
3102,813	2067,958
3103,7974	2052,884
3104,782	2030,5571
3105,7666	2026,8556
3106,751	2029,9658
3107,7356	2074,5325
3108,7202	2068,1396
3109,7046	2062,1458
3110,6892	2048,8955
3111,6736	2049,5022
3112,6582	2082,1541
3113,6428	2053,658
3114,6272	2059,2966
3115,6118	2069,5205
3116,5964	2055,3274
3117,5808	2070,2595
3118,5654	2021,3733
3119,55	2016,8505
3120,5344	2015,7332
3121,519	2024,261
3122,5034	2011,072
3123,488	1973,6508
3124,4727	1985,7631
3125,457	1955,5764
3126,4417	1977,7505
3127,4263	1938,8408
3128,4106	1954,5618
3129,3953	1939,7754
3130,3796	1945,637
3131,3643	1957,1
3132,3489	1982,0803
3133,3333	1970,2802
3134,3179	1969,9066
3135,3025	1989,193
3136,2869	2027,205
3137,2715	2025,6041
3138,2559	2043,577
3139,2405	1999,2402
3140,2251	2011,8047
3141,2095	2024,0985
3142,1941	2003,9143
3143,1787	1990,2976
3144,1631	1990,9794
3145,1477	2021,9589
3146,1323	2015,8082
3147,1167	2029,9016
3148,1013	2059,0249
3149,0857	2034,9359
3150,0703	2034,3433
3151,0549	2037,8738
3152,0393	2022,7073
3153,0239	2044,8726
3154,0085	1993,1663
3154,9929	1980,3533
3155,9775	1989,2922
3156,9619	1978,4766
3157,9465	2021,7031
3158,9312	2003,4465
3159,9155	1992,3727
3160,9001	2011,4258
3161,8848	2004,4032
3162,8691	2003,4739
3163,8538	2032,24
3164,8381	2006,4126
3165,8228	1986,0413
3166,8074	1965,7227
3167,7917	1993,7253
3168,7764	1946,3502
3169,761	1956,4468
3170,7454	1968,8413
3171,73	1981,1746
3172,7146	1949,3163
3173,699	1986,491
3174,6836	1976,3401
3175,668	2004,0967
3176,6526	2010,318
3177,6372	2000,2689
3178,6216	2013,443
3179,6062	1998,647
3180,5908	1972,6699
3181,5752	1959,6051
3182,5598	1985,3187
3183,5442	1968,6344
3184,5288	1953,9401
3185,5134	1932,2906
3186,4978	1945,569
3187,4824	1932,8276
3188,467	1919,8583
3189,4514	1926,4653
3190,436	1965,467
3191,4207	1959,8225
3192,405	1984,2832
3193,3896	2008,1831
3194,374	2005,338
3195,3586	2032,24
3196,3433	2015,7487
3197,3276	2052,1677
3198,3123	2016,1357
3199,2969	2002,1479
3200,2813	2019,033
3201,2659	2016,2659
3202,2502	2008,8284
3203,2349	1985,5775
3204,2195	2015,2411
3205,2039	2027,6479
3206,1885	1994,2813
3207,1731	1999,0383
3208,1575	1967,771
3209,1421	1963,6962
3210,1265	2009,2094
3211,1111	1985,079
3212,0957	1977,6233
3213,0801	1985,7944
3214,0647	1966,3746
3215,0493	1952,3041
3216,0337	1955,7697
3217,0183	1966,3108
3218,0029	1999,0959
3218,9873	1954,1573
3219,9719	1984,2069
3220,9563	1982,4014
3221,9409	1966,4019
3222,9255	1990,9091
3223,9099	1972,4133
3224,8945	1945,0242
3225,8792	1979,5313
3226,8635	1982,7345
3227,8481	1948,2434
3228,8325	1954,7686
3229,8171	1932,1481
3230,8018	1930,8542
3231,7861	1934,382
3232,7708	1914,5122
3233,7554	1862,0439
3234,7397	1847,5269
3235,7244	1813,8049
3236,7087	1810,0958
3237,6934	1792,0068
3238,678	1780,5983
3239,6624	1800,0813
3240,647	1794,7253
3241,6316	1814,2034
3242,616	1808,7507
3243,6006	1840,7753
3244,5852	1863,6838
3245,5696	1880,5845
3246,5542	1920,0001
3247,5386	1891,2045
3248,5232	1890,0649
3249,5078	1910,9458
3250,4922	1913,2463
3251,4768	1913,8016
3252,4614	1883,8624
3253,4458	1928,1528
3254,4304	1915,9213
3255,4148	1929,0955
3256,3994	1916,7657
3257,384	1924,959
3258,3684	1942,3101
3259,353	1922,3485
3260,3376	1928,2898
3261,322	1956,5344
3262,3066	1952,7374
3263,2913	1947,9543
3264,2756	1902,6887
3265,2603	1941,2094
3266,2446	1918,255
3267,2292	1936,3772
3268,2139	1926,6238
3269,1982	1933,7441
3270,1829	1934,5187
3271,1675	1931,5112
3272,1519	1883,7377
3273,1365	1922,521
3274,1208	1886,886
3275,1055	1887,0488
3276,0901	1912,4674
3277,0745	1904,9025
3278,0591	1884,2628
3279,0437	1891,6129
3280,0281	1886,4773
3281,0127	1934,7297
3281,9971	1909,3898
3282,9817	1924,1112
3283,9663	1902,9038
3284,9507	1938,3573
3285,9353	1938,182
3286,9199	1920,8073
3287,9043	1927,4647
3288,8889	1901,8232
3289,8735	1863,5372
3290,8579	1851,4485
3291,8425	1841,0693
3292,8269	1818,2299
3293,8115	1803,6864
3294,7961	1766,2706
3295,7805	1745,8763
3296,7651	1741,6602
3297,7498	1745,8623
3298,7341	1705,1664
3299,7188	1729,0592
3300,7031	1736,7418
3301,6877	1773,408
3302,6724	1773,6544
3303,6567	1797,6926
3304,6414	1809,8992
3305,626	1809,4347
3306,6104	1790,5367
3307,595	1786,8219
3308,5793	1813,0736
3309,564	1848,6375
3310,5486	1833,4323
3311,533	1845,5958
3312,5176	1829,0918
3313,5022	1846,2676
3314,4866	1831,3334
3315,4712	1838,8389
3316,4558	1813,3016
3317,4402	1826,036
3318,4248	1817,4149
3319,4092	1815,1759
3320,3938	1823,1438
3321,3784	1830,066
3322,3628	1830,8511
3323,3474	1845,1437
3324,332	1854,1049
3325,3164	1851,3013
3326,301	1878,9445
3327,2854	1862,7844
3328,27	1854,2737
3329,2546	1850,8097
3330,239	1857,842
3331,2236	1846,121
3332,2083	1811,6067
3333,1926	1787,9318
3334,1772	1750,1926
3335,1619	1795,3483
3336,1462	1792,1184
3337,1309	1748,2444
3338,1152	1776,2181
3339,0999	1759,0269
3340,0845	1743,8395
3341,0688	1762,2451
3342,0535	1756,3522
3343,0381	1759,855
3344,0225	1770,8131
3345,0071	1791,3566
3345,9915	1812,9089
3346,9761	1816,3434
3347,9607	1815,5964
3348,9451	1810,0802
3349,9297	1819,197
3350,9143	1811,2324
3351,8987	1802,4802
3352,8833	1782,666
3353,8677	1792,3204
3354,8523	1819,4012
3355,8369	1792,7098
3356,8213	1778,7087
3357,8059	1823,082
3358,7905	1838,1921
3359,7749	1830,8561
3360,7595	1835,4596
3361,7441	1845,4421
3362,7285	1811,0149
3363,7131	1805,9022
3364,6975	1776,6034
3365,6821	1742,4198
3366,6667	1747,936
3367,6511	1712,3971
3368,6357	1707,4503
3369,6204	1710,5432
3370,6047	1712,04
3371,5894	1765,3474
3372,5737	1768,6157
3373,5583	1807,1423
3374,543	1807,6877
3375,5273	1820,3925
3376,512	1820,7159
3377,4966	1816,079
3378,481	1825,3492
3379,4656	1845,3838
3380,45	1844,9442
3381,4346	1815,5551
3382,4192	1803,6011
3383,4036	1830,804
3384,3882	1838,1362
3385,3728	1829,5305
3386,3572	1820,808
3387,3418	1846,8846
3388,3264	1855,9281
3389,3108	1839,3884
3390,2954	1854,6527
3391,2798	1828,9706
3392,2644	1840,6785
3393,249	1818,974
3394,2334	1810,0371
3395,218	1808,307
3396,2026	1803,9591
3397,187	1823,9108
3398,1716	1812,3817
3399,156	1821,5327
3400,1406	1844,5004
3401,1252	1803,6106
3402,1096	1808,7648
3403,0942	1823,1024
3404,0789	1821,7473
3405,0632	1845,5293
3406,0479	1805,7056
3407,0325	1775,5918
3408,0168	1792,6414
3409,0015	1802,8101
3409,9858	1812,4749
3410,9705	1815,5183
3411,9551	1792,3046
3412,9395	1828,1326
3413,9241	1821,84
3414,9087	1808,1534
3415,8931	1813,8087
3416,8777	1810,1489
3417,8621	1822,3645
3418,8467	1801,0266
3419,8313	1803,0135
3420,8157	1766,7274
3421,8003	1790,2308
3422,7849	1781,2965
3423,7693	1801,2233
3424,7539	1803,0488
3425,7383	1758,3252
3426,7229	1765,064
3427,7075	1748,7607
3428,6919	1747,2399
3429,6765	1749,1499
3430,6611	1719,2656
3431,6455	1731,2933
3432,6301	1733,6914
3433,6147	1751,0065
3434,5991	1745,8177
3435,5837	1774,6552
3436,5681	1779,6499
3437,5527	1777,0962
3438,5374	1757,3696
3439,5217	1736,7924
3440,5063	1735,7375
3441,491	1721,245
3442,4753	1724,6208
3443,46	1719,9943
3444,4443	1678,4581
3445,429	1660,6113
3446,4136	1660,8275
3447,3979	1656,1357
3448,3826	1621,2446
3449,3672	1595,6318
3450,3516	1639,2135
3451,3362	1651,4545
3452,3206	1650,6021
3453,3052	1627,7224
3454,2898	1689,9327
3455,2742	1699,5526
3456,2588	1689,9484
3457,2434	1696,4883
3458,2278	1693,6532
3459,2124	1693,2126
3460,197	1664,4556
3461,1814	1678,1086
3462,166	1679,9089
3463,1504	1649,9526
3464,135	1621,0748
3465,1196	1639,9905
3466,104	1633,1986
3467,0886	1610,1609
3468,0732	1584,2015
3469,0576	1583,1259
3470,0422	1536,9181
3471,0266	1556,5764
3472,0112	1520,7964
3472,9958	1534,4175
3473,9802	1531,427
3474,9648	1567,9263
3475,9495	1571,0492
3476,9338	1564,6342
3477,9185	1583,8793
3478,9028	1590,7578
3479,8875	1582,4094
3480,8721	1572,7211
3481,8564	1567,4156
3482,8411	1550,5204
3483,8257	1522,1128
3484,8101	1513,4449
3485,7947	1471,9167
3486,7793	1423,8184
3487,7637	1451,5905
3488,7483	1438,5729
3489,7327	1459,5476
3490,7173	1459,4767
3491,7019	1468,1097
3492,6863	1509,2618
3493,6709	1498,5979
3494,6555	1521,625
3495,6399	1514,5079
3496,6245	1487,2312
3497,6089	1444,4434
3498,5935	1438,8102
3499,5781	1383,0503
3500,5625	1360,8585
3501,5471	1275,7687
3502,5317	1257,1168
3503,5161	1201,0737
3504,5007	1191,2278
3505,4854	1195,5175
3506,4697	1223,1844
3507,4543	1216,3955
3508,4387	1235,1866
3509,4233	1282,9746
3510,408	1320,3079
3511,3923	1319,4546
3512,377	1316,8903
3513,3616	1320,7859
3514,3459	1304,0616
3515,3306	1292,8219
3516,3149	1241,5612
3517,2996	1252,8784
3518,2842	1250,5723
3519,2686	1227,3746
3520,2532	1236,4207
3521,2378	1229,1466
3522,2222	1221,9966
3523,2068	1181,6425
3524,1912	1157,5558
3525,1758	1118,8374
3526,1604	1125,3226
3527,1448	1104,136
3528,1294	1113,7845
3529,114	1139,355
3530,0984	1132,72
3531,083	1122,4307
3532,0676	1124,6669
3533,052	1163,9983
3534,0366	1129,0487
3535,021	1142,6783
3536,0056	1133,2776
3536,9902	1136,0332
3537,9746	1170,0266
3538,9592	1164,6189
3539,9438	1227,8132
3540,9282	1212,0912
3541,9128	1217,1077
3542,8972	1224,854
3543,8818	1185,272
3544,8665	1114,0994
3545,8508	1057,3235
3546,8354	993,69653
3547,8201	936,19568
3548,8044	922,75519
3549,7891	970,21222
3550,7734	963,63086
3551,7581	981,30908
3552,7427	1030,8079
3553,7271	1040,356
3554,7117	1090,6448
3555,6963	1074,6121
3556,6807	1103,1488
3557,6653	1107,0961
3558,6499	1099,6866
3559,6343	1144,9131
3560,6189	1177,2368
3561,6033	1219,1245
3562,5879	1245,6207
3563,5725	1273,2061
3564,5569	1295,3337
3565,5415	1295,485
3566,5261	1235,6029
3567,5105	1178,2375
3568,4951	1093,9557
3569,4795	1051,1732
3570,4641	981,93848
3571,4487	949,33765
3572,4331	940,72424
3573,4177	951,97229
3574,4023	954,43768
3575,3867	1002,7124
3576,3713	1092,6793
3577,356	1107,234
3578,3403	1153,4417
3579,325	1179,5251
3580,3093	1198,1556
3581,2939	1206,8696
3582,2786	1206,6461
3583,2629	1188,2531
3584,2476	1197,1559
3585,2322	1190,9867
3586,2166	1190,4568
3587,2012	1146,9463
3588,1855	1139,5187
3589,1702	1134,8374
3590,1548	1177,4773
3591,1392	1172,8662
3592,1238	1188,0436
3593,1084	1167,5652
3594,0928	1184,708
3595,0774	1176,6937
3596,0618	1190,6559
3597,0464	1160,4199
3598,031	1147,1766
3599,0154	1098,205
3600	1110,0048
