100	4279,1782
101,13712	4194,0371
102,27425	4102,8623
103,41137	4053,5708
104,54849	3978,748
105,68562	3853,6658
106,82275	3752,5107
107,95987	3695,8477
109,09699	3586,6467
110,23412	3456,092
111,37124	3366,2205
112,50836	3307,9153
113,64548	3239,7976
114,78261	3182,0791
115,91973	3115,7024
117,05685	3031,364
118,19398	2949,2817
119,3311	2882,8381
120,46823	2786,604
121,60535	2775,7539
122,74248	2707,0928
123,8796	2645,0461
125,01672	2595,219
126,15385	2549,2502
127,29097	2492,0847
128,4281	2428,7366
129,56522	2382,7542
130,70235	2338,8345
131,83946	2305,8953
132,97659	2261,9871
134,11371	2197,7075
135,25084	2170,157
136,38795	2155,2285
137,52509	2126,4026
138,6622	2072,4133
139,79933	2006,5754
140,93646	1992,5197
142,07358	1962,1722
143,21071	1930,8171
144,34782	1910,2966
145,48495	1888,2317
146,62207	1853,0803
147,7592	1819,7648
148,89632	1805,9745
150,03345	1800,4122
151,17056	1770,3224
152,30769	1747,141
153,44481	1731,7645
154,58194	1722,0967
155,71907	1691,2974
156,85619	1672,8002
157,99332	1656,7504
159,13043	1632,415
160,26756	1601,2904
161,40468	1558,5924
162,54181	1524,0618
163,67892	1540,1537
164,81606	1526,9786
165,95317	1494,214
167,0903	1458,1587
168,22743	1450,4924
169,36455	1452,1177
170,50168	1443,1281
171,63879	1435,2708
172,77592	1417,9475
173,91304	1391,2428
175,05017	1376,7205
176,18729	1387,6384
177,32442	1377,9656
178,46153	1363,3774
179,59866	1358,152
180,73578	1360,6233
181,87291	1351,6382
183,01004	1319,179
184,14716	1311,0201
185,28429	1335,9692
186,4214	1326,8521
187,55853	1328,0736
188,69565	1293,6552
189,83278	1292,1136
190,96989	1302,038
192,10703	1288,0952
193,24414	1270,0165
194,38127	1260,2197
195,5184	1223,314
196,65552	1294,3169
197,79265	1283,0399
198,92976	1241,0321
200,06689	1236,6249
201,20401	1226,573
202,34114	1221,019
203,47826	1224,4482
204,61539	1206,3737
205,7525	1190,7727
206,88963	1187,6693
208,02675	1178,6724
209,16388	1187,3274
210,30101	1189,1973
211,43813	1209,4462
212,57526	1195,5895
213,71237	1177,4462
214,8495	1180,3923
215,98662	1173,2668
217,12375	1167,5442
218,26086	1171,1078
219,39799	1173,8134
220,53511	1164,7625
221,67224	1180,0448
222,80937	1166,1943
223,94649	1162,8268
225,08362	1163,8387
226,22073	1160,6786
227,35786	1175,4144
228,49498	1197,7048
229,63211	1183,7198
230,76923	1162,8881
231,90636	1143,9752
233,04347	1180,541
234,1806	1186,0785
235,31772	1179,3739
236,45485	1174,3563
237,59198	1177,957
238,7291	1183,4998
239,86623	1170,7719
241,00334	1172,3309
242,14047	1182,2004
243,27759	1199,2407
244,41472	1166,9459
245,55183	1184,2178
246,68896	1164,1207
247,82608	1158,5548
248,96321	1152,8708
250,10034	1122,8171
251,23746	1126,9548
252,37459	1158,8401
253,5117	1126,2513
254,64883	1135,2432
255,78595	1149,3386
256,92307	1160,743
258,06021	1149,5687
259,19733	1147,4552
260,33444	1139,0355
261,47156	1134,4756
262,6087	1138,2335
263,74582	1105,3113
264,88293	1083,9187
266,02008	1107,9855
267,1572	1110,8218
268,29431	1120,7249
269,43143	1108,3354
270,56857	1116,7767
271,70569	1107,2407
272,8428	1098,9895
273,97992	1104,4863
275,11707	1094,6259
276,25418	1077,8844
277,3913	1077,4298
278,52844	1109,0116
279,66556	1065,2039
280,80267	1079,7722
281,93979	1084,8441
283,07693	1090,7758
284,21405	1087,0525
285,35117	1089,4337
286,48828	1104,2078
287,62543	1105,4287
288,76254	1088,2352
289,89966	1090,4828
291,0368	1097,5182
292,17392	1105,6329
293,31104	1069,8923
294,44815	1075,9395
295,5853	1075,066
296,72241	1068,5972
297,85953	1073,9513
298,99664	1066,968
300,13379	1051,5184
301,2709	1081,1091
302,40802	1070,1344
303,54514	1043,7104
304,68228	1033,6095
305,8194	1068,7472
306,95651	1053,9331
308,09366	1032,1714
309,23077	1037,3721
310,36789	1037,9207
311,505	1021,7495
312,64215	1014,4702
313,77927	1017,6942
314,91638	1005,3861
316,0535	1004,8947
317,19064	978,15094
318,32776	1000,8804
319,46487	980,43567
320,60202	967,05621
321,73914	985,04388
322,87625	977,75201
324,01337	947,41345
325,15051	946,54016
326,28763	970,1701
327,42474	962,35559
328,56186	953,03314
329,69901	923,85559
330,83612	945,91968
331,97324	926,23126
333,11038	932,33276
334,2475	934,51971
335,38461	930,02502
336,52173	953,64417
337,65887	964,03094
338,79599	947,7168
339,93311	959,14655
341,07022	978,07623
342,20737	1012,6851
343,34448	1022,7333
344,4816	1035,6801
345,61874	1038,3818
346,75586	1077,12
347,89297	1080,736
349,03009	1086,4648
350,16724	1114,1492
351,30435	1135,1229
352,44147	1139,7668
353,57858	1166,1437
354,71573	1216,2509
355,85284	1196,2882
356,98996	1252,4779
358,12708	1231,4675
359,26422	1290,3671
360,40134	1301,4469
361,53845	1334,9033
362,6756	1366,2039
363,81271	1364,9275
364,94983	1361,5908
366,08694	1367,1215
367,22409	1363,7869
368,36121	1364,0374
369,49832	1347,5054
370,63544	1374,7545
371,77258	1348,1842
372,9097	1358,5215
374,04681	1305,8334
375,18396	1285,7103
376,32108	1263,5123
377,45819	1272,2743
378,59531	1274,5038
379,73245	1259,5323
380,86957	1248,5333
382,00668	1231,1926
383,1438	1220,6014
384,28094	1192,6913
385,41806	1230,885
386,55518	1212,3818
387,69232	1209,4161
388,82944	1213,1608
389,96655	1215,4912
391,10367	1221,1217
392,24081	1232,8303
393,37793	1236,1161
394,51505	1214,4413
395,65216	1207,7625
396,78931	1248,1632
397,92642	1238,351
399,06354	1212,9832
400,20068	1217,5436
401,3378	1211,7493
402,47491	1205,2761
403,61203	1200,3186
404,74918	1176,5649
405,88629	1160,8359
407,02341	1147,531
408,16052	1145,8234
409,29767	1144,1401
410,43478	1112,8185
411,5719	1074,2566
412,70901	1076,4436
413,84616	1071,1259
414,98328	1074,4694
416,12039	1070,7028
417,25754	1071,3782
418,39465	1036,4017
419,53177	1012,2136
420,66888	1006,4957
421,80603	1003,9385
422,94315	992,91229
424,08026	990,914
425,21738	989,70386
426,35452	967,06836
427,49164	951,18494
428,62875	953,10205
429,7659	954,75757
430,90302	909,99298
432,04013	936,08679
433,17725	939,52466
434,31439	930,21442
435,45151	897,9585
436,58862	893,67767
437,72574	890,60779
438,86288	892,06207
440	900,93982
441,13712	889,99963
442,27426	867,6344
443,41138	873,66699
444,54849	873,61005
445,68561	865,54602
446,82275	872,68781
447,95987	859,77795
449,09698	890,95496
450,2341	869,21228
451,37125	826,17834
452,50836	855,01703
453,64548	872,38776
454,78262	849,09845
455,91974	830,52106
457,05685	841,98029
458,19397	856,86743
459,33112	843,51935
460,46823	824,12848
461,60535	817,26501
462,74246	841,96765
463,87961	837,9895
465,01672	823,51154
466,15384	848,56256
467,29099	843,69238
468,4281	851,14856
469,56522	840,96838
470,70233	818,44043
471,83948	823,52002
472,97659	829,93066
474,11371	832,0542
475,25082	841,16125
476,38797	807,74884
477,52509	823,10382
478,6622	825,18494
479,79932	800,19733
480,93646	828,14117
482,07358	827,97137
483,21069	807,72223
484,34784	822,98047
485,48495	796,36847
486,62207	797,38654
487,75919	808,52582
488,89633	792,31647
490,03345	789,21204
491,17056	800,87854
492,30768	793,75952
493,44482	800,96613
494,58194	799,97064
495,71906	798,50024
496,8562	793,16199
497,99332	776,25623
499,13043	794,73645
500,26755	789,78339
501,40469	776,85815
502,54181	790,83325
503,67892	785,24158
504,81604	803,80658
505,95319	823,58563
507,0903	814,21246
508,22742	799,96558
509,36456	803,78864
510,50168	817,54053
511,63879	822,68732
512,77594	798,71387
513,91302	815,96271
515,05017	828,88495
516,18732	810,04132
517,3244	797,9231
518,46155	817,95697
519,59863	811,20856
520,73578	792,35999
521,87292	810,84802
523,01001	810,22766
524,14716	796,09369
525,2843	783,30902
526,42139	786,6991
527,55853	793,54828
528,69568	779,17365
529,83276	771,07239
530,96991	782,263
532,10699	787,99597
533,24414	739,82764
534,38129	767,28052
535,51837	742,5509
536,65552	732,82977
537,79266	762,61133
538,92975	744,53717
540,06689	755,61469
541,20404	741,78339
542,34113	741,96124
543,47827	753,27014
544,61536	758,05743
545,7525	761,54749
546,88965	752,26514
548,02673	733,90918
549,16388	746,72107
550,30103	768,15045
551,43811	761,74908
552,57526	777,05426
553,7124	745,23309
554,84949	748,75818
555,98663	762,04877
557,12372	751,19427
558,26086	762,16138
559,39801	752,22339
560,5351	753,47418
561,67224	749,58447
562,80939	746,414
563,94647	753,95697
565,08362	748,44409
566,22076	753,38947
567,35785	775,54175
568,495	776,21484
569,63208	775,59967
570,76923	779,401
571,90637	790,99164
573,04346	756,86682
574,1806	765,25336
575,31775	786,74677
576,45483	804,85217
577,59198	787,54614
578,72913	779,52026
579,86621	799,7724
581,00336	808,42303
582,14044	808,62683
583,27759	818,34869
584,41473	824,82123
585,55182	822,07831
586,68896	832,95746
587,82611	846,22888
588,9632	845,36401
590,10034	851,02289
591,23749	852,12329
592,37457	840,117
593,51172	854,14075
594,6488	867,01575
595,78595	871,53857
596,9231	886,54419
598,06018	894,07361
599,19733	904,51978
600,33447	928,58228
601,47156	926,47577
602,6087	941,1344
603,74585	959,01886
604,88293	996,53613
606,02008	1012,9154
607,15717	1026,9681
608,29431	1051,6948
609,43146	1076,3628
610,56854	1106,7474
611,70569	1113,3564
612,84283	1096,5056
613,97992	1134,7153
615,11707	1170,0184
616,25415	1202,0557
617,3913	1268,8413
618,52844	1324,6926
619,66553	1369,7764
620,80267	1507,5695
621,93982	1595,3711
623,0769	1734,2097
624,21405	1863,7062
625,3512	2058,1494
626,48828	2210,3928
627,62543	2305,6335
628,76251	2373,8474
629,89966	2405,1958
631,0368	2401,0591
632,17389	2380,5693
633,31104	2321,5234
634,44818	2228,1545
635,58527	2157,4089
636,72241	2073,8757
637,85956	1947,3789
638,99664	1901,2507
640,13379	1820,1924
641,27087	1718,1138
642,40802	1634,3113
643,54517	1530,8184
644,68225	1450,2419
645,8194	1359,4368
646,95654	1288,7826
648,09363	1224,4387
649,23077	1178,8215
650,36792	1110,8657
651,505	1103,8064
652,64215	1112,8896
653,77924	1106,0901
654,91638	1120,7122
656,05353	1136,9539
657,19061	1132,0532
658,32776	1121,5082
659,4649	1099,4178
660,60199	1081,9049
661,73914	1087,0188
662,87628	1069,2064
664,01337	1038,0067
665,15051	1031,8584
666,2876	1013,0749
667,42474	982,96985
668,56189	954,18005
669,69897	912,15851
670,83612	873,9856
671,97327	861,2688
673,11035	859,24091
674,2475	817,88733
675,38464	806,14905
676,52173	806,63556
677,65887	809,43976
678,79596	789,63965
679,93311	763,66296
681,07025	765,3623
682,20734	753,17719
683,34448	748,47675
684,48163	742,112
685,61871	746,4986
686,75586	739,34851
687,89301	718,19678
689,03009	732,10669
690,16724	738,03333
691,30432	708,4599
692,44147	715,69934
693,57861	725,24683
694,7157	704,13696
695,85284	697,70911
696,98999	684,99579
698,12708	702,34241
699,26422	680,81213
700,40137	679,89728
701,53845	689,45538
702,6756	667,76941
703,81268	672,13428
704,94983	669,04932
706,08698	672,72467
707,22406	669,23718
708,36121	663,69836
709,49835	660,84222
710,63544	669,23193
711,77258	661,66553
712,90973	660,96936
714,04681	653,73163
715,18396	652,40356
716,32104	652,1037
717,45819	654,25568
718,59534	655,22864
719,73242	635,94727
720,86957	634,13092
722,00671	652,03625
723,1438	646,43665
724,28094	657,62408
725,41803	658,93915
726,55518	671,4223
727,69232	650,82556
728,82941	622,62543
729,96655	644,31848
731,1037	666,02423
732,24078	654,90637
733,37793	655,44733
734,51508	633,13416
735,65216	647,9873
736,78931	645,98663
737,92639	644,64697
739,06354	663,4538
740,20068	633,30017
741,33777	641,57037
742,47491	636,80597
743,61206	648,23511
744,74915	637,01404
745,88629	628,92499
747,02344	611,42816
748,16052	637,10767
749,29767	644,36719
750,43475	646,67603
751,5719	655,28882
752,70905	651,31909
753,84613	646,39441
754,98328	646,2962
756,12042	648,36182
757,25751	650,03815
758,39465	660,38605
759,5318	667,07751
760,66888	657,06134
761,80603	643,59448
762,94312	644,36371
764,08026	654,83282
765,21741	655,21851
766,35449	647,52747
767,49164	650,37555
768,62878	648,71088
769,76587	666,93994
770,90302	666,2699
772,04016	651,72833
773,17725	660,61993
774,31439	663,36743
775,45148	650,36279
776,58862	662,94055
777,72577	666,05151
778,86285	664,69427
780	684,06201
781,13715	708,93671
782,27423	736,54071
783,41138	723,61865
784,54852	731,46722
785,68561	762,02856
786,82275	803,94507
787,95984	831,90369
789,09698	838,23053
790,23413	864,78595
791,37122	898,83795
792,50836	943,6156
793,64551	980,41199
794,78259	997,89246
795,91974	1010,1077
797,05688	1015,1202
798,19397	1033,9434
799,33112	1043,7244
800,4682	1018,3116
801,60535	1026,8501
802,74249	1060,6752
803,87958	1051,7611
805,01672	1028,0322
806,15387	1049,7352
807,29095	1053,6965
808,4281	1033,6046
809,56525	1053,6274
810,70233	1039,6216
811,83948	1034,6119
812,97656	1055,3173
814,11371	1053,4672
815,25085	1039,2311
816,38794	1029,8627
817,52509	1025,2782
818,66223	1041,7506
819,79932	1034,9534
820,93646	1036,0676
822,07361	1047,7119
823,21069	1044,1245
824,34784	1045,7465
825,48492	1033,0038
826,62207	1017,243
827,75922	1031,2653
828,8963	1009,5913
830,03345	1014,6111
831,17059	1045,9269
832,30768	1027,6343
833,44482	1009,4916
834,58197	1007,0206
835,71906	1004,1174
836,8562	997,30853
837,99329	979,37299
839,13043	974,37115
840,26758	969,4657
841,40466	971,4505
842,54181	964,92114
843,67896	959,17682
844,81604	944,24316
845,95319	925,27979
847,09027	909,48297
848,22742	915,72736
849,36456	921,44403
850,50165	908,87555
851,63879	892,05865
852,77594	881,13086
853,91302	879,02405
855,05017	884,09515
856,18732	890,4527
857,3244	889,9765
858,46155	885,87781
859,59863	880,58997
860,73578	885,73572
861,87292	902,96552
863,01001	918,82202
864,14716	939,31195
865,2843	970,53003
866,42139	1004,2107
867,55853	1045,0468
868,69568	1079,5178
869,83276	1097,0983
870,96991	1137,0781
872,10699	1207,3667
873,24414	1241,4044
874,38129	1277,3475
875,51837	1282,3524
876,65552	1331,4048
877,79266	1373,2156
878,92975	1395,9286
880,06689	1366,9292
881,20404	1391,0771
882,34113	1367,5076
883,47827	1352,2365
884,61536	1343,0565
885,7525	1346,0383
886,88965	1330,2307
888,02673	1300,2072
889,16388	1309,2153
890,30103	1281,1477
891,43811	1245,5845
892,57526	1233,3446
893,7124	1218,4601
894,84949	1196,3065
895,98663	1152,0267
897,12372	1184,4357
898,26086	1148,0583
899,39801	1130,8845
900,5351	1084,2035
901,67224	1066,0658
902,80939	1086,1689
903,94647	1059,9359
905,08362	1090,9652
906,22076	1076,6729
907,35785	1082,3716
908,495	1059,5594
909,63208	1017,3306
910,76923	1024,6071
911,90637	1019,6054
913,04346	1010,9929
914,1806	1034,2076
915,31775	1045,5493
916,45483	1036,2759
917,59198	1036,1548
918,72913	1004,5383
919,86621	992,51117
921,00336	1007,2041
922,14044	998,86145
923,27759	991,42786
924,41473	1003,9266
925,55182	994,91223
926,68896	1008,7804
927,82611	1001,0923
928,9632	1016,8467
930,10034	1005,2433
931,23749	1031,3109
932,37457	1042,9374
933,51172	1045,3123
934,6488	1069,3495
935,78595	1043,7498
936,9231	1063,0735
938,06018	1081,3856
939,19733	1074,4678
940,33447	1066,0862
941,47156	1056,1113
942,6087	1064,9883
943,74585	1052,8701
944,88293	1055,9753
946,02008	1050,1013
947,15717	1059,3832
948,29431	1025,8668
949,43146	1023,3112
950,56854	1032,1066
951,70569	1018,5419
952,84283	988,14441
953,97992	985,67645
955,11707	978,43396
956,25415	983,1062
957,3913	977,10077
958,52844	957,45593
959,66553	941,94733
960,80267	964,52917
961,93982	962,83063
963,0769	963,62573
964,21405	971,56079
965,3512	965,92163
966,48828	953,56854
967,62543	955,57654
968,76251	951,20087
969,89966	962,29163
971,0368	960,48346
972,17389	930,12653
973,31104	948,1004
974,44818	947,72034
975,58527	934,54193
976,72241	931,2019
977,85956	942,7226
978,99664	933,79382
980,13379	935,4812
981,27087	919,17346
982,40802	911,66309
983,54517	920,81512
984,68225	922,99634
985,8194	925,19208
986,95654	913,93024
988,09363	917,62555
989,23077	923,56873
990,36792	910,17651
991,505	907,92865
992,64215	917,15045
993,77924	939,06262
994,91638	932,35992
996,05353	938,25964
997,19061	927,40906
998,32776	916,66339
999,4649	930,35437
1000,602	925,45367
1001,7391	907,78778
1002,8763	950,87512
1004,0134	932,88684
1005,1505	962,58502
1006,2876	974,73413
1007,4247	972,82349
1008,5619	989,07153
1009,699	986,50818
1010,8361	1026,9388
1011,9733	1063,6389
1013,1104	1098,2085
1014,2475	1113,7758
1015,3846	1133,2556
1016,5217	1185,7997
1017,6589	1213,1567
1018,796	1212,6995
1019,9331	1266,1592
1021,0703	1281,418
1022,2073	1283,1902
1023,3445	1283,9452
1024,4816	1280,3766
1025,6188	1261,5427
1026,7559	1231,0239
1027,8929	1226,1908
1029,0302	1199,9705
1030,1672	1149,3628
1031,3043	1148,4352
1032,4415	1118,7732
1033,5786	1056,226
1034,7157	1022,4202
1035,8528	1017,0852
1036,99	996,37201
1038,1271	971,69843
1039,2642	965,03387
1040,4014	917,19049
1041,5385	928,83875
1042,6755	925,77887
1043,8127	910,03864
1044,9498	877,73474
1046,0869	889,60468
1047,2241	871,70709
1048,3612	848,65009
1049,4983	857,62457
1050,6355	874,26331
1051,7726	853,76245
1052,9097	844,01508
1054,0469	857,07654
1055,184	830,51764
1056,321	827,69592
1057,4583	831,46185
1058,5953	823,90356
1059,7324	826,71301
1060,8695	819,6507
1062,0067	830,0412
1063,1438	826,18976
1064,2809	828,80182
1065,4181	836,01477
1066,5552	811,75195
1067,6923	811,00293
1068,8295	817,71344
1069,9666	830,20258
1071,1036	825,16095
1072,2408	825,76166
1073,3779	830,84436
1074,515	816,00995
1075,6522	816,36786
1076,7893	825,60797
1077,9264	811,52435
1079,0636	808,09302
1080,2007	821,74335
1081,3378	823,70343
1082,475	829,40436
1083,6121	826,57568
1084,7491	820,67004
1085,8862	823,4375
1087,0234	824,96625
1088,1605	829,34003
1089,2976	828,84052
1090,4348	819,01044
1091,5719	812,64825
1092,709	824,99548
1093,8462	818,08118
1094,9833	821,90472
1096,1204	824,24377
1097,2576	829,36957
1098,3947	846,5564
1099,5317	840,35535
1100,6689	836,078
1101,806	844,82068
1102,9431	856,60919
1104,0803	840,56677
1105,2174	873,23151
1106,3545	881,89325
1107,4917	882,96539
1108,6288	889,16388
1109,7659	905,03168
1110,903	910,79205
1112,0402	919,15747
1113,1772	916,15259
1114,3143	958,26105
1115,4515	942,63501
1116,5886	957,10815
1117,7257	971,68854
1118,8629	987,68866
1120	994,22186
1121,1371	1001,8209
1122,2743	1023,7925
1123,4114	1024,251
1124,5485	1036,2853
1125,6857	1015,5759
1126,8228	1029,1404
1127,9598	1040,8445
1129,097	1036,0267
1130,2341	1029,9381
1131,3712	1026,3632
1132,5083	1007,056
1133,6455	1003,082
1134,7826	991,58087
1135,9197	990,28613
1137,0569	981,36786
1138,194	958,23419
1139,3311	944,70569
1140,4683	925,34985
1141,6053	906,1087
1142,7424	884,86401
1143,8796	866,28107
1145,0167	843,47198
1146,1538	825,35571
1147,291	803,25916
1148,4281	782,94666
1149,5652	771,6358
1150,7024	729,21545
1151,8395	714,98004
1152,9766	706,65668
1154,1138	683,04779
1155,2509	670,49432
1156,3879	654,86688
1157,525	642,01642
1158,6622	632,47668
1159,7993	633,34943
1160,9364	614,17029
1162,0736	619,76105
1163,2107	600,70245
1164,3478	613,79102
1165,485	610,67975
1166,6221	617,67657
1167,7592	623,44653
1168,8964	607,80457
1170,0334	612,38165
1171,1705	619,18042
1172,3077	622,94769
1173,4448	631,7334
1174,5819	630,87976
1175,7191	637,65875
1176,8562	638,79932
1177,9933	647,87354
1179,1305	656,58331
1180,2676	672,1651
1181,4047	681,59894
1182,5417	692,37311
1183,679	697,1001
1184,816	701,15015
1185,9531	716,18347
1187,0903	709,04572
1188,2274	708,58533
1189,3645	721,81873
1190,5017	733,40076
1191,6388	741,69196
1192,7759	742,31824
1193,9131	749,57471
1195,0502	760,99854
1196,1873	751,29279
1197,3245	744,16052
1198,4615	744,75818
1199,5986	740,55945
1200,7358	735,87115
1201,8729	738,34869
1203,01	733,46216
1204,1472	740,98877
1205,2843	746,37933
1206,4214	726,58917
1207,5585	732,87305
1208,6957	729,26971
1209,8328	741,31799
1210,9698	736,36841
1212,1071	729,82764
1213,2441	742,97644
1214,3812	740,66559
1215,5184	735,2439
1216,6555	742,00134
1217,7926	750,97589
1218,9298	753,73694
1220,0669	742,55402
1221,204	749,50476
1222,3412	756,60779
1223,4783	758,00031
1224,6154	766,44812
1225,7526	763,78369
1226,8896	757,87091
1228,0267	770,19073
1229,1639	779,39679
1230,301	775,27478
1231,4381	785,57721
1232,5752	784,86426
1233,7124	776,46429
1234,8495	773,94189
1235,9866	780,74756
1237,1238	767,01416
1238,2609	790,88495
1239,3979	772,1568
1240,5352	754,79333
1241,6722	742,19128
1242,8093	775,0238
1243,9465	788,8067
1245,0836	783,32849
1246,2207	795,15015
1247,3579	782,80371
1248,495	790,03033
1249,6321	791,91803
1250,7693	798,07672
1251,9064	792,61414
1253,0435	794,00647
1254,1805	806,14624
1255,3177	810,0249
1256,4548	802,99542
1257,5919	805,46783
1258,7291	822,67279
1259,8662	836,90009
1261,0033	843,21503
1262,1405	845,20471
1263,2776	851,06885
1264,4147	846,08337
1265,5519	856,98169
1266,689	849,85895
1267,826	844,98187
1268,9633	845,27313
1270,1003	870,91003
1271,2374	849,76605
1272,3746	877,46283
1273,5117	853,10303
1274,6488	859,3689
1275,786	885,12531
1276,9231	853,92456
1278,0602	865,19891
1279,1973	882,86664
1280,3345	891,75592
1281,4716	880,59552
1282,6086	886,06842
1283,7458	877,90039
1284,8829	883,98633
1286,02	884,45117
1287,1572	890,69763
1288,2943	896,89136
1289,4314	869,01068
1290,5686	866,48315
1291,7057	880,3576
1292,8428	876,89508
1293,98	862,9057
1295,1171	838,33417
1296,2542	870,83051
1297,3914	881,23364
1298,5284	862,88348
1299,6655	871,41699
1300,8027	846,78455
1301,9398	851,77716
1303,0769	845,40509
1304,214	841,24188
1305,3512	858,09015
1306,4883	845,63733
1307,6254	840,31232
1308,7626	841,2702
1309,8997	832,88312
1311,0367	833,71497
1312,174	834,05853
1313,311	829,43805
1314,4481	826,44592
1315,5853	837,88281
1316,7224	837,30786
1317,8595	820,18976
1318,9967	814,62543
1320,1338	827,29907
1321,2709	827,20117
1322,4081	831,64459
1323,5452	834,83698
1324,6823	849,66791
1325,8195	833,5921
1326,9565	841,26495
1328,0936	859,7691
1329,2307	868,31744
1330,3679	854,50677
1331,505	887,44037
1332,6421	909,03436
1333,7793	892,56281
1334,9164	925,84473
1336,0535	953,58881
1337,1907	956,13049
1338,3278	984,01404
1339,4648	1011,8405
1340,6021	1034,8367
1341,7391	1035,3375
1342,8762	1084,9938
1344,0134	1100,3209
1345,1505	1126,8307
1346,2876	1123,5381
1347,4248	1133,7087
1348,5619	1152,5361
1349,699	1147,8774
1350,8361	1170,4825
1351,9733	1189,3525
1353,1104	1190,8961
1354,2474	1194,7598
1355,3846	1210,774
1356,5217	1198,2417
1357,6588	1181,4684
1358,796	1208,1847
1359,9331	1196,2819
1361,0702	1182,8619
1362,2074	1159,6578
1363,3445	1143,7544
1364,4816	1134,8557
1365,6188	1135,6782
1366,7559	1134,9824
1367,8929	1131,4072
1369,0302	1128,7438
1370,1672	1162,4908
1371,3043	1165,1172
1372,4415	1183,8929
1373,5786	1171,5835
1374,7157	1176,8376
1375,8528	1172,7783
1376,99	1162,5344
1378,1271	1148,2014
1379,2642	1144,5756
1380,4014	1135,5134
1381,5385	1125,1521
1382,6755	1073,2114
1383,8127	1077,1023
1384,9498	1040,5817
1386,0869	1012,9966
1387,2241	992,59314
1388,3612	1002,8503
1389,4983	972,56091
1390,6355	961,24011
1391,7726	935,15405
1392,9097	922,52448
1394,0469	915,38312
1395,184	899,95941
1396,321	890,62738
1397,4583	888,37646
1398,5953	888,27838
1399,7324	859,03516
1400,8695	845,67285
1402,0067	868,15155
1403,1438	844,60425
1404,2809	843,64825
1405,4181	817,18903
1406,5552	829,48688
1407,6923	832,29419
1408,8295	825,94238
1409,9666	837,12006
1411,1036	807,68182
1412,2408	839,03717
1413,3779	879,90723
1414,515	896,71112
1415,6522	923,64856
1416,7893	933,06299
1417,9264	976,67072
1419,0636	996,1322
1420,2007	1037,4572
1421,3378	1088,2788
1422,475	1115,9592
1423,6121	1168,5668
1424,7491	1191,8494
1425,8862	1254,9259
1427,0234	1321,5653
1428,1605	1359,0715
1429,2976	1399,8167
1430,4348	1432,5907
1431,5719	1472,0211
1432,709	1539,2432
1433,8462	1589,5787
1434,9833	1638,303
1436,1204	1665,9476
1437,2576	1698,755
1438,3947	1706,3441
1439,5317	1717,7329
1440,6689	1691,7371
1441,806	1693,0636
1442,9431	1664,599
1444,0803	1635,7983
1445,2174	1587,7332
1446,3545	1554,6804
1447,4917	1486,2649
1448,6288	1414,7096
1449,7659	1353,5438
1450,903	1292,3198
1452,0402	1236,7949
1453,1772	1144,7816
1454,3143	1074,4534
1455,4515	1003,0652
1456,5886	951,02521
1457,7257	891,685
1458,8629	836,25165
1460	776,19397
1461,1371	733,86407
1462,2743	701,87061
1463,4114	688,04626
1464,5485	695,96252
1465,6857	698,05444
1466,8228	701,63312
1467,9598	718,00159
1469,097	696,89276
1470,2341	713,59003
1471,3712	718,69037
1472,5083	729,32404
1473,6455	726,46729
1474,7826	711,39209
1475,9197	712,37085
1477,0569	716,95972
1478,194	716,14258
1479,3311	714,02155
1480,4683	696,22321
1481,6053	696,61029
1482,7424	700,46539
1483,8796	704,5191
1485,0167	697,87433
1486,1538	685,73114
1487,291	668,63324
1488,4281	675,6189
1489,5652	666,63306
1490,7024	659,78754
1491,8395	642,71899
1492,9766	643,22003
1494,1138	661,03577
1495,2509	663,04352
1496,3879	654,52142
1497,525	637,74609
1498,6622	662,6427
1499,7993	665,30878
1500,9364	648,82483
1502,0736	667,77289
1503,2107	644,13373
1504,3478	649,72168
1505,485	664,34833
1506,6221	644,26392
1507,7592	646,6825
1508,8964	635,41174
1510,0334	646,44751
1511,1705	639,6001
1512,3077	643,57733
1513,4448	648,17535
1514,5819	637,71637
1515,7191	639,21893
1516,8562	636,7616
1517,9933	634,75836
1519,1305	642,39679
1520,2676	631,27185
1521,4047	617,56421
1522,5417	620,41846
1523,679	636,04865
1524,816	633,92102
1525,9531	623,95197
1527,0903	617,97314
1528,2274	625,33929
1529,3645	607,62372
1530,5017	612,828
1531,6388	625,12988
1532,7759	612,14203
1533,9131	614,98865
1535,0502	604,39441
1536,1873	598,1778
1537,3245	599,95001
1538,4615	596,73413
1539,5986	628,59912
1540,7358	635,0752
1541,8729	612,21082
1543,01	613,91052
1544,1472	611,02716
1545,2843	618,1358
1546,4214	612,11267
1547,5585	595,59369
1548,6957	602,29633
1549,8328	603,47113
1550,9698	605,3941
1552,1071	611,48462
1553,2441	617,04602
1554,3812	601,74945
1555,5184	623,76703
1556,6555	593,98456
1557,7926	599,41956
1558,9298	600,99286
1560,0669	587,16986
1561,204	584,32434
1562,3412	582,32477
1563,4783	593,8952
1564,6154	587,87006
1565,7526	602,95203
1566,8896	579,40314
1568,0267	567,52338
1569,1639	590,19916
1570,301	575,47534
1571,4381	578,33386
1572,5752	577,96881
1573,7124	571,38074
1574,8495	586,68414
1575,9866	592,05853
1577,1238	570,6922
1578,2609	577,23804
1579,3979	574,50885
1580,5352	577,93201
1581,6722	576,08795
1582,8093	562,35358
1583,9465	593,32611
1585,0836	567,2511
1586,2207	566,03516
1587,3579	584,05829
1588,495	564,32751
1589,6321	566,1283
1590,7693	562,72931
1591,9064	555,35632
1593,0435	555,59607
1594,1805	555,56708
1595,3177	555,93219
1596,4548	574,30817
1597,5919	576,3551
1598,7291	569,77203
1599,8662	567,16638
1601,0033	564,68518
1602,1405	544,76172
1603,2776	560,58563
1604,4147	560,06012
1605,5519	557,56354
1606,689	557,28229
1607,826	548,68518
1608,9633	538,79083
1610,1003	539,04413
1611,2374	539,76263
1612,3746	557,71375
1613,5117	560,53522
1614,6488	557,76929
1615,786	549,84772
1616,9231	544,00244
1618,0602	539,34314
1619,1973	519,03369
1620,3345	541,18317
1621,4716	553,70624
1622,6086	549,04956
1623,7458	547,42401
1624,8829	537,52863
1626,02	549,88867
1627,1572	550,86346
1628,2943	545,92804
1629,4314	543,64648
1630,5686	526,68634
1631,7057	537,01221
1632,8428	540,03668
1633,98	545,39008
1635,1171	544,48126
1636,2542	546,96143
1637,3914	546,41364
1638,5284	540,77869
1639,6655	540,92053
1640,8027	544,29767
1641,9398	533,35223
1643,0769	553,57092
1644,214	542,9422
1645,3512	543,78625
1646,4883	550,29498
1647,6254	544,4859
1648,7626	528,91602
1649,8997	544,62256
1651,0367	522,35699
1652,174	540,8479
1653,311	549,28113
1654,4481	523,69849
1655,5853	522,51196
1656,7224	539,39246
1657,8595	554,51294
1658,9967	545,31433
1660,1338	537,69751
1661,2709	542,60748
1662,4081	526,75079
1663,5452	544,7359
1664,6823	558,93817
1665,8195	536,55139
1666,9565	529,24512
1668,0936	528,57501
1669,2307	543,28308
1670,3679	520,9726
1671,505	533,59656
1672,6421	532,7865
1673,7793	558,44293
1674,9164	531,01825
1676,0535	546,88611
1677,1907	543,46265
1678,3278	541,7135
1679,4648	557,40973
1680,6021	552,40771
1681,7391	544,71808
1682,8762	567,19489
1684,0134	563,16376
1685,1505	569,47229
1686,2876	560,7204
1687,4248	555,35657
1688,5619	566,91876
1689,699	571,51672
1690,8361	570,51605
1691,9733	582,48376
1693,1104	569,12097
1694,2474	588,70105
1695,3846	580,15002
1696,5217	587,73016
1697,6588	603,42639
1698,796	593,37201
1699,9331	610,90082
1701,0702	615,84967
1702,2074	616,38007
1703,3445	627,46344
1704,4816	623,7981
1705,6188	633,43549
1706,7559	665,7171
1707,8929	674,57471
1709,0302	699,5166
1710,1672	727,13037
1711,3043	741,51843
1712,4415	766,01031
1713,5786	798,63416
1714,7157	844,13586
1715,8528	877,16315
1716,99	931,28461
1718,1271	992,84344
1719,2642	1039,0264
1720,4014	1120,905
1721,5385	1215,0638
1722,6755	1304,4268
1723,8127	1400,7454
1724,9498	1467,1713
1726,0869	1591,0199
1727,2241	1655,1946
1728,3612	1725,5317
1729,4983	1750,483
1730,6355	1775,5173
1731,7726	1766,0033
1732,9097	1751,3068
1734,0469	1729,8975
1735,184	1670,2035
1736,321	1624,2272
1737,4583	1546,4041
1738,5953	1513,4562
1739,7324	1481,6423
1740,8695	1407,8575
1742,0067	1370,5906
1743,1438	1333,8878
1744,2809	1252,9922
1745,4181	1209,7567
1746,5552	1163,8501
1747,6923	1113,5475
1748,8295	1041,0858
1749,9666	977,62561
1751,1036	934,79138
1752,2408	880,13263
1753,3779	811,95667
1754,515	745,59357
1755,6522	720,36823
1756,7893	701,26477
1757,9264	672,1521
1759,0636	637,20642
1760,2007	620,07349
1761,3378	600,53302
1762,475	569,55695
1763,6121	582,62054
1764,7491	550,69147
1765,8862	569,66888
1767,0234	564,55621
1768,1605	559,4162
1769,2976	555,74799
1770,4348	545,0022
1771,5719	550,48309
1772,709	546,26239
1773,8462	550,20502
1774,9833	531,45154
1776,1204	536,09357
1777,2576	530,01794
1778,3947	506,51474
1779,5317	526,60242
1780,6689	522,76031
1781,806	531,57062
1782,9431	516,23438
1784,0803	509,69818
1785,2174	532,2179
1786,3545	525,37311
1787,4917	516,24194
1788,6288	508,01822
1789,7659	506,93787
1790,903	507,87799
1792,0402	520,88818
1793,1772	520,79541
1794,3143	516,1521
1795,4515	504,83408
1796,5886	503,05734
1797,7257	504,41608
1798,8629	509,08762
1800	506,12891
