100	3079,7007
100,98453	3003,2129
101,96906	2943,8723
102,95358	2903,863
103,93812	2873,7141
104,92265	2815,3689
105,90717	2760,5417
106,8917	2714,7297
107,87623	2659,4788
108,86076	2562,1638
109,84529	2548,6431
110,82982	2533,6277
111,81435	2499,626
112,79887	2439,199
113,7834	2413,3484
114,76793	2379,3054
115,75246	2345,8464
116,73699	2312,1223
117,72152	2260,6074
118,70605	2240,5457
119,69057	2206,3833
120,6751	2148,7844
121,65964	2066,0664
122,64417	2063,9866
123,62869	2050,9338
124,61322	2023,7935
125,59775	1985,9467
126,58228	1972,8502
127,56681	1942,8091
128,55133	1915,3739
129,53586	1892,7103
130,5204	1857,2555
131,50493	1864,7981
132,48946	1833,0546
133,47398	1788,3677
134,45851	1784,8987
135,44304	1752,5061
136,42757	1749,5002
137,41209	1738,9073
138,39662	1703,0334
139,38115	1694,5457
140,36568	1684,129
141,3502	1672,915
142,33475	1656,7781
143,31927	1625,1259
144,3038	1618,959
145,28833	1601,6112
146,27286	1577,3066
147,25739	1554,9596
148,24191	1554,1455
149,22644	1567,3824
150,21097	1556,953
151,1955	1519,1709
152,18002	1508,3088
153,16455	1492,3558
154,14908	1482,6877
155,13362	1477,5026
156,11815	1470,9736
157,10268	1470,9877
158,0872	1454,0818
159,07173	1438,3696
160,05626	1432,7579
161,04079	1414,1459
162,02531	1396,8654
163,00984	1403,5599
163,99437	1419,4285
164,9789	1400,8074
165,96342	1389,6354
166,94797	1361,8141
167,9325	1345,8928
168,91702	1363,0251
169,90155	1363,3268
170,88608	1330,2184
171,87061	1307,6796
172,85513	1298,8053
173,83966	1269,6222
174,82419	1281,428
175,80872	1290,907
176,79324	1294,693
177,77777	1292,579
178,76231	1266,9562
179,74684	1281,8373
180,73137	1284,4833
181,7159	1265,7402
182,70042	1269,6198
183,68495	1277,9821
184,66948	1274,9916
185,65401	1260,3466
186,63853	1238,1942
187,62306	1244,4128
188,60759	1244,4506
189,59212	1250,1281
190,57666	1259,4036
191,56119	1244,9471
192,54572	1234,7908
193,53024	1226,4645
194,51477	1223,5392
195,4993	1229,9731
196,48383	1229,1949
197,46835	1224,9164
198,45288	1230,3109
199,43741	1237,8997
200,42194	1198,1495
201,40646	1200,5146
202,39099	1199,887
203,37553	1192,2919
204,36006	1181,8467
205,34459	1194,3394
206,32912	1179,7208
207,31364	1165,9166
208,29817	1164,8658
209,2827	1172,6605
210,26723	1187,2314
211,25175	1181,8148
212,23628	1168,3708
213,22081	1164,2238
214,20534	1168,119
215,18988	1178,8943
216,17441	1180,2499
217,15894	1175,4465
218,14346	1191,834
219,12799	1194,7303
220,11252	1178,2419
221,09705	1161,3896
222,08157	1160,8345
223,0661	1154,2413
224,05063	1139,4177
225,03516	1133,8386
226,01968	1140,03
227,00423	1150,9675
227,98875	1158,9019
228,97328	1171,807
229,95781	1176,5641
230,94234	1168,2396
231,92686	1178,3484
232,91139	1199,7302
233,89592	1202,6639
234,88045	1190,8043
235,86497	1181,9729
236,8495	1186,7085
237,83403	1172,8585
238,81857	1162,307
239,8031	1168,019
240,78763	1191,4982
241,77216	1179,3311
242,75668	1185,0254
243,74121	1192,7068
244,72574	1178,5594
245,71027	1188,7823
246,69479	1202,6537
247,67932	1197,8575
248,66385	1174,3467
249,64838	1152,4081
250,6329	1172,7693
251,61745	1176,283
252,60197	1172,0555
253,5865	1169,605
254,57103	1166,4689
255,55556	1158,6282
256,54007	1146,1237
257,52463	1139,2878
258,50916	1151,5303
259,49368	1135,0972
260,47821	1135,1232
261,46274	1145,2467
262,44727	1154,8528
263,43179	1142,2941
264,41632	1151,5887
265,40085	1154,6483
266,38538	1155,4406
267,3699	1156,9264
268,35443	1138,0763
269,33896	1144,8079
270,32349	1147,0986
271,30801	1144,319
272,29254	1147,457
273,27707	1149,5204
274,2616	1137,2068
275,24612	1138,0491
276,23065	1154,5594
277,21518	1152,2124
278,19971	1141,8702
279,18423	1145,3551
280,16876	1139,0614
281,15332	1109,8148
282,13785	1116,1635
283,12238	1139,7407
284,1069	1146,1919
285,09143	1140,6241
286,07596	1142,5033
287,06049	1151,9318
288,04501	1142,1782
289,02954	1135,9216
290,01407	1141,5909
290,9986	1155,0364
291,98312	1130,0977
292,96765	1125,9963
293,95218	1133,4866
294,93671	1139,5033
295,92123	1127,7345
296,90576	1117,5837
297,89029	1112,098
298,87482	1109,2708
299,85934	1106,7881
300,84387	1112,321
301,8284	1116,1895
302,81293	1105,8414
303,79745	1094,6873
304,78198	1112,4454
305,76654	1115,1323
306,75107	1091,2849
307,7356	1089,5774
308,72012	1107,2325
309,70465	1065,877
310,68918	1099,1697
311,67371	1111,6908
312,65823	1109,1827
313,64276	1099,6226
314,62729	1072,7705
315,61182	1065,6538
316,59634	1084,1868
317,58087	1103,0686
318,5654	1095,2783
319,54993	1080,6014
320,53445	1075,149
321,51898	1070,5142
322,50351	1069,371
323,48804	1078,402
324,47256	1072,0848
325,45709	1068,2255
326,44162	1054,7345
327,42615	1042,3998
328,41068	1066,1147
329,39523	1061,2861
330,37976	1054,0665
331,36429	1049,3848
332,34882	1047,6871
333,33334	1042,1122
334,31787	1057,231
335,3024	1054,3264
336,28693	1053,551
337,27145	1066,2195
338,25598	1055,1229
339,24051	1079,0048
340,22504	1085,0804
341,20956	1082,7213
342,19409	1089,8278
343,17862	1099,3248
344,16315	1092,8373
345,14767	1086,7548
346,1322	1094,3943
347,11673	1122,9316
348,10126	1107,4063
349,08578	1118,0878
350,07031	1137,1606
351,05484	1158,527
352,03937	1180,7727
353,0239	1172,3591
354,00845	1186,0153
354,99298	1203,3033
355,97751	1216,8224
356,96204	1227,9696
357,94656	1259,6091
358,93109	1251,682
359,91562	1242,5128
360,90015	1248,9431
361,88467	1260,0845
362,8692	1267,8345
363,85373	1284,9524
364,83826	1298,684
365,82278	1300,7949
366,80731	1291,7361
367,79184	1260,8572
368,77637	1272,0476
369,76089	1290,489
370,74542	1287,2891
371,72995	1264,5437
372,71448	1278,3375
373,69901	1277,9194
374,68353	1261,416
375,66806	1242,0986
376,65259	1264,9249
377,63715	1245,3997
378,62167	1241,5885
379,6062	1233,6296
380,59073	1209,4526
381,57526	1240,5836
382,55978	1226,788
383,54431	1224,8684
384,52884	1218,5709
385,51337	1192,7655
386,49789	1209,1907
387,48242	1223,4448
388,46695	1220,2543
389,45148	1217,7748
390,436	1232,4192
391,42053	1223,1119
392,40506	1251,751
393,38959	1247,9695
394,37411	1229,8547
395,35864	1231,533
396,34317	1237,6289
397,3277	1216,0236
398,31223	1212,9611
399,29675	1219,7117
400,28128	1214,9727
401,26581	1199,2968
402,25037	1204,8862
403,23489	1193,4163
404,21942	1175,1974
405,20395	1169,849
406,18848	1162,6996
407,173	1189,8527
408,15753	1177,9143
409,14206	1150,4983
410,12659	1147,5219
411,11111	1132,8036
412,09564	1149,2152
413,08017	1153,2783
414,0647	1140,1337
415,04922	1120,3645
416,03375	1131,2422
417,01828	1126,087
418,00281	1122,4834
418,98734	1117,6327
419,97186	1108,197
420,95639	1111,374
421,94092	1118,8467
422,92545	1115,7747
423,90997	1109,8365
424,8945	1107,7645
425,87906	1092,8839
426,86359	1068,3827
427,84811	1071,7272
428,83264	1085,745
429,81717	1087,5
430,8017	1065,3398
431,78622	1055,7113
432,77075	1052,0465
433,75528	1057,2567
434,73981	1061,1819
435,72433	1016,5077
436,70886	1044,4603
437,69339	1032,0548
438,67792	1020,7483
439,66245	1038,4321
440,64697	1060,4673
441,6315	1049,1167
442,61603	1032,045
443,60056	1024,7297
444,58508	1027,2738
445,56961	1019,1965
446,55414	1015,9067
447,53867	1013,9215
448,52319	1008,3038
449,50772	1004,6234
450,49228	1017,9267
451,47681	1005,0979
452,46133	1009,0433
453,44586	999,66284
454,43039	990,89142
455,41492	1019,606
456,39944	988,19397
457,38397	992,01355
458,3685	976,38568
459,35303	963,43738
460,33755	995,05792
461,32208	981,72107
462,30661	992,42798
463,29114	990,17285
464,27567	986,07965
465,26019	999,58527
466,24472	1024,5637
467,22925	1000,0259
468,21378	995,6405
469,1983	1002,3605
470,18283	1000,4698
471,16736	977,87805
472,15189	984,74969
473,13641	993,30267
474,12094	991,87952
475,1055	985,50177
476,09003	1002,1819
477,07455	1021,8542
478,05908	1008,4777
479,04361	993,57092
480,02814	989,57031
481,01266	990,4541
481,99719	1004,676
482,98172	989,3949
483,96625	987,97247
484,95078	1000,8839
485,9353	1008,2992
486,91983	1001,5244
487,90436	993,66071
488,88889	985,0899
489,87341	989,15277
490,85794	1007,3545
491,84247	990,09552
492,827	967,40637
493,81152	969,82813
494,79605	977,68323
495,78058	974,94904
496,76511	962,36041
497,74963	979,25256
498,73419	964,59436
499,71872	968,81458
500,70325	992,51758
501,68777	992,96979
502,6723	976,79401
503,65683	985,66565
504,64136	972,15033
505,62589	959,17139
506,61041	982,45892
507,59494	988,19891
508,57947	990,98395
509,564	993,41669
510,54852	992,59198
511,53305	989,98816
512,51758	998,88446
513,50214	961,12445
514,48663	982,02887
515,47119	997,06543
516,45569	984,09082
517,44025	974,2323
518,42474	982,72711
519,4093	988,02899
520,3938	982,94965
521,37836	978,9541
522,36285	986,84106
523,34741	968,49695
524,33191	970,78119
525,31647	973,32117
526,30096	969,32593
527,28552	965,05988
528,27002	987,87097
529,25458	976,32892
530,23907	954,59351
531,22363	934,96735
532,20813	940,3855
533,19269	991,28571
534,17719	977,44385
535,16174	956,81641
536,1463	948,83063
537,1308	945,42896
538,11536	936,33948
539,09985	937,12201
540,08441	936,73187
541,06891	935,802
542,05347	942,5368
543,03796	947,797
544,02252	922,87909
545,00702	955,57764
545,99158	951,26202
546,97607	921,79053
547,96063	904,84296
548,94513	931,71588
549,92969	939,89325
550,91418	943,36096
551,89874	938,01959
552,88324	929,15613
553,8678	929,21082
554,85229	958,27625
555,83685	940,81952
556,82135	934,69379
557,80591	934,33295
558,79047	930,62451
559,77496	918,41315
560,75952	927,41986
561,74402	909,73981
562,72858	906,79327
563,71307	905,91205
564,69763	896,39508
565,68213	890,99756
566,66669	892,57416
567,65118	900,26367
568,63574	921,55585
569,62024	937,50928
570,6048	925,30511
571,58929	941,69556
572,57385	966,03735
573,55835	971,93805
574,54291	970,01984
575,5274	967,77521
576,51196	954,63208
577,49646	972,71112
578,48102	983,09662
579,46552	979,81073
580,45007	976,9928
581,43457	989,03802
582,41913	975,06421
583,40369	985,1424
584,38818	999,56757
585,37274	998,38123
586,35724	984,51068
587,3418	989,80377
588,32629	991,5011
589,31085	1011,3388
590,29535	1009,6084
591,27991	1007,6387
592,2644	1030,2458
593,24896	1023,6798
594,23346	1007,8327
595,21802	1017,8436
596,20251	1023,5303
597,18707	1019,8034
598,17157	1029,9099
599,15613	1059,0524
600,14063	1064,0194
601,12518	1073,0497
602,10968	1083,2031
603,09424	1089,2385
604,07874	1098,2526
605,06329	1093,2047
606,04779	1113,0635
607,03235	1133,3098
608,01691	1137,075
609,0014	1127,1609
609,98596	1166,6359
610,97046	1167,0692
611,95502	1164,6014
612,93951	1172,9381
613,92407	1186,4052
614,90857	1185,4962
615,89313	1209,3966
616,87762	1212,0292
617,86218	1242,5745
618,84668	1288,7424
619,83124	1333,9071
620,81573	1391,1573
621,80029	1454,3085
622,78479	1475,5485
623,76935	1559,9818
624,75385	1674,2437
625,7384	1739,5879
626,7229	1808,524
627,70746	1843,9891
628,69196	1890,1429
629,67651	1921,3655
630,66101	1930,3627
631,64557	1929,9653
632,63013	1902,7354
633,61462	1843,2363
634,59918	1802,3176
635,58368	1783,0068
636,56824	1757,2615
637,55273	1676,3436
638,53729	1635,046
639,52179	1578,6906
640,50635	1525,2866
641,49084	1481,922
642,4754	1447,0718
643,4599	1409,9265
644,44446	1378,4143
645,42896	1335,9917
646,41351	1281,2211
647,39801	1245,812
648,38257	1245,2975
649,36707	1183,2305
650,35162	1203,905
651,33612	1178,328
652,32068	1172,0353
653,30518	1175,5076
654,28973	1139,1075
655,27429	1165,6158
656,25879	1158,9801
657,24335	1160,0908
658,22784	1155,1925
659,2124	1147,808
660,1969	1160,0099
661,18146	1164,4879
662,16595	1154,1582
663,15051	1137,6117
664,13501	1131,7614
665,11957	1132,4906
666,10406	1110,9921
667,08862	1090,7092
668,07312	1093,3827
669,05768	1082,01
670,04218	1060,1005
671,02673	1039,0056
672,01123	1023,6025
672,99579	1016,967
673,98029	1028,235
674,96484	1008,8193
675,94934	996,06439
676,9339	1008,8871
677,9184	981,75391
678,90295	950,1665
679,88751	960,54736
680,87201	953,08557
681,85657	947,84973
682,84106	961,53668
683,82562	938,38983
684,81012	945,05963
685,79468	954,09857
686,77917	957,45087
687,76373	952,64319
688,74823	945,29352
689,73279	951,96735
690,71729	914,16077
691,70184	924,71631
692,68634	933,05713
693,6709	931,08337
694,6554	926,03992
695,63995	910,58661
696,62445	909,63861
697,60901	918,48712
698,59351	921,60352
699,57806	923,73511
700,56256	932,49042
701,54712	939,49139
702,53162	929,23236
703,51617	915,84021
704,50073	912,38367
705,48523	910,12476
706,46979	901,09271
707,45428	900,69531
708,43884	913,18475
709,42334	896,12115
710,4079	904,97864
711,3924	916,35327
712,37695	902,90631
713,36145	896,82037
714,34601	903,19043
715,33051	918,70001
716,31506	910,42822
717,29956	899,45563
718,28412	905,68719
719,26862	910,87598
720,25317	895,7926
721,23767	904,58044
722,22223	912,09149
723,20673	908,21069
724,19128	899,82251
725,17578	906,61377
726,16034	891,51862
727,14484	873,15649
728,12939	884,74792
729,11395	888,79022
730,09845	874,88257
731,08301	881,29895
732,0675	902,20148
733,05206	900,362
734,03656	899,51251
735,02112	903,5672
736,00562	906,7655
736,99017	900,66888
737,97467	893,138
738,95923	900,62262
739,94373	891,09564
740,92828	895,05646
741,91278	905,98706
742,89734	899,97711
743,88184	908,74811
744,86639	893,39539
745,85089	888,00665
746,83545	904,85498
747,81995	916,01221
748,8045	900,41382
749,789	902,08075
750,77356	899,24689
751,75812	888,0954
752,74261	902,33881
753,72717	910,80566
754,71167	897,66022
755,69623	907,84033
756,68073	919,5835
757,66528	910,74213
758,64978	894,60114
759,63434	888,52704
760,61884	900,74286
761,60339	921,22675
762,58789	901,85419
763,57245	896,91248
764,55695	915,53857
765,5415	923,34711
766,526	906,3465
767,51056	884,47034
768,49506	918,18866
769,47961	897,0578
770,46411	897,66101
771,44867	896,83685
772,43317	902,00696
773,41772	917,91565
774,40222	917,07245
775,38678	909,16595
776,37134	901,86609
777,35583	903,17059
778,34039	914,98022
779,32489	927,92151
780,30945	926,18079
781,29395	914,06293
782,2785	932,16437
783,263	928,82776
784,24756	945,48187
785,23206	960,89838
786,21661	943,91498
787,20111	967,57489
788,18567	1006,853
789,17017	1022,046
790,15472	1033,9072
791,13922	1038,2112
792,12378	1036,0082
793,10828	1047,1737
794,09283	1066,5836
795,07733	1087,5497
796,06189	1095,4545
797,04639	1101,8474
798,03094	1111,0425
799,01544	1118,2809
800	1121,6315
800,98456	1124,7037
801,96906	1134,3676
802,95361	1130,9484
803,93811	1122,1663
804,92267	1125,1477
805,90717	1145,957
806,89172	1139,1941
807,87622	1130,4236
808,86078	1124,2386
809,84528	1134,1661
810,82983	1140,454
811,81433	1120,1146
812,79889	1127,7991
813,78339	1142,9009
814,76794	1154,4812
815,75244	1147,9188
816,737	1132,1321
817,7215	1121,11
818,70605	1121,3228
819,69055	1142,0688
820,67511	1133,6899
821,65961	1140,1389
822,64417	1143,9501
823,62866	1134,6881
824,61322	1120,0471
825,59778	1121,7338
826,58228	1099,3389
827,56683	1127,1945
828,55133	1099,7627
829,53589	1086,0892
830,52039	1113,2905
831,50494	1117,441
832,48944	1123,4465
833,474	1104,7169
834,4585	1119,1711
835,44305	1126,9257
836,42755	1120,8541
837,41211	1108,8774
838,39661	1091,1284
839,38116	1104,7024
840,36566	1093,7483
841,35022	1092,2411
842,33472	1092,1807
843,31927	1091,0631
844,30377	1095,2631
845,28833	1107,6113
846,27283	1087,1472
847,25739	1064,1753
848,24188	1075,5869
849,22644	1073,4357
850,211	1051,1084
851,1955	1055,527
852,18005	1063,6804
853,16455	1034,5886
854,14911	1052,8019
855,13361	1058,3386
856,11816	1054,5156
857,10266	1053,5538
858,08722	1044,0964
859,07172	1059,9324
860,05627	1073,7395
861,04077	1063,6962
862,02533	1057,9426
863,00983	1065,6819
863,99438	1069,4268
864,97888	1044,3082
865,96344	1103,2156
866,94794	1134,7939
867,9325	1148,5109
868,91699	1165,4739
869,90155	1192,7007
870,88605	1218,5985
871,87061	1222,7115
872,85516	1270,2786
873,83966	1272,0483
874,82422	1293,3018
875,80872	1324,2408
876,79327	1343,5411
877,77777	1342,3047
878,76233	1333,7876
879,74683	1375,3706
880,73138	1377,1576
881,71588	1373,0901
882,70044	1373,6967
883,68494	1366,176
884,66949	1340,8655
885,65399	1336,1072
886,63855	1321,092
887,62305	1324,3186
888,6076	1312,658
889,5921	1301,8947
890,57666	1296,6559
891,56116	1286,3409
892,54572	1283,329
893,53021	1237,9825
894,51477	1251,517
895,49927	1235,3131
896,48383	1199,933
897,46838	1183,1024
898,45288	1197,1199
899,43744	1192,8584
900,42194	1186,0103
901,40649	1178,8325
902,39099	1169,5203
903,37555	1170,3295
904,36005	1167,9468
905,3446	1148,7626
906,3291	1165,2887
907,31366	1151,0736
908,29816	1132,8273
909,28271	1125,5863
910,26721	1124,6299
911,25177	1124,0325
912,23627	1118,9758
913,22083	1101,8353
914,20532	1121,5823
915,18988	1092,2406
916,17438	1105,5664
917,15894	1125,4506
918,14343	1120,1364
919,12799	1100,7339
920,11249	1109,9041
921,09705	1121,922
922,0816	1112,3805
923,0661	1092,7592
924,05066	1097,0483
925,03516	1102,6935
926,01971	1098,9132
927,00421	1140,389
927,98877	1130,5399
928,97327	1114,9678
929,95782	1120,5177
930,94232	1106,4685
931,92688	1097,2375
932,91138	1118,6482
933,89594	1145,6776
934,88043	1148,2277
935,86499	1160,4974
936,84949	1144,8964
937,83405	1142,0054
938,81854	1137,3315
939,8031	1135,0625
940,7876	1160,0254
941,77216	1163,4504
942,75665	1163,4159
943,74121	1141,3926
944,72571	1125,0651
945,71027	1112,988
946,69482	1114,1783
947,67932	1133,8687
948,66388	1141,4233
949,64838	1139,6603
950,63293	1132,1592
951,61743	1114,6423
952,60199	1117,1112
953,58649	1114,0858
954,57104	1094,8088
955,55554	1103,1917
956,5401	1086,7684
957,5246	1094,0311
958,50916	1099,7954
959,49365	1105,9344
960,47821	1091,8304
961,46271	1068,3544
962,44727	1067,0568
963,43176	1063,8157
964,41632	1067,2913
965,40082	1094,9906
966,38538	1091,8289
967,36987	1075,681
968,35443	1068,9838
969,33899	1073,7694
970,32349	1073,5291
971,30804	1071,5161
972,29254	1032,1669
973,2771	1053,1693
974,2616	1070,5098
975,24615	1063,2047
976,23065	1048,9879
977,21521	1052,2842
978,19971	1066,5092
979,18427	1035,2485
980,16876	1054,3445
981,15332	1064,8774
982,13782	1056,4141
983,12238	1053,814
984,10687	1066,2104
985,09143	1062,0276
986,07593	1062,5228
987,06049	1035,6664
988,04498	1056,1167
989,02954	1054,6924
990,01404	1056,2451
990,9986	1058,8901
991,98309	1040,5085
992,96765	1055,9569
993,95221	1055,0983
994,93671	1051,0647
995,92126	1077,9181
996,90576	1071,8201
997,89032	1071,4376
998,87482	1085,8848
999,85938	1057,1843
1000,8439	1063,9829
1001,8284	1079,9996
1002,8129	1075,037
1003,7975	1061,7302
1004,782	1059,4324
1005,7665	1076,0754
1006,751	1101,4832
1007,7356	1115,3656
1008,7201	1116,7802
1009,7047	1126,5443
1010,6891	1117,7886
1011,6737	1122,795
1012,6582	1148,7041
1013,6428	1179,4259
1014,6273	1195,495
1015,6118	1197,5701
1016,5963	1210,2762
1017,5809	1219,2161
1018,5654	1239,1917
1019,5499	1231,6433
1020,5345	1249,9016
1021,519	1282,5166
1022,5035	1280,1488
1023,488	1301,745
1024,4725	1272,4299
1025,4572	1261,1395
1026,4417	1259,0596
1027,4261	1250,8817
1028,4106	1231,436
1029,3953	1211,2739
1030,3798	1191,3044
1031,3643	1137,0476
1032,3488	1175,5059
1033,3334	1164,0228
1034,3179	1137,8091
1035,3024	1137,1609
1036,2869	1124,2196
1037,2715	1099,5199
1038,256	1105,8026
1039,2405	1103,0453
1040,225	1085,562
1041,2096	1093,0797
1042,1941	1085,0099
1043,1786	1074,9108
1044,1632	1059,365
1045,1477	1049,5969
1046,1322	1055,5392
1047,1167	1033,8
1048,1013	1041,1595
1049,0858	1040,0521
1050,0703	1012,7451
1051,0548	1013,0221
1052,0394	1020,273
1053,0239	1022,9
1054,0084	1028,0704
1054,9929	1006,4003
1055,9775	1018,1502
1056,962	998,85901
1057,9465	1027,8895
1058,931	1025,1986
1059,9156	1005,9092
1060,9001	994,4223
1061,8846	996,9317
1062,8691	1020,1515
1063,8538	1005,291
1064,8383	995,12378
1065,8228	1004,8143
1066,8074	1002,7579
1067,7919	991,02771
1068,7764	997,81146
1069,7609	1010,9297
1070,7455	977,73303
1071,73	995,55682
1072,7145	961,34412
1073,699	1008,1926
1074,6836	1003,0976
1075,6681	994,11737
1076,6526	993,40088
1077,6371	993,21661
1078,6217	1004,2289
1079,6062	1015,1505
1080,5907	1016,9709
1081,5752	999,29419
1082,5598	1003,8217
1083,5443	1014,8007
1084,5288	1016,7559
1085,5133	1010,5163
1086,4979	1008,0888
1087,4824	1013,0664
1088,4669	993,63477
1089,4514	1009,5079
1090,436	993,63348
1091,4205	998,17664
1092,405	998,96637
1093,3896	1002,5637
1094,3741	1011,8177
1095,3586	998,16394
1096,3431	1003,5859
1097,3278	1010,6119
1098,3123	1022,9766
1099,2968	1020,007
1100,2813	1012,1944
1101,2659	1019,4115
1102,2504	1036,7645
1103,2349	1041,5261
1104,2194	1029,5878
1105,204	1013,6478
1106,1885	1036,4562
1107,173	1045,2512
1108,1575	1048,309
1109,1421	1031,5634
1110,1266	1029,624
1111,1111	1045,7969
1112,0956	1036,6307
1113,0802	1047,3177
1114,0647	1051,2128
1115,0492	1040,3892
1116,0338	1069,0287
1117,0183	1086,8859
1118,0028	1089,3787
1118,9873	1095,1876
1119,9719	1107,6538
1120,9564	1110,561
1121,9409	1119,2838
1122,9254	1123,2358
1123,91	1124,3904
1124,8945	1132,8126
1125,879	1128,3862
1126,8635	1137,3191
1127,8481	1150,7643
1128,8326	1140,2577
1129,8171	1134,6674
1130,8016	1142,288
1131,7863	1145,011
1132,7708	1134,6982
1133,7552	1138,7729
1134,7397	1126,256
1135,7244	1111,1235
1136,7089	1100,4271
1137,6934	1084,574
1138,678	1086,8973
1139,6625	1099,6837
1140,647	1067,6862
1141,6315	1059,0786
1142,6161	1040,4058
1143,6006	1036,5691
1144,5851	1034,7175
1145,5696	1025,2123
1146,5542	1015,4273
1147,5387	990,45825
1148,5232	978,02637
1149,5077	963,82916
1150,4923	983,22784
1151,4768	963,05811
1152,4613	938,16504
1153,4458	932,04926
1154,4304	931,21234
1155,4149	915,66187
1156,3994	893,96875
1157,3839	886,01508
1158,3685	879,74829
1159,353	887,67273
1160,3375	876,5412
1161,322	871,1911
1162,3066	875,72906
1163,2911	876,21759
1164,2756	871,94092
1165,2603	876,34137
1166,2448	845,68829
1167,2292	869,44116
1168,2137	880,1405
1169,1984	866,07867
1170,1829	883,95105
1171,1674	882,31268
1172,1519	865,38885
1173,1365	864,98871
1174,121	854,17999
1175,1055	882,47723
1176,09	920,00604
1177,0746	877,72308
1178,0591	871,46619
1179,0436	888,52972
1180,0281	906,04517
1181,0127	905,0094
1181,9972	900,33374
1182,9817	915,14105
1183,9662	910,97345
1184,9508	916,84924
1185,9353	911,10266
1186,9198	916,54999
1187,9044	902,90417
1188,8889	920,62134
1189,8734	931,21844
1190,8579	928,96167
1191,8425	945,14703
1192,827	950,55249
1193,8115	950,49847
1194,796	930,45935
1195,7806	959,34229
1196,7651	961,53418
1197,7496	936,40674
1198,7341	938,89636
1199,7188	950,36047
1200,7032	938,93304
1201,6877	932,74664
1202,6722	954,02081
1203,6569	932,55182
1204,6414	946,56207
1205,6259	950,11218
1206,6104	938,17633
1207,595	930,8396
1208,5795	936,91248
1209,564	950,38483
1210,5486	962,02783
1211,5331	966,82306
1212,5176	959,38599
1213,5021	949,02063
1214,4867	958,2536
1215,4712	954,29517
1216,4557	942,68152
1217,4402	955,60278
1218,4248	952,29077
1219,4093	935,63599
1220,3938	942,05023
1221,3783	946,39447
1222,3629	949,33905
1223,3474	943,05676
1224,3319	959,95746
1225,3164	940,81525
1226,301	953,52954
1227,2855	964,4068
1228,27	970,79718
1229,2545	962,51831
1230,2391	938,40045
1231,2236	948,06616
1232,2081	947,43793
1233,1926	971,75623
1234,1772	976,33624
1235,1617	983,74481
1236,1462	976,02069
1237,1309	983,29218
1238,1154	964,27789
1239,0999	928,05377
1240,0844	913,59698
1241,069	884,49561
1242,0535	869,43127
1243,038	874,45215
1244,0225	859,32874
1245,0071	876,40161
1245,9916	869,60571
1246,9761	863,11908
1247,9606	862,73187
1248,9452	858,28595
1249,9297	863,74396
1250,9142	893,21124
1251,8987	887,25244
1252,8833	892,72906
1253,8678	891,81891
1254,8523	905,24506
1255,8368	901,28387
1256,8214	912,06781
1257,8059	910,30463
1258,7904	910,10938
1259,775	930,30621
1260,7595	945,90387
1261,744	945,36829
1262,7285	919,65576
1263,7131	920,72461
1264,6976	951,23804
1265,6821	963,04767
1266,6666	970,43591
1267,6512	980,45288
1268,6357	996,11322
1269,6202	1004,2218
1270,6047	999,77246
1271,5894	999,54639
1272,5739	1006,6401
1273,5583	1000,4231
1274,5428	995,25562
1275,5275	995,58655
1276,512	991,98712
1277,4965	1008,4781
1278,481	997,31433
1279,4656	993,99298
1280,4501	994,45282
1281,4346	975,98712
1282,4191	976,40271
1283,4037	993,61951
1284,3882	985,43597
1285,3727	993,48303
1286,3573	975,94958
1287,3418	996,73621
1288,3263	991,7912
1289,3108	993,70947
1290,2954	986,29218
1291,2799	982,44452
1292,2644	986,54895
1293,2489	977,67767
1294,2335	981,53735
1295,218	988,04761
1296,2025	992,6875
1297,187	970,7511
1298,1716	981,41034
1299,1561	989,49408
1300,1406	1000,946
1301,1251	1003,1145
1302,1097	995,13849
1303,0942	993,71326
1304,0787	1001,0011
1305,0632	1017,0972
1306,0479	963,64868
1307,0323	983,93707
1308,0168	982,26019
1309,0015	983,42224
1309,986	970,74963
1310,9705	974,33026
1311,955	989,18604
1312,9396	990,98761
1313,9241	980,479
1314,9086	965,39673
1315,8931	950,0968
1316,8777	978,20746
1317,8622	988,09357
1318,8467	983,97485
1319,8312	976,26508
1320,8158	985,26001
1321,8003	998,43439
1322,7848	1005,4905
1323,7693	1001,5514
1324,7539	983,58636
1325,7384	977,92108
1326,7229	1007,1139
1327,7074	998,03711
1328,692	1022,3483
1329,6765	1018,8919
1330,661	1030,6877
1331,6456	1038,1454
1332,6301	1039,0665
1333,6146	1041,1898
1334,5991	1047,3162
1335,5837	1057,804
1336,5682	1063,8246
1337,5527	1054,021
1338,5372	1110,465
1339,5219	1124,8119
1340,5063	1125,9011
1341,4908	1135,8649
1342,4753	1137,1594
1343,46	1143,692
1344,4445	1164,614
1345,429	1174,981
1346,4135	1157,257
1347,3981	1149,4622
1348,3826	1175,012
1349,3671	1229,7159
1350,3516	1234,4166
1351,3362	1214,3085
1352,3207	1229,8119
1353,3052	1230,2532
1354,2897	1224,3104
1355,2743	1222,1019
1356,2588	1218,4667
1357,2433	1209,6199
1358,2279	1191,0162
1359,2124	1186,2064
1360,1969	1178,9235
1361,1814	1197,1339
1362,166	1192,337
1363,1505	1196,8398
1364,135	1178,7792
1365,1195	1175,3009
1366,1041	1170,4592
1367,0886	1152,3344
1368,0731	1147,1788
1369,0576	1156,1688
1370,0422	1149,2114
1371,0267	1168,3374
1372,0112	1135,4298
1372,9957	1165,6028
1373,9803	1188,2626
1374,9648	1184,6133
1375,9493	1184,8185
1376,9338	1183,8916
1377,9185	1183,3699
1378,903	1178,0988
1379,8875	1168,0687
1380,8721	1177,7612
1381,8566	1173,0367
1382,8411	1147,818
1383,8256	1135,9233
1384,8102	1133,4814
1385,7947	1128,5579
1386,7792	1115,4585
1387,7637	1084,5364
1388,7483	1062,7173
1389,7328	1053,4227
1390,7173	1038,748
1391,7018	1010,7365
1392,6864	986,01392
1393,6709	1009,0007
1394,6554	975,41583
1395,6399	1014,7382
1396,6245	1012,6294
1397,609	1004,7894
1398,5935	1014,5698
1399,578	1017,7124
1400,5626	1022,853
1401,5471	1028,3071
1402,5316	1017,781
1403,5162	1007,8853
1404,5007	1028,6001
1405,4852	1031,7169
1406,4697	1011,4216
1407,4543	1025,9962
1408,4388	995,43329
1409,4233	1005,7624
1410,4078	1001,9205
1411,3925	1026,0701
1412,377	1042,0288
1413,3615	1037,9377
1414,3459	1053,2178
1415,3306	1092,2588
1416,3151	1113,0806
1417,2996	1122,0862
1418,2841	1126,1343
1419,2687	1126,1846
1420,2532	1155,5188
1421,2377	1161,9905
1422,2222	1185,6918
1423,2068	1195,2549
1424,1913	1237,3522
1425,1758	1269,1069
1426,1603	1277,2952
1427,1449	1296,0333
1428,1294	1337,5542
1429,1139	1379,377
1430,0985	1393,7311
1431,083	1425,4425
1432,0675	1439,1614
1433,052	1458,3281
1434,0366	1470,0897
1435,0211	1497,6663
1436,0056	1513,9775
1436,9901	1532,1567
1437,9747	1557,3408
1438,9592	1573,6925
1439,9437	1564,418
1440,9282	1550,4106
1441,9128	1560,8948
1442,8973	1538,5973
1443,8818	1495,285
1444,8663	1501,6309
1445,851	1484,1428
1446,8354	1465,6193
1447,8199	1437,8062
1448,8044	1419,1328
1449,7891	1380,83
1450,7736	1339,3938
1451,7581	1312,4836
1452,7427	1280,9581
1453,7272	1236,5304
1454,7117	1213,7892
1455,6962	1214,0884
1456,6808	1162,8699
1457,6653	1159,3296
1458,6498	1124,9169
1459,6343	1109,6855
1460,6189	1109,2344
1461,6034	1090,6683
1462,5879	1089,8936
1463,5724	1067,8252
1464,557	1050,1368
1465,5415	1053,5891
1466,526	1056,8716
1467,5105	1051,5826
1468,4951	1036,2646
1469,4796	1019,6907
1470,4641	974,80371
1471,4486	1007,1261
1472,4332	1007,1048
1473,4177	996,73004
1474,4022	1012,8267
1475,3867	991,44427
1476,3713	1001,6844
1477,3558	1032,7606
1478,3403	1036,4232
1479,325	1018,4037
1480,3094	1013,6899
1481,2939	1020,5385
1482,2784	1009,8022
1483,2631	988,12262
1484,2476	1012,0316
1485,2321	979,40826
1486,2166	957,88721
1487,2012	967,39368
1488,1857	976,98431
1489,1702	952,21191
1490,1547	928,75439
1491,1393	940,92542
1492,1238	941,17798
1493,1083	927,53003
1494,0928	945,10004
1495,0774	974,32489
1496,0619	967,41724
1497,0464	958,23016
1498,0309	957,5224
1499,0155	980,95306
1500	961,25391
1500,9845	953,21808
1501,9691	953,09924
1502,9536	955,42542
1503,9381	957,40167
1504,9226	971,034
1505,9072	979,31805
1506,8917	988,48132
1507,8762	990,28357
1508,8607	982,52264
1509,8453	972,86121
1510,8298	943,9353
1511,8143	956,0448
1512,7988	950,31476
1513,7834	945,09296
1514,7679	958,03998
1515,7524	954,90771
1516,7369	932,83881
1517,7216	958,69708
1518,7061	982,02209
1519,6906	975,9845
1520,675	970,53857
1521,6597	976,21674
1522,6442	963,61353
1523,6287	950,71582
1524,6133	951,66718
1525,5978	919,88837
1526,5823	920,84576
1527,5668	901,95435
1528,5514	910,86536
1529,5359	931,32654
1530,5204	942,59637
1531,5049	955,41235
1532,4895	965,23456
1533,474	970,82678
1534,4585	973,38428
1535,443	974,52728
1536,4276	986,65759
1537,4121	980,48706
1538,3966	963,78046
1539,3811	956,30096
1540,3657	960,35065
1541,3502	1007,8646
1542,3347	991,39551
1543,3192	981,99255
1544,3038	973,07306
1545,2883	956,04291
1546,2728	935,36572
1547,2573	934,24548
1548,2419	916,03516
1549,2264	909,672
1550,2109	929,79962
1551,1956	945,97357
1552,1801	950,30042
1553,1646	968,18231
1554,149	991,62531
1555,1337	1000,935
1556,1182	998,5014
1557,1027	982,37323
1558,0872	982,59259
1559,0718	991,20984
1560,0563	972,46167
1561,0408	968,43634
1562,0253	945,74579
1563,0099	970,99774
1563,9944	960,1283
1564,9789	931,7019
1565,9634	938,17957
1566,948	952,31079
1567,9325	959,67505
1568,917	948,73846
1569,9015	940,7851
1570,8861	955,19189
1571,8706	965,87415
1572,8551	957,46405
1573,8397	958,87549
1574,8242	974,52979
1575,8087	1003,5554
1576,7932	1003,9896
1577,7778	1022,832
1578,7623	1048,1466
1579,7468	1032,9591
1580,7313	1047,9148
1581,7159	1047,7697
1582,7004	1039,4875
1583,6849	1040,0323
1584,6694	1038,4469
1585,6541	1026,8622
1586,6385	1029,3854
1587,623	1042,2968
1588,6075	1037,7461
1589,5922	1032,0063
1590,5767	1035,0217
1591,5612	998,98706
1592,5457	967,10376
1593,5303	955,38422
1594,5148	956,01135
1595,4993	967,11377
1596,4838	965,0943
1597,4684	976,54932
1598,4529	1002,2247
1599,4374	1024,7939
1600,422	1034,64
1601,4065	1049,3188
1602,391	1054,6055
1603,3755	1053,5315
1604,3601	1045,6864
1605,3446	1034,1722
1606,3291	1032,8721
1607,3136	1036,4243
1608,2982	1037,4021
1609,2827	1040,9181
1610,2672	1028,1678
1611,2517	1059,6077
1612,2363	1039,5638
1613,2208	1035,5055
1614,2053	1028,7404
1615,1898	1018,2042
1616,1744	1020,1144
1617,1589	1042,1127
1618,1434	1032,8101
1619,1279	1034,8026
1620,1125	1036,0514
1621,097	1022,2969
1622,0815	983,72534
1623,0662	970,58252
1624,0507	1009,1931
1625,0352	1034,9781
1626,0197	1030,1079
1627,0043	1037,0488
1627,9888	1039,3909
1628,9733	1045,0298
1629,9578	1023,853
1630,9424	1019,5452
1631,9269	1044,5564
1632,9114	1024,0358
1633,8959	1047,4921
1634,8805	1074,1171
1635,865	1060,8668
1636,8495	1064,605
1637,834	1060,9155
1638,8186	1056,5546
1639,8031	1040,9039
1640,7876	1035,5313
1641,7721	1038,4929
1642,7567	1049,8009
1643,7412	1050,9089
1644,7257	1050,9255
1645,7103	1059,2087
1646,6948	1038,6526
1647,6793	1010,9453
1648,6638	1029,4481
1649,6484	1032,4125
1650,6329	1052,4686
1651,6174	1053,6448
1652,6019	1046,3318
1653,5865	1066,3086
1654,571	1053,7183
1655,5555	1091,6233
1656,54	1054,2531
1657,5247	1077,6985
1658,5092	1100,4592
1659,4937	1077,7839
1660,4781	1084,9253
1661,4628	1084,9625
1662,4473	1077,748
1663,4318	1083,8553
1664,4163	1084,9363
1665,4009	1077,6534
1666,3854	1076,6704
1667,3699	1086,2333
1668,3544	1094,2036
1669,339	1083,6088
1670,3235	1068,972
1671,308	1054,3625
1672,2926	1061,4088
1673,2771	1076,3955
1674,2616	1073,0033
1675,2461	1083,6293
1676,2307	1056,7192
1677,2152	1069,8937
1678,1997	1107,7847
1679,1842	1114,7408
1680,1688	1137,4391
1681,1533	1134,9524
1682,1378	1132,1399
1683,1223	1131,6156
1684,1069	1134,8478
1685,0914	1136,4982
1686,0759	1120,8693
1687,0604	1122,0251
1688,045	1138,5123
1689,0295	1136,3462
1690,014	1130,9437
1690,9985	1121,9612
1691,9832	1101,0466
1692,9677	1111,8489
1693,9521	1122,5701
1694,9368	1143,7465
1695,9213	1141,5049
1696,9058	1159,1694
1697,8903	1156,6851
1698,8749	1175,77
1699,8594	1155,7568
1700,8439	1194,067
1701,8284	1174,7836
1702,813	1186,4728
1703,7975	1207,5503
1704,782	1202,1066
1705,7665	1219,0785
1706,7511	1220,3009
1707,7356	1206,0933
1708,7201	1228,5437
1709,7046	1240,2249
1710,6892	1212,778
1711,6737	1209,1453
1712,6582	1229,9485
1713,6427	1230,3677
1714,6273	1233,5973
1715,6118	1256,9486
1716,5963	1275,1252
1717,5809	1295,4561
1718,5654	1314,5594
1719,5499	1326,0037
1720,5344	1360,072
1721,519	1401,6295
1722,5035	1441,7341
1723,488	1518,7948
1724,4725	1552,7999
1725,4572	1606,603
1726,4417	1620,9258
1727,4261	1694,0406
1728,4106	1681,1942
1729,3953	1692,9941
1730,3798	1735,1726
1731,3643	1760,359
1732,3488	1797,5479
1733,3334	1772,3844
1734,3179	1764,3872
1735,3024	1760,6851
1736,2869	1757,8772
1737,2715	1730,6196
1738,256	1713,7332
1739,2405	1679,7568
1740,225	1647,7427
1741,2096	1628,8868
1742,1941	1591,3734
1743,1786	1571,5828
1744,1632	1552,6969
1745,1477	1515,688
1746,1322	1511,2329
1747,1167	1466,5172
1748,1013	1435,3293
1749,0858	1432,5856
1750,0703	1402,9417
1751,0548	1363,3219
1752,0394	1333,531
1753,0239	1328,7887
1754,0084	1305,239
1754,9929	1255,7745
1755,9775	1281,6069
1756,962	1253,5417
1757,9465	1206,9266
1758,931	1212,6311
1759,9156	1224,7272
1760,9001	1195,3729
1761,8846	1208,3752
1762,8691	1211,1656
1763,8538	1202,1421
1764,8383	1178,6066
1765,8228	1198,7198
1766,8074	1203,2321
1767,7919	1205,0243
1768,7764	1193,7161
1769,7609	1181,8954
1770,7455	1193,907
1771,73	1185,3649
1772,7145	1158,0353
1773,699	1155,6005
1774,6836	1161,6306
1775,6681	1153,2234
1776,6526	1143,3165
1777,6371	1145,6293
1778,6217	1148,829
1779,6062	1148,6934
1780,5907	1146,564
1781,5752	1156,1176
1782,5598	1170,1852
1783,5443	1192,8029
1784,5288	1163,5782
1785,5133	1175,7115
1786,4979	1170,8287
1787,4824	1178,6842
1788,4669	1171,3505
1789,4514	1188,7391
1790,436	1178,9956
1791,4205	1180,6395
1792,405	1174,8898
1793,3896	1198,3815
1794,3741	1181,2717
1795,3586	1178,8951
1796,3431	1183,1625
1797,3278	1174,3701
1798,3123	1158,6351
1799,2968	1189,2684
1800,2813	1180,7067
1801,2659	1177,1112
1802,2504	1175,1726
1803,2349	1179,4353
1804,2194	1169,923
1805,204	1156,4209
1806,1885	1167,4064
1807,173	1175,2213
1808,1575	1172,3607
1809,1421	1156,3756
1810,1266	1139,6652
1811,1111	1151,6102
1812,0956	1141,266
1813,0802	1122,1035
1814,0647	1132,1206
1815,0492	1120,5878
1816,0338	1142,757
1817,0183	1153,0497
1818,0028	1158,0243
1818,9873	1174,4551
1819,9719	1157,8174
1820,9564	1172,6592
1821,9409	1184,8494
1822,9254	1193,0985
1823,91	1188,8765
1824,8945	1174,2598
1825,879	1162,5677
1826,8635	1164,2983
1827,8481	1146,9124
1828,8326	1127,7301
1829,8171	1190,599
1830,8016	1164,0657
1831,7863	1143,4188
1832,7708	1125,632
1833,7552	1158,5083
1834,7397	1180,5325
1835,7244	1176,2518
1836,7089	1174,7837
1837,6934	1160,458
1838,678	1148,0568
1839,6625	1144,7786
1840,647	1120,4141
1841,6315	1109,5371
1842,6161	1062,6389
1843,6006	1065,3052
1844,5851	1062,3932
1845,5696	1031,9885
1846,5542	995,08386
1847,5387	967,00861
1848,5232	972,80566
1849,5077	972,57227
1850,4923	975,43219
1851,4768	963,18549
1852,4613	956,12006
1853,4458	962,95319
1854,4304	958,48578
1855,4149	950,71594
1856,3994	938,99701
1857,3839	916,52228
1858,3685	887,7663
1859,353	875,80811
1860,3375	867,37695
1861,322	865,12579
1862,3066	892,72412
1863,2911	927,11292
1864,2756	937,63751
1865,2603	917,11658
1866,2448	919,8219
1867,2292	911,30792
1868,2137	879,47003
1869,1984	892,27863
1870,1829	910,75403
1871,1674	964,45782
1872,1519	999,51794
1873,1365	996,10504
1874,121	1010,8421
1875,1055	995,14612
1876,09	985,93689
1877,0746	979,35333
1878,0591	1003,6157
1879,0436	992,60339
1880,0281	971,36664
1881,0127	955,62408
1881,9972	923,70789
1882,9817	861,74017
1883,9662	822,81128
1884,9508	758,35809
1885,9353	764,7038
1886,9198	728,00427
1887,9044	790,00317
1888,8889	845,74554
1889,8734	949,23737
1890,8579	1020,8612
1891,8425	1054,2992
1892,827	1067,6342
1893,8115	1022,0513
1894,796	968,40466
1895,7806	927,8089
1896,7651	869,30176
1897,7496	854,91144
1898,7341	831,34399
1899,7188	835,46307
1900,7032	844,10693
1901,6877	900,2348
1902,6722	924,80499
1903,6569	961,37024
1904,6414	964,91577
1905,6259	946,67133
1906,6104	959,15192
1907,595	953,29553
1908,5795	937,43457
1909,564	947,43903
1910,5486	939,65948
1911,5331	904,58777
1912,5176	873,50348
1913,5021	847,76208
1914,4867	858,76654
1915,4712	894,75293
1916,4557	912,14246
1917,4402	898,85229
1918,4248	914,43085
1919,4093	933,30432
1920,3938	971,11755
1921,3783	945,21466
1922,3629	944,30786
1923,3474	936,49774
1924,3319	957,12555
1925,3164	965,79327
1926,301	1004,7261
1927,2855	1037,1887
1928,27	1051,9955
1929,2545	1075,4336
1930,2391	1074,4506
1931,2236	1102,8574
1932,2081	1111,3864
1933,1926	1112,3268
1934,1772	1135,2753
1935,1617	1144,6193
1936,1462	1159,6583
1937,1309	1164,2413
1938,1154	1206,9598
1939,0999	1203,7922
1940,0844	1187,3387
1941,069	1183,4503
1942,0535	1158,9822
1943,038	1124,6624
1944,0225	1133,4763
1945,0071	1127,7231
1945,9916	1121,8512
1946,9761	1126,406
1947,9606	1138,9603
1948,9452	1159,4767
1949,9297	1176,9803
1950,9142	1191,8158
1951,8987	1197,3956
1952,8833	1215,4351
1953,8678	1212,6134
1954,8523	1191,8889
1955,8368	1164,5439
1956,8214	1154,0948
1957,8059	1131,0583
1958,7904	1130,6117
1959,775	1151,0917
1960,7595	1162,5044
1961,744	1161,8453
1962,7285	1155,11
1963,7131	1148,938
1964,6976	1128,7938
1965,6821	1113,7184
1966,6666	1125,8584
1967,6512	1156,6055
1968,6357	1199,3792
1969,6202	1174,0598
1970,6047	1144,4106
1971,5894	1144,1334
1972,5739	1119,62
1973,5583	1063,5262
1974,5428	1011,905
1975,5275	967,31012
1976,512	936,43347
1977,4965	905,0116
1978,481	876,59338
1979,4656	857,48035
1980,4501	898,92822
1981,4346	936,72937
1982,4191	999,88739
1983,4037	1068,8992
1984,3882	1103,0015
1985,3727	1132,2617
1986,3573	1133,2036
1987,3418	1094,116
1988,3263	1055,7709
1989,3108	1035,2451
1990,2954	1012,3461
1991,2799	1025,4839
1992,2644	1036,3811
1993,2489	1032,2817
1994,2335	1018,5436
1995,218	1031,7877
1996,2025	1024,7758
1997,187	1020,6517
1998,1716	1015,4101
1999,1561	1010,5527
2000,1406	1019,4015
2001,1251	1021,5738
2002,1097	1056,8936
2003,0942	1077,2473
2004,0787	1103,6145
2005,0632	1113,807
2006,0479	1120,3137
2007,0323	1101,3557
2008,0168	1095,6332
2009,0015	1104,3679
2009,986	1077,1306
2010,9705	1005,7263
2011,955	941,56317
2012,9396	884,22333
2013,9241	881,04498
2014,9086	937,97809
2015,8931	982,56622
2016,8777	1030,7103
2017,8622	1112,2142
2018,8467	1130,0731
2019,8312	1122,7124
2020,8158	1139,2859
2021,8003	1094,1736
2022,7848	1082,0747
2023,7693	1089,9418
2024,7539	1101,7826
2025,7384	1090,5297
2026,7229	1094,9141
2027,7074	1089,951
2028,692	1072,7802
2029,6765	1050,646
2030,661	1051,6699
2031,6456	1059,1997
2032,6301	1052,1694
2033,6146	1026,2405
2034,5991	1008,0169
2035,5837	978,78931
2036,5682	978,45831
2037,5527	990,06848
2038,5372	1027,3113
2039,5219	1081,946
2040,5063	1142,2976
2041,4908	1182,861
2042,4753	1192,6566
2043,46	1188,0918
2044,4445	1173,9822
2045,429	1166,2405
2046,4135	1151,6288
2047,3981	1161,0997
2048,3826	1150,5975
2049,3672	1141,3268
2050,3516	1127,2897
2051,3362	1097,8876
2052,3206	1092,8179
2053,3052	1068,9447
2054,2898	1060,9973
2055,2742	991,5304
2056,2588	959,33954
2057,2434	947,85535
2058,2278	890,55701
2059,2124	855,32922
2060,197	877,10162
2061,1814	917,48022
2062,166	975,09479
2063,1504	1016,0661
2064,135	1064,2308
2065,1196	1119,9645
2066,104	1144,3702
2067,0886	1153,8254
2068,0732	1172,6527
2069,0576	1162,9728
2070,0422	1169,8563
2071,0266	1193,1106
2072,0112	1223,411
2072,9958	1242,1338
2073,9802	1254,153
2074,9648	1288,7694
2075,9495	1252,1575
2076,9338	1195,5242
2077,9185	1149,2729
2078,9028	1126,0027
2079,8875	1083,1163
2080,8721	1033,8677
2081,8564	1020,501
2082,8411	999,57941
2083,8257	971,49915
2084,8101	942,83618
2085,7947	927,987
2086,7793	956,18878
2087,7637	948,33942
2088,7483	996,8432
2089,7327	992,34955
2090,7173	1062,0558
2091,7019	1049,8287
2092,6863	1050,6727
2093,6709	1103,1899
2094,6555	1137,5735
2095,6399	1149,1704
2096,6245	1207,2671
2097,6089	1222,4536
2098,5935	1233,9952
2099,5781	1221,3391
2100,5625	1208,5046
2101,5471	1177,3652
2102,5317	1162,1261
2103,5161	1149,3651
2104,5007	1132,347
2105,4854	1091,2363
2106,4697	1062,8921
2107,4543	1027,6543
2108,4387	983,87067
2109,4233	982,19043
2110,408	989,75568
2111,3923	1015,7469
2112,377	1078,3279
2113,3616	1130,5966
2114,3459	1174,9708
2115,3306	1211,5686
2116,3149	1215,6809
2117,2996	1196,3116
2118,2842	1137,8495
2119,2686	1107,7188
2120,2532	1090,572
2121,2378	1053,0199
2122,2222	1045,1733
2123,2068	1041,7424
2124,1912	1075,8684
2125,1758	1099,0259
2126,1604	1110,8766
2127,1448	1148,3463
2128,1294	1150,7621
2129,114	1173,3538
2130,0984	1183,8167
2131,083	1194,6936
2132,0676	1196,3005
2133,052	1105,7596
2134,0366	1095,7612
2135,021	1061,3232
2136,0056	1045,0907
2136,9902	1051,6661
2137,9746	1084,6862
2138,9592	1124,9707
2139,9438	1190,623
2140,9282	1218,4781
2141,9128	1241,5632
2142,8972	1282,2375
2143,8818	1299,2288
2144,8665	1303,4404
2145,8508	1307,87
2146,8354	1291,1569
2147,8201	1297,8971
2148,8044	1290,4158
2149,7891	1273,6714
2150,7734	1258,0765
2151,7581	1223,5718
2152,7427	1200,7031
2153,7271	1192,0044
2154,7117	1230,4581
2155,6963	1258,4199
2156,6807	1260,1093
2157,6653	1266,8484
2158,6499	1291,4371
2159,6343	1270,1125
2160,6189	1257,6073
2161,6033	1251,4882
2162,5879	1233,0032
2163,5725	1214,9357
2164,5569	1169,2513
2165,5415	1196,9098
2166,5261	1247,8029
2167,5105	1208,5916
2168,4951	1263,3019
2169,4795	1237,0929
2170,4641	1306,4456
2171,4487	1308,5948
2172,4331	1349,9198
2173,4177	1348,4454
2174,4023	1357,9939
2175,3867	1354,5155
2176,3713	1360,5924
2177,356	1355,2804
2178,3403	1360,2312
2179,325	1372,0065
2180,3093	1352,2661
2181,2939	1342,7728
2182,2786	1316,4657
2183,2629	1296,9033
2184,2476	1282,844
2185,2322	1270,6786
2186,2166	1278,6188
2187,2012	1281,3088
2188,1855	1297,4384
2189,1702	1319,5568
2190,1548	1331,2543
2191,1392	1314,5293
2192,1238	1274,5691
2193,1084	1239,4427
2194,0928	1247,0469
2195,0774	1223,1281
2196,0618	1221,624
2197,0464	1253,494
2198,031	1272,5426
2199,0154	1293,9359
2200	1302,5114
2200,9846	1291,1178
2201,969	1287,9905
2202,9536	1282,0548
2203,9382	1304,348
2204,9226	1303,2469
2205,9072	1293,2567
2206,8916	1279,4213
2207,8762	1260,1301
2208,8608	1262,0681
2209,8452	1266,932
2210,8298	1297,3367
2211,8145	1288,5148
2212,7988	1271,1781
2213,7834	1272,4948
2214,7678	1278,3595
2215,7524	1250,3282
2216,7371	1226,8829
2217,7214	1233,3743
2218,7061	1253,2101
2219,6907	1258,9514
2220,675	1264,9191
2221,6597	1266,953
2222,644	1270,196
2223,6287	1271,8297
2224,6133	1256,0642
2225,5977	1259,6346
2226,5823	1303,7644
2227,5669	1310,9355
2228,5513	1281,1548
2229,5359	1267,1417
2230,5205	1272,2534
2231,5049	1263,8715
2232,4895	1268,1946
2233,4739	1258,3959
2234,4585	1269,6219
2235,4431	1315,5967
2236,4275	1315,5768
2237,4121	1310,4387
2238,3967	1337,3809
2239,3811	1316,6619
2240,3657	1334,0853
2241,3501	1338,03
2242,3347	1357,4963
2243,3193	1318,5576
2244,3037	1349,0569
2245,2883	1344,1903
2246,2729	1334,9744
2247,2573	1328,884
2248,2419	1328,0613
2249,2266	1324,6689
2250,2109	1331,6128
2251,1956	1355,4235
2252,1799	1362,4133
2253,1646	1337,1084
2254,1492	1299,2241
2255,1335	1283,0641
2256,1182	1276,196
2257,1028	1264,3352
2258,0872	1270,2107
2259,0718	1282,6779
2260,0562	1284,2452
2261,0408	1318,8624
2262,0254	1331,6216
2263,0098	1350,2183
2263,9944	1340,1934
2264,979	1331,3839
2265,9634	1329,9427
2266,948	1311,5629
2267,9324	1305,3269
2268,917	1290,7487
2269,9016	1262,078
2270,886	1269,8978
2271,8706	1295,2086
2272,8552	1301,4061
2273,8396	1296,783
2274,8242	1311,7244
2275,8088	1346,8821
2276,7932	1367,792
2277,7778	1357,056
2278,7622	1354,1285
2279,7468	1349,2356
2280,7314	1333,7947
2281,7158	1364,3459
2282,7004	1343,325
2283,6851	1348,4657
2284,6694	1353,6815
2285,6541	1370,1996
2286,6384	1392,2942
2287,623	1375,1007
2288,6077	1374,0929
2289,592	1387,703
2290,5767	1381,6721
2291,5613	1398,8569
2292,5457	1421,8267
2293,5303	1421,1061
2294,5146	1431,8667
2295,4993	1410,3145
2296,4839	1413,2764
2297,4683	1390,2502
2298,4529	1405,661
2299,4375	1392,0469
2300,4219	1403,4708
2301,4065	1371,6228
2302,3911	1394,2648
2303,3755	1389,6157
2304,3601	1368,4791
2305,3445	1354,9469
2306,3291	1360,1709
2307,3137	1342,2208
2308,2981	1329,5219
2309,2827	1341,6075
2310,2673	1358,0315
2311,2517	1385,444
2312,2363	1408,2274
2313,2207	1417,113
2314,2053	1402,4349
2315,1899	1396,0046
2316,1743	1383,6632
2317,1589	1404,538
2318,1436	1387,302
2319,1279	1360,717
2320,1125	1415,2426
2321,0972	1421,7474
2322,0815	1423,6248
2323,0662	1442,3763
2324,0505	1457,697
2325,0352	1434,7478
2326,0198	1451,1237
2327,0042	1408,2233
2327,9888	1394,1895
2328,9734	1378,8182
2329,9578	1391,0782
2330,9424	1393,0022
2331,9268	1387,3977
2332,9114	1378,6754
2333,896	1400,5306
2334,8804	1402,2047
2335,865	1418,5948
2336,8496	1435,5458
2337,834	1463,5067
2338,8186	1489,7512
2339,803	1466,2141
2340,7876	1462,9583
2341,7722	1455,6099
2342,7566	1455,9846
2343,7412	1457,3287
2344,7258	1439,7124
2345,7102	1454,4232
2346,6948	1464,3275
2347,6794	1462,207
2348,6638	1490,6097
2349,6484	1450,9824
2350,6328	1453,724
2351,6174	1455,5575
2352,6021	1491,3115
2353,5864	1477,1324
2354,571	1436,9312
2355,5557	1473,5817
2356,54	1476,8257
2357,5247	1452,6034
2358,509	1468,5403
2359,4937	1458,5787
2360,4783	1456,4926
2361,4626	1437,4626
2362,4473	1427,4443
2363,4319	1428,4993
2364,4163	1424,4476
2365,4009	1429,9928
2366,3853	1446,3202
2367,3699	1437,428
2368,3545	1448,2206
2369,3389	1457,6029
2370,3235	1432,8372
2371,3081	1429,0183
2372,2925	1420,8373
2373,2771	1421,5065
2374,2617	1426,1298
2375,2461	1427,4108
2376,2307	1444,7019
2377,2151	1440,4055
2378,1997	1471,7573
2379,1843	1492,4884
2380,1687	1469,1566
2381,1533	1482,4888
2382,1379	1526,5435
2383,1223	1493,3029
2384,1069	1491,1918
2385,0913	1488,9781
2386,0759	1499,2638
2387,0605	1462,8182
2388,0449	1462,6815
2389,0295	1461,4811
2390,0142	1452,646
2390,9985	1477,1891
2391,9832	1489,6647
2392,9675	1477,4512
2393,9521	1469,5441
2394,9368	1465,8213
2395,9211	1475,9816
2396,9058	1481,4519
2397,8904	1469,4991
2398,8748	1466,7375
2399,8594	1466,3579
2400,844	1466,0002
2401,8284	1468,7256
2402,813	1487,0328
2403,7974	1452,2688
2404,782	1460,5969
2405,7666	1464,5699
2406,751	1463,6025
2407,7356	1483,4858
2408,7202	1481,1741
2409,7046	1491,204
2410,6892	1507,197
2411,6736	1504,728
2412,6582	1501,2906
2413,6428	1479,0198
2414,6272	1489,3645
2415,6118	1494,7426
2416,5964	1513,5619
2417,5808	1508,3683
2418,5654	1489,6475
2419,55	1504,2655
2420,5344	1514,6204
2421,519	1481,1346
2422,5034	1483,0488
2423,488	1468,3206
2424,4727	1467,5341
2425,457	1481,9556
2426,4417	1464,3641
2427,4263	1465,9274
2428,4106	1486,8978
2429,3953	1452,4594
2430,3796	1475,0952
2431,3643	1457,4587
2432,3489	1496,9998
2433,3333	1496,1896
2434,3179	1505,0162
2435,3025	1472,4686
2436,2869	1467,1123
2437,2715	1483,6691
2438,2559	1479,7213
2439,2405	1475,0696
2440,2251	1461,2368
2441,2095	1466,4153
2442,1941	1494,5977
2443,1787	1492,0786
2444,1631	1476,4183
2445,1477	1487,6592
2446,1323	1513,1281
2447,1167	1495,6467
2448,1013	1511,9709
2449,0857	1495,8456
2450,0703	1496,6644
2451,0549	1463,7351
2452,0393	1457,2089
2453,0239	1468,5989
2454,0085	1465,5134
2454,9929	1467,3413
2455,9775	1440,6721
2456,9619	1426,054
2457,9465	1421,3822
2458,9312	1457,9174
2459,9155	1448,907
2460,9001	1414,6661
2461,8848	1414,521
2462,8691	1451,7305
2463,8538	1473,5275
2464,8381	1465,2463
2465,8228	1476,488
2466,8074	1472,3304
2467,7917	1474,0879
2468,7764	1461,1273
2469,761	1441,778
2470,7454	1483,9456
2471,73	1487,7424
2472,7146	1460,7888
2473,699	1483,5485
2474,6836	1480,8865
2475,668	1474,1749
2476,6526	1493,4919
2477,6372	1470,5651
2478,6216	1467,3251
2479,6062	1438,8625
2480,5908	1460,2853
2481,5752	1448,5991
2482,5598	1461,9683
2483,5442	1475,7305
2484,5288	1467,645
2485,5134	1455,2368
2486,4978	1445,3842
2487,4824	1421,7797
2488,467	1435,4437
2489,4514	1414,6053
2490,436	1417,9904
2491,4207	1447,3123
2492,405	1444,2161
2493,3896	1449,8007
2494,374	1469,019
2495,3586	1468,3851
2496,3433	1460,9547
2497,3276	1469,1199
2498,3123	1484,3684
2499,2969	1474,137
2500,2813	1464,5409
2501,2659	1454,47
2502,2502	1469,1145
2503,2349	1487,8976
2504,2195	1461,2054
2505,2039	1468,3212
2506,1885	1480,0063
2507,1731	1459,678
2508,1575	1400,0074
2509,1421	1432,2389
2510,1265	1444,5493
2511,1111	1440,889
2512,0957	1448,4747
2513,0801	1445,0546
2514,0647	1442,3141
2515,0493	1468,7747
2516,0337	1443,1635
2517,0183	1461,0317
2518,0029	1487,5541
2518,9873	1472,3265
2519,9719	1466,625
2520,9563	1474,3337
2521,9409	1455,1077
2522,9255	1443,0645
2523,9099	1425,7987
2524,8945	1419,8295
2525,8792	1433,0847
2526,8635	1426,1267
2527,8481	1442,7749
2528,8325	1413,8666
2529,8171	1448,7485
2530,8018	1452,3141
2531,7861	1451,0248
2532,7708	1460,0494
2533,7554	1479,6034
2534,7397	1473,1
2535,7244	1460,4746
2536,7087	1445,6539
2537,6934	1436,3379
2538,678	1464,6378
2539,6624	1433,6971
2540,647	1448,626
2541,6316	1465,5264
2542,616	1461,4355
2543,6006	1443,7742
2544,5852	1467,1116
2545,5696	1450,4088
2546,5542	1448,1653
2547,5386	1456,4105
2548,5232	1456,2916
2549,5078	1441,6061
2550,4922	1431,0032
2551,4768	1446,9758
2552,4614	1428,6124
2553,4458	1399,2576
2554,4304	1458,2683
2555,4148	1461,6758
2556,3994	1448,0349
2557,384	1455,8358
2558,3684	1466,7894
2559,353	1419,8616
2560,3376	1433,6377
2561,322	1434,3883
2562,3066	1415,4982
2563,2913	1406,4586
2564,2756	1417,7551
2565,2603	1422,3704
2566,2446	1415,3037
2567,2292	1416,4614
2568,2139	1409,7661
2569,1982	1406,792
2570,1829	1442,5347
2571,1675	1424,9691
2572,1519	1445,8818
2573,1365	1428,6031
2574,1208	1430,7423
2575,1055	1411,6477
2576,0901	1418,7822
2577,0745	1405,9285
2578,0591	1406,7703
2579,0437	1427,4126
2580,0281	1445,8402
2581,0127	1433,4191
2581,9971	1432,8947
2582,9817	1432,0177
2583,9663	1435,4014
2584,9507	1435,6566
2585,9353	1430,9314
2586,9199	1416,4153
2587,9043	1396,7639
2588,8889	1391,6702
2589,8735	1405,6389
2590,8579	1397,9285
2591,8425	1391,1913
2592,8269	1391,1396
2593,8115	1417,0048
2594,7961	1423,3704
2595,7805	1429,1652
2596,7651	1402,575
2597,7498	1392,0328
2598,7341	1398,5433
2599,7188	1406,6376
2600,7031	1422,827
2601,6877	1403,9054
2602,6724	1417,8545
2603,6567	1418,5835
2604,6414	1423,79
2605,626	1431,6954
2606,6104	1406,9594
2607,595	1429,6764
2608,5793	1420,1204
2609,564	1420,0596
2610,5486	1423,0035
2611,533	1413,139
2612,5176	1422,454
2613,5022	1434,6802
2614,4866	1397,9672
2615,4712	1375,0568
2616,4558	1367,89
2617,4402	1380,73
2618,4248	1368,8867
2619,4092	1335,4249
2620,3938	1348,3036
2621,3784	1334,3665
2622,3628	1359,6992
2623,3474	1373,0541
2624,332	1369,3054
2625,3164	1376,9891
2626,301	1392,9982
2627,2854	1391,1027
2628,27	1385,7189
2629,2546	1369,6228
2630,239	1384,566
2631,2236	1295,5259
2632,2083	1205,4153
2633,1926	1019,1064
2634,1772	781,94452
2635,1619	587,73914
2636,1462	386,1748
2637,1309	231,44017
2638,1152	159,52158
2639,0999	106,05503
2640,0845	47,601269
2641,0688	68,196045
2642,0535	66,858955
2643,0381	16,759325
2644,0225	-31,979443
2645,0071	-53,170094
2645,9915	-99,341576
2646,9761	-126,56734
2647,9607	-160,97206
2648,9451	-175,56648
2649,9297	-192,34131
2650,9143	-190,19128
2651,8987	-204,19409
2652,8833	-192,08919
2653,8677	-176,5656
2654,8523	-172,41859
2655,8369	-155,91774
2656,8213	-124,48509
2657,8059	-107,92689
2658,7905	-107,36266
2659,7749	-97,782379
2660,7595	-74,617554
2661,7441	-5,9284267
2662,7285	18,578436
2663,7131	50,763157
2664,6975	69,338783
2665,6821	133,04651
2666,6667	163,75723
2667,6511	272,21384
2668,6357	318,80383
2669,6204	357,8952
2670,6047	405,10577
2671,5894	509,44485
2672,5737	606,57971
2673,5583	747,95538
2674,543	907,71552
2675,5273	1036,0667
2676,512	1126,1411
2677,4966	1122,2788
2678,481	1064,917
2679,4656	941,66888
2680,45	844,53412
2681,4346	752,98267
2682,4192	645,85498
2683,4036	561,14471
2684,3882	462,18777
2685,3728	417,58041
2686,3572	404,25317
2687,3418	424,46744
2688,3264	431,00336
2689,3108	405,67191
2690,2954	389,84161
2691,2798	332,16266
2692,2644	310,63126
2693,249	335,38953
2694,2334	396,90488
2695,218	423,3981
2696,2026	419,12006
2697,187	375,64224
2698,1716	346,37997
2699,156	314,21396
2700,1406	335,05826
2701,1252	447,8631
2702,1096	466,47931
2703,0942	503,90881
2704,0789	469,4747
2705,0632	388,1377
2706,0479	339,30411
2707,0325	349,40598
2708,0168	465,23822
2709,0015	557,8877
2709,9858	676,9953
2710,9705	615,51282
2711,9551	540,43829
2712,9395	450,46609
2713,9241	412,79752
2714,9087	457,70758
2715,8931	549,2226
2716,8777	708,1358
2717,8621	758,68323
2718,8467	734,0907
2719,8313	661,31982
2720,8157	574,95178
2721,8003	509,78351
2722,7849	538,24017
2723,7693	681,21613
2724,7539	798,81232
2725,7383	895,20862
2726,7229	895,64368
2727,7075	796,89331
2728,6919	708,90686
2729,6765	652,01105
2730,6611	642,91687
2731,6455	711,36615
2732,6301	856,58398
2733,6147	984,90399
2734,5991	1018,9446
2735,5837	993,08148
2736,5681	889,54327
2737,5527	754,14874
2738,5374	743,22235
2739,5217	725,99597
2740,5063	820,72211
2741,491	924,7464
2742,4753	1057,2939
2743,46	1077,8264
2744,4443	1028,9883
2745,429	967,50513
2746,4136	836,29248
2747,3979	801,16241
2748,3826	810,06189
2749,3672	863,73425
2750,3516	996,79688
2751,3362	1097,5629
2752,3206	1187,5431
2753,3052	1174,3937
2754,2898	1051,5466
2755,2742	973,7179
2756,2588	981,64099
2757,2434	925,31927
2758,2278	951,70801
2759,2124	1022,7373
2760,197	1157,7745
2761,1814	1204,1204
2762,166	1265,729
2763,1504	1227,1018
2764,135	1171,973
2765,1196	1110,9191
2766,104	1094,0315
2767,0886	1075,1365
2768,0732	1089,7983
2769,0576	1166,4493
2770,0422	1216,4043
2771,0266	1253,7123
2772,0112	1262,7688
2772,9958	1261,2728
2773,9802	1227,0817
2774,9648	1213,0287
2775,9495	1182,6555
2776,9338	1150,9628
2777,9185	1133,1315
2778,9028	1146,6703
2779,8875	1181,9757
2780,8721	1235,088
2781,8564	1280,5063
2782,8411	1272,8784
2783,8257	1233,6893
2784,8101	1216,2576
2785,7947	1218,621
2786,7793	1195,6583
2787,7637	1192,8638
2788,7483	1210,3043
2789,7327	1220,7074
2790,7173	1234,3751
2791,7019	1264,3684
2792,6863	1270,8108
2793,6709	1285,0514
2794,6555	1238,351
2795,6399	1240,6343
2796,6245	1221,7635
2797,6089	1202,8167
2798,5935	1185,3114
2799,5781	1143,5494
2800,5625	1144,1978
2801,5471	1182,3241
2802,5317	1218,4911
2803,5161	1240,856
2804,5007	1240,1644
2805,4854	1239,7314
2806,4697	1213,7593
2807,4543	1229,8724
2808,4387	1210,3466
2809,4233	1203,405
2810,408	1203,2312
2811,3923	1201,2657
2812,377	1210,6406
2813,3616	1161,0332
2814,3459	1196,2086
2815,3306	1196,9747
2816,3149	1227,7522
2817,2996	1234,6079
2818,2842	1227,9735
2819,2686	1256,0153
2820,2532	1264,9918
2821,2378	1242,5771
2822,2222	1248,7109
2823,2068	1242,4297
2824,1912	1266,5187
2825,1758	1273,8723
2826,1604	1264,9103
2827,1448	1274,684
2828,1294	1281,7823
2829,114	1272,7434
2830,0984	1286,2986
2831,083	1265,4481
2832,0676	1255,8826
2833,052	1231,3525
2834,0366	1242,9268
2835,021	1259,0916
2836,0056	1274,3121
2836,9902	1269,8206
2837,9746	1276,4371
2838,9592	1257,1167
2839,9438	1254,3901
2840,9282	1301,2106
2841,9128	1314,0667
2842,8972	1325,5775
2843,8818	1350,113
2844,8665	1347,8337
2845,8508	1385,6669
2846,8354	1382,937
2847,8201	1387,2584
2848,8044	1403,1962
2849,7891	1419,8243
2850,7734	1406,2495
2851,7581	1414,9153
2852,7427	1419,1063
2853,7271	1417,8566
2854,7117	1407,2437
2855,6963	1432,7905
2856,6807	1398,4817
2857,6653	1432,8425
2858,6499	1431,5762
2859,6343	1414,436
2860,6189	1396,4446
2861,6033	1414,7882
2862,5879	1407,3101
2863,5725	1388,6201
2864,5569	1394,0381
2865,5415	1376,3567
2866,5261	1422,457
2867,5105	1405,046
2868,4951	1433,2792
2869,4795	1401,0326
2870,4641	1408,2045
2871,4487	1395,7726
2872,4331	1394,6819
2873,4177	1421,756
2874,4023	1393,2344
2875,3867	1410,6422
2876,3713	1431,2661
2877,356	1426,1788
2878,3403	1407,6849
2879,325	1429,3699
2880,3093	1425,7667
2881,2939	1401,8778
2882,2786	1423,2192
2883,2629	1407,2256
2884,2476	1400,8776
2885,2322	1384,5173
2886,2166	1349,9792
2887,2012	1377,2147
2888,1855	1376,3215
2889,1702	1380,3816
2890,1548	1365,9552
2891,1392	1374,4674
2892,1238	1381,1183
2893,1084	1400,0193
2894,0928	1405,5573
2895,0774	1349,7128
2896,0618	1355,4836
2897,0464	1338,9115
2898,031	1372,5658
2899,0154	1380,9696
2900	1327,3969
2900,9846	1419,823
2901,969	1441,0811
2902,9536	1463,3872
2903,9382	1513,462
2904,9226	1520,8361
2905,9072	1530,4565
2906,8916	1568,6167
2907,8762	1581,2164
2908,8608	1626,8864
2909,8452	1688,8281
2910,8298	1714,546
2911,8145	1782,4318
2912,7988	1858,7146
2913,7834	1901,4333
2914,7678	1980,4125
2915,7524	2058,8809
2916,7371	2149,4512
2917,7214	2208,0916
2918,7061	2348,3
2919,6907	2463,3711
2920,675	2559,0269
2921,6597	2702,634
2922,644	2797,5654
2923,6287	2897,821
2924,6133	2976,9089
2925,5977	3105,2871
2926,5823	3180,1919
2927,5669	3280,4839
2928,5513	3387,2966
2929,5359	3531,7273
2930,5205	3632,5583
2931,5049	3847,9934
2932,4895	4004,1001
2933,4739	4127,4546
2934,4585	4235,1729
2935,4431	4401,7095
2936,4275	4431,7754
2937,4121	4491,7231
2938,3967	4567,6758
2939,3811	4550,2603
2940,3657	4513,9878
2941,3501	4449,394
2942,3347	4346,6875
2943,3193	4241,3438
2944,3037	4102,3911
2945,2883	3936,8435
2946,2729	3782,3943
2947,2573	3575,7651
2948,2419	3443,9146
2949,2266	3229,1328
2950,2109	3076,5139
2951,1956	2984,3027
2952,1799	2860,0532
2953,1646	2725,7832
2954,1492	2623,5742
2955,1335	2507,2688
2956,1182	2437,3928
2957,1028	2405,4419
2958,0872	2320,6292
2959,0718	2250,5986
2960,0562	2160,5647
2961,0408	2085,0793
2962,0254	2040,8571
2963,0098	1975,9098
2963,9944	1892,9574
2964,979	1909,1288
2965,9634	1882,5808
2966,948	1837,0997
2967,9324	1828,7786
2968,917	1805,6436
2969,9016	1800,5831
2970,886	1778,3998
2971,8706	1779,2776
2972,8552	1749,0361
2973,8396	1745,4208
2974,8242	1721,7207
2975,8088	1699,0291
2976,7932	1693,8053
2977,7778	1655,8898
2978,7622	1635,4346
2979,7468	1618,2275
2980,7314	1618,2557
2981,7158	1583,8551
2982,7004	1598,4153
2983,6851	1603,4385
2984,6694	1611,7301
2985,6541	1589,0769
2986,6384	1578,2811
2987,623	1597,457
2988,6077	1552,2612
2989,592	1564,702
2990,5767	1560,7493
2991,5613	1536,6138
2992,5457	1504,8562
2993,5303	1500,2841
2994,5146	1444,2167
2995,4993	1471,7186
2996,4839	1448,2365
2997,4683	1436,2491
2998,4529	1409,4229
2999,4375	1372,2056
3000,4219	1355,1053
3001,4065	1341,7361
3002,3911	1337,8914
3003,3755	1334,5924
3004,3601	1310,5271
3005,3445	1306,254
3006,3291	1320,7615
3007,3137	1297,6229
3008,2981	1309,0953
3009,2827	1289,788
3010,2673	1278,3743
3011,2517	1250,9792
3012,2363	1254,1538
3013,2207	1278,994
3014,2053	1269,1693
3015,1899	1257,7153
3016,1743	1281,4337
3017,1589	1253,5881
3018,1436	1241,2875
3019,1279	1258,6
3020,1125	1245,855
3021,0972	1236,7642
3022,0815	1240,9469
3023,0662	1246,9945
3024,0505	1246,9481
3025,0352	1224,7347
3026,0198	1219,3535
3027,0042	1196,6533
3027,9888	1210,2413
3028,9734	1214,5665
3029,9578	1190,3561
3030,9424	1194,2755
3031,9268	1154,2334
3032,9114	1153,1605
3033,896	1124,9777
3034,8804	1103,4576
3035,865	1104,9456
3036,8496	1112,9827
3037,834	1094,1534
3038,8186	1096,0277
3039,803	1078,2285
3040,7876	1071,0339
3041,7722	1063,3944
3042,7566	1078,1503
3043,7412	1067,782
3044,7258	1096,8585
3045,7102	1071,1021
3046,6948	1072,8115
3047,6794	1059,0468
3048,6638	1059,1904
3049,6484	1058,6996
3050,6328	1061,4573
3051,6174	1040,4943
3052,6021	1066,2694
3053,5864	1049,3782
3054,571	1025,396
3055,5557	1006,6564
3056,54	1024,879
3057,5247	1020,4594
3058,509	1017,9824
3059,4937	989,93384
3060,4783	992,34747
3061,4626	987,92706
3062,4473	992,01337
3063,4319	991,15192
3064,4163	982,44049
3065,4009	986,56226
3066,3853	993,05762
3067,3699	986,72144
3068,3545	996,43359
3069,3389	979,37231
3070,3235	974,44592
3071,3081	956,39563
3072,2925	961,78363
3073,2771	962,06732
3074,2617	961,08905
3075,2461	972,70972
3076,2307	979,51801
3077,2151	961,4024
3078,1997	980,42468
3079,1843	975,94324
3080,1687	958,10846
3081,1533	952,73273
3082,1379	951,53003
3083,1223	950,84375
3084,1069	941,72705
3085,0913	941,9552
3086,0759	911,22662
3087,0605	916,91901
3088,0449	905,31299
3089,0295	902,81726
3090,0142	914,89624
3090,9985	923,14441
3091,9832	930,67712
3092,9675	905,49042
3093,9521	905,28949
3094,9368	906,12152
3095,9211	930,39001
3096,9058	908,3186
3097,8904	917,02002
3098,8748	913,12769
3099,8594	922,29584
3100,844	913,12146
3101,8284	901,81726
3102,813	897,69342
3103,7974	883,78656
3104,782	867,55981
3105,7666	857,47839
3106,751	860,14014
3107,7356	879,72278
3108,7202	882,7558
3109,7046	892,06116
3110,6892	881,71729
3111,6736	890,14008
3112,6582	864,39392
3113,6428	872,03436
3114,6272	869,94287
3115,6118	876,44049
3116,5964	893,85974
3117,5808	905,53638
3118,5654	873,6189
3119,55	871,36462
3120,5344	869,42999
3121,519	853,81354
3122,5034	853,36694
3123,488	846,56519
3124,4727	869,80688
3125,457	866,45825
3126,4417	866,85669
3127,4263	858,7934
3128,4106	852,57385
3129,3953	837,63202
3130,3796	839,54028
3131,3643	832,17505
3132,3489	840,25433
3133,3333	796,46588
3134,3179	797,47668
3135,3025	791,11798
3136,2869	814,47821
3137,2715	825,62482
3138,2559	823,48529
3139,2405	857,08374
3140,2251	856,92712
3141,2095	881,9472
3142,1941	873,24957
3143,1787	848,98212
3144,1631	833,07538
3145,1477	837,82935
3146,1323	825,43353
3147,1167	802,75439
3148,1013	820,5531
3149,0857	809,29047
3150,0703	841,09039
3151,0549	855,54791
3152,0393	855,32794
3153,0239	883,31866
3154,0085	865,63324
3154,9929	855,77844
3155,9775	833,5918
3156,9619	814,77948
3157,9465	806,67059
3158,9312	803,18555
3159,9155	794,96112
3160,9001	822,9173
3161,8848	798,68982
3162,8691	835,03937
3163,8538	844,92743
3164,8381	839,94757
3165,8228	851,7204
3166,8074	841,42053
3167,7917	832,0722
3168,7764	818,98285
3169,761	793,53687
3170,7454	806,33777
3171,73	804,9704
3172,7146	813,3468
3173,699	803,17041
3174,6836	793,83478
3175,668	799,04712
3176,6526	798,62195
3177,6372	809,8147
3178,6216	811,30768
3179,6062	824,52643
3180,5908	823,49988
3181,5752	833,78314
3182,5598	808,23407
3183,5442	803,953
3184,5288	805,2876
3185,5134	803,8053
3186,4978	819,05328
3187,4824	794,35944
3188,467	789,56036
3189,4514	776,63422
3190,436	772,04059
3191,4207	771,29541
3192,405	786,30762
3193,3896	784,8913
3194,374	786,34528
3195,3586	805,88879
3196,3433	784,25177
3197,3276	805,53925
3198,3123	811,06055
3199,2969	827,39014
3200,2813	824,1308
3201,2659	826,61444
3202,2502	827,90808
3203,2349	827,94208
3204,2195	806,65234
3205,2039	808,58698
3206,1885	815,17395
3207,1731	813,2049
3208,1575	811,19513
3209,1421	800,16217
3210,1265	795,16913
3211,1111	802,34467
3212,0957	798,04584
3213,0801	802,00189
3214,0647	772,47174
3215,0493	778,48291
3216,0337	775,81738
3217,0183	770,04242
3218,0029	773,1391
3218,9873	765,91675
3219,9719	780,33118
3220,9563	802,98962
3221,9409	800,98975
3222,9255	803,56323
3223,9099	790,79541
3224,8945	794,39301
3225,8792	778,81274
3226,8635	771,06873
3227,8481	792,18457
3228,8325	786,96497
3229,8171	781,30634
3230,8018	805,05206
3231,7861	777,7287
3232,7708	788,58453
3233,7554	785,81537
3234,7397	763,12329
3235,7244	767,72546
3236,7087	729,44952
3237,6934	724,76904
3238,678	720,02643
3239,6624	706,27667
3240,647	695,65387
3241,6316	688,95929
3242,616	683,58313
3243,6006	668,96533
3244,5852	695,44427
3245,5696	713,32202
3246,5542	726,24768
3247,5386	750,37103
3248,5232	777,59808
3249,5078	775,40668
3250,4922	747,95526
3251,4768	752,33936
3252,4614	736,53241
3253,4458	742,09241
3254,4304	743,07092
3255,4148	761,18555
3256,3994	756,742
3257,384	741,56177
3258,3684	730,00159
3259,353	761,45306
3260,3376	761,01013
3261,322	753,05255
3262,3066	770,72931
3263,2913	748,55005
3264,2756	760,66241
3265,2603	769,43054
3266,2446	768,64703
3267,2292	762,29559
3268,2139	762,84436
3269,1982	763,08191
3270,1829	765,50134
3271,1675	765,35645
3272,1519	763,96143
3273,1365	743,51172
3274,1208	748,19489
3275,1055	760,35394
3276,0901	763,35168
3277,0745	758,89539
3278,0591	746,14282
3279,0437	731,30701
3280,0281	741,83777
3281,0127	727,61395
3281,9971	756,1524
3282,9817	757,72742
3283,9663	765,10504
3284,9507	773,58398
3285,9353	775,97742
3286,9199	756,54541
3287,9043	770,31146
3288,8889	761,27362
3289,8735	753,82849
3290,8579	740,39136
3291,8425	734,90222
3292,8269	724,27698
3293,8115	702,22876
3294,7961	675,11285
3295,7805	688,87372
3296,7651	668,55066
3297,7498	674,41455
3298,7341	664,82471
3299,7188	620,79956
3300,7031	615,46564
3301,6877	604,06219
3302,6724	634,57135
3303,6567	666,95667
3304,6414	668,9967
3305,626	680,74451
3306,6104	716,82971
3307,595	716,16486
3308,5793	694,12854
3309,564	698,41626
3310,5486	692,34979
3311,533	698,95233
3312,5176	692,1076
3313,5022	698,64929
3314,4866	681,20032
3315,4712	691,50061
3316,4558	719,17688
3317,4402	733,61084
3318,4248	742,2088
3319,4092	743,20197
3320,3938	698,00885
3321,3784	675,97528
3322,3628	669,53076
3323,3474	663,08337
3324,332	679,8609
3325,3164	694,7713
3326,301	722,76111
3327,2854	718,19379
3328,27	716,50336
3329,2546	715,41211
3330,239	717,53516
3331,2236	733,36041
3332,2083	718,9295
3333,1926	709,224
3334,1772	720,70526
3335,1619	689,01312
3336,1462	688,64484
3337,1309	672,40088
3338,1152	675,18408
3339,0999	652,19391
3340,0845	644,0434
3341,0688	652,95361
3342,0535	689,78821
3343,0381	687,99207
3344,0225	655,01166
3345,0071	627,2995
3345,9915	651,80933
3346,9761	665,43738
3347,9607	651,67731
3348,9451	691,94025
3349,9297	713,48193
3350,9143	705,40857
3351,8987	708,12445
3352,8833	704,69135
3353,8677	675,04584
3354,8523	694,55267
3355,8369	654,64813
3356,8213	670,81262
3357,8059	657,41278
3358,7905	695,58533
3359,7749	681,77081
3360,7595	685,93488
3361,7441	697,31769
3362,7285	704,87311
3363,7131	704,51276
3364,6975	699,60645
3365,6821	686,00232
3366,6667	686,81738
3367,6511	676,56659
3368,6357	665,93982
3369,6204	641,85205
3370,6047	645,47803
3371,5894	658,05035
3372,5737	633,85156
3373,5583	635,07715
3374,543	645,61255
3375,5273	663,72198
3376,512	670,6908
3377,4966	675,52356
3378,481	698,7663
3379,4656	696,79657
3380,45	685,21143
3381,4346	687,51642
3382,4192	693,71234
3383,4036	684,54047
3384,3882	668,91864
3385,3728	692,48773
3386,3572	670,82764
3387,3418	690,67358
3388,3264	688,02582
3389,3108	697,49542
3390,2954	709,75909
3391,2798	725,11011
3392,2644	691,02338
3393,249	676,70471
3394,2334	693,17499
3395,218	683,12952
3396,2026	677,05573
3397,187	678,85828
3398,1716	661,47321
3399,156	697,31781
3400,1406	659,9906
3401,1252	672,00177
3402,1096	700,00531
3403,0942	688,97772
3404,0789	692,67236
3405,0632	705,62354
3406,0479	719,80902
3407,0325	695,49249
3408,0168	678,69379
3409,0015	681,70477
3409,9858	668,90686
3410,9705	651,26489
3411,9551	659,38062
3412,9395	661,88464
3413,9241	665,28424
3414,9087	678,21619
3415,8931	695,99658
3416,8777	695,26544
3417,8621	691,06677
3418,8467	683,20386
3419,8313	682,48016
3420,8157	687,2121
3421,8003	694,89618
3422,7849	682,95764
3423,7693	675,22168
3424,7539	640,96869
3425,7383	674,07111
3426,7229	657,30103
3427,7075	675,56195
3428,6919	688,45746
3429,6765	679,10645
3430,6611	665,09222
3431,6455	661,56921
3432,6301	639,53046
3433,6147	609,95215
3434,5991	614,87604
3435,5837	658,82855
3436,5681	628,90228
3437,5527	663,48621
3438,5374	676,02661
3439,5217	659,18976
3440,5063	682,979
3441,491	664,86035
3442,4753	646,23199
3443,46	629,0614
3444,4443	653,97668
3445,429	644,71594
3446,4136	636,49481
3447,3979	635,93341
3448,3826	624,62994
3449,3672	620,10071
3450,3516	595,58502
3451,3362	582,6568
3452,3206	598,64392
3453,3052	611,41791
3454,2898	598,92499
3455,2742	628,21466
3456,2588	622,75897
3457,2434	641,11578
3458,2278	647,46606
3459,2124	648,82489
3460,197	628,45746
3461,1814	649,85809
3462,166	621,49512
3463,1504	625,23413
3464,135	639,98932
3465,1196	641,5506
3466,104	632,28516
3467,0886	607,46777
3468,0732	601,24829
3469,0576	587,55347
3470,0422	605,09369
3471,0266	622,11078
3472,0112	585,76404
3472,9958	627,86511
3473,9802	584,76685
3474,9648	555,85028
3475,9495	559,64502
3476,9338	506,47906
3477,9185	527,9892
3478,9028	570,25806
3479,8875	563,10791
3480,8721	611,52325
3481,8564	628,95709
3482,8411	608,51068
3483,8257	622,96283
3484,8101	581,57129
3485,7947	567,8501
3486,7793	589,11316
3487,7637	577,76947
3488,7483	558,91132
3489,7327	538,12048
3490,7173	508,72964
3491,7019	514,95941
3492,6863	525,79437
3493,6709	518,57611
3494,6555	554,42615
3495,6399	573,32056
3496,6245	566,21552
3497,6089	559,18256
3498,5935	599,80206
3499,5781	600,56
3500,5625	576,30743
3501,5471	526,8233
3502,5317	483,60394
3503,5161	495,22446
3504,5007	499,13715
3505,4854	455,51324
3506,4697	433,14084
3507,4543	405,80481
3508,4387	389,11053
3509,4233	393,06302
3510,408	411,27847
3511,3923	448,19745
3512,377	494,12393
3513,3616	524,80768
3514,3459	545,25537
3515,3306	529,64746
3516,3149	500,34586
3517,2996	468,48923
3518,2842	437,60837
3519,2686	423,92331
3520,2532	427,7583
3521,2378	419,40396
3522,2222	474,5148
3523,2068	461,02698
3524,1912	457,28833
3525,1758	469,41278
3526,1604	476,4281
3527,1448	430,22177
3528,1294	376,43924
3529,114	359,89517
3530,0984	328,16824
3531,083	349,47629
3532,0676	401,60651
3533,052	402,96005
3534,0366	426,58032
3535,021	458,50046
3536,0056	441,23993
3536,9902	394,1438
3537,9746	338,08432
3538,9592	347,47012
3539,9438	378,78815
3540,9282	456,19382
3541,9128	473,24915
3542,8972	467,40799
3543,8818	469,91721
3544,8665	472,91846
3545,8508	472,09177
3546,8354	493,14896
3547,8201	442,43942
3548,8044	359,98288
3549,7891	311,33917
3550,7734	264,25735
3551,7581	258,87329
3552,7427	251,7253
3553,7271	277,58951
3554,7117	316,18716
3555,6963	376,94778
3556,6807	442,82669
3557,6653	450,65271
3558,6499	444,09906
3559,6343	397,04239
3560,6189	329,16013
3561,6033	285,2149
3562,5879	310,6196
3563,5725	404,13068
3564,5569	437,56647
3565,5415	498,3739
3566,5261	519,96582
3567,5105	550,74078
3568,4951	543,42676
3569,4795	518,17999
3570,4641	464,26807
3571,4487	394,93259
3572,4331	314,89923
3573,4177	234,5993
3574,4023	215,92154
3575,3867	241,23822
3576,3713	321,55182
3577,356	360,12494
3578,3403	404,87527
3579,325	383,21851
3580,3093	360,03009
3581,2939	389,80188
3582,2786	427,22388
3583,2629	443,81754
3584,2476	467,88089
3585,2322	462,59177
3586,2166	479,70776
3587,2012	431,80203
3588,1855	406,96054
3589,1702	389,95972
3590,1548	393,18301
3591,1392	366,06845
3592,1238	388,16968
3593,1084	420,15781
3594,0928	459,82437
3595,0774	448,87326
3596,0618	389,73962
3597,0464	392,94714
3598,031	390,64102
3599,0154	404,37045
3600	436,19699
